0.0158598022
0.0161724727
0.0161724727
0.0158598022
0.0155471318
0.0152344613
0.0152344613
0.0152344613
0.0152344613
0.0149217908
0.0146091204
0.0142964499
0.0136711089
0.0136711089
0.0139837794
0.0142964499
0.0146091204
0.0158598022
0.0152344613
0.0152344613
0.0149217908
0.0149217908
0.0146091204
0.0139837794
0.0146091204
0.0152344613
0.0152344613
0.0155471318
0.0164851432
0.0167978137
0.0161724727
0.0161724727
0.0155471318
0.0142964499
0.0142964499
0.0130457680
0.0124204271
0.0121077566
0.0117950861
0.0121077566
0.0121077566
0.0124204271
0.0130457680
0.0133584385
0.0146091204
0.0161724727
0.0171104841
0.0177358251
0.0177358251
0.0183611660
0.0180484955
0.0180484955
0.0180484955
0.0177358251
0.0174231546
0.0171104841
0.0180484955
0.0174231546
0.0167978137
0.0161724727
0.0158598022
0.0149217908
0.0149217908
0.0146091204
0.0155471318
0.0158598022
0.0158598022
0.0164851432
0.0164851432
0.0167978137
0.0164851432
0.0171104841
0.0171104841
0.0177358251
0.0180484955
0.0186738365
0.0189865070
0.0196118479
0.0189865070
0.0189865070
0.0183611660
0.0177358251
0.0171104841
0.0161724727
0.0152344613
0.0149217908
0.0152344613
0.0152344613
0.0152344613
0.0149217908
0.0155471318
0.0158598022
0.0164851432
0.0171104841
0.0174231546
0.0171104841
0.0167978137
0.0164851432
0.0155471318
0.0149217908
0.0139837794
0.0139837794
0.0136711089
0.0136711089
0.0136711089
0.0139837794
0.0146091204
0.0152344613
0.0158598022
0.0161724727
0.0167978137
0.0167978137
0.0171104841
0.0177358251
0.0192991774
0.0202371888
0.0202371888
0.0199245184
0.0192991774
0.0177358251
0.0167978137
0.0164851432
0.0161724727
0.0158598022
0.0149217908
0.0146091204
0.0146091204
0.0146091204
0.0149217908
0.0158598022
0.0161724727
0.0171104841
0.0177358251
0.0183611660
0.0183611660
0.0183611660
0.0180484955
0.0177358251
0.0177358251
0.0177358251
0.0183611660
0.0189865070
0.0202371888
0.0199245184
0.0186738365
0.0183611660
0.0171104841
0.0164851432
0.0167978137
0.0174231546
0.0174231546
0.0180484955
0.0180484955
0.0177358251
0.0171104841
0.0171104841
0.0167978137
0.0171104841
0.0164851432
0.0177358251
0.0183611660
0.0196118479
0.0211752003
0.0221132117
0.0227385526
0.0230512231
0.0221132117
0.0211752003
0.0196118479
0.0189865070
0.0186738365
0.0186738365
0.0192991774
0.0196118479
0.0186738365
0.0186738365
0.0186738365
0.0180484955
0.0174231546
0.0171104841
0.0164851432
0.0164851432
0.0167978137
0.0180484955
0.0183611660
0.0192991774
0.0192991774
0.0186738365
0.0180484955
0.0174231546
0.0180484955
0.0192991774
0.0199245184
0.0211752003
0.0221132117
0.0227385526
0.0230512231
0.0233638936
0.0243019050
0.0246145754
0.0243019050
0.0239892345
0.0230512231
0.0218005412
0.0211752003
0.0205498593
0.0196118479
0.0183611660
0.0177358251
0.0177358251
0.0174231546
0.0164851432
0.0164851432
0.0164851432
0.0161724727
0.0158598022
0.0167978137
0.0174231546
0.0186738365
0.0186738365
0.0180484955
0.0174231546
0.0167978137
0.0164851432
0.0171104841
0.0177358251
0.0186738365
0.0202371888
0.0205498593
0.0208625298
0.0211752003
0.0211752003
0.0211752003
0.0211752003
0.0214878707
0.0218005412
0.0230512231
0.0239892345
0.0261779278
0.0280539506
0.0289919621
0.0296173030
0.0283666211
0.0261779278
0.0246145754
0.0224258821
0.0208625298
0.0205498593
0.0202371888
0.0192991774
0.0196118479
0.0196118479
0.0199245184
0.0199245184
0.0196118479
0.0199245184
0.0202371888
0.0208625298
0.0218005412
0.0221132117
0.0227385526
0.0224258821
0.0214878707
0.0211752003
0.0208625298
0.0205498593
0.0205498593
0.0205498593
0.0202371888
0.0196118479
0.0186738365
0.0177358251
0.0174231546
0.0171104841
0.0171104841
0.0183611660
0.0189865070
0.0196118479
0.0202371888
0.0199245184
0.0189865070
0.0186738365
0.0171104841
0.0171104841
0.0174231546
0.0186738365
0.0196118479
0.0211752003
0.0218005412
0.0221132117
0.0221132117
0.0218005412
0.0208625298
0.0211752003
0.0214878707
0.0224258821
0.0233638936
0.0239892345
0.0246145754
0.0258652573
0.0261779278
0.0255525869
0.0249272459
0.0243019050
0.0236765640
0.0230512231
0.0221132117
0.0214878707
0.0208625298
0.0205498593
0.0199245184
0.0202371888
0.0208625298
0.0221132117
0.0239892345
0.0252399164
0.0249272459
0.0230512231
0.0205498593
0.0183611660
0.0174231546
0.0174231546
0.0183611660
0.0196118479
0.0211752003
0.0218005412
0.0227385526
0.0249272459
0.0255525869
0.0243019050
0.0233638936
0.0236765640
0.0252399164
0.0255525869
0.0246145754
0.0239892345
0.0233638936
0.0221132117
0.0224258821
0.0205498593
0.0196118479
0.0196118479
0.0202371888
0.0214878707
0.0230512231
0.0252399164
0.0271159392
0.0283666211
0.0280539506
0.0274286097
0.0264905983
0.0252399164
0.0243019050
0.0243019050
0.0236765640
0.0239892345
0.0227385526
0.0221132117
0.0218005412
0.0214878707
0.0221132117
0.0227385526
0.0233638936
0.0227385526
0.0214878707
0.0208625298
0.0211752003
0.0218005412
0.0205498593
0.0211752003
0.0208625298
0.0208625298
0.0218005412
0.0236765640
0.0252399164
0.0268032688
0.0286792916
0.0302426440
0.0308679849
0.0296173030
0.0293046325
0.0280539506
0.0277412802
0.0274286097
0.0271159392
0.0268032688
0.0258652573
0.0243019050
0.0233638936
0.0214878707
0.0192991774
0.0183611660
0.0180484955
0.0177358251
0.0180484955
0.0192991774
0.0205498593
0.0205498593
0.0218005412
0.0218005412
0.0199245184
0.0218005412
0.0224258821
0.0239892345
0.0274286097
0.0280539506
0.0280539506
0.0277412802
0.0271159392
0.0271159392
0.0271159392
0.0261779278
0.0255525869
0.0236765640
0.0221132117
0.0224258821
0.0224258821
0.0230512231
0.0211752003
0.0205498593
0.0208625298
0.0214878707
0.0224258821
0.0239892345
0.0252399164
0.0277412802
0.0289919621
0.0293046325
0.0280539506
0.2497373275
1.7564968856
2.0860517532
2.0629141245
1.6986528165
0.2522386915
-0.0188466197
-0.0322914497
-0.0338548020
-0.0335421316
-0.0338548020
-0.0329167906
-0.0319787792
-0.0316661088
-0.0322914497
-0.0135312218
0.0268032688
-0.0150945741
-0.0272887223
-0.0326041202
-0.0338548020
-0.0335421316
-0.0335421316
-0.0332294611
-0.0326041202
-0.0326041202
-0.0329167906
-0.0329167906
-0.0322914497
-0.0329167906
-0.0329167906
-0.0326041202
-0.0329167906
-0.0326041202
-0.0322914497
-0.0319787792
-0.0322914497
-0.0319787792
-0.0319787792
-0.0319787792
-0.0319787792
-0.0319787792
-0.0316661088
-0.0316661088
-0.0316661088
-0.0313534383
-0.0313534383
-0.0313534383
-0.0313534383
-0.0313534383
-0.0313534383
-0.0313534383
-0.0307280974
-0.0307280974
-0.0310407679
-0.0313534383
-0.0310407679
-0.0310407679
-0.0310407679
-0.0307280974
-0.0307280974
-0.0304154269
-0.0307280974
-0.0304154269
-0.0304154269
-0.0301027565
-0.0304154269
-0.0304154269
-0.0301027565
-0.0297900860
-0.0301027565
-0.0304154269
-0.0304154269
-0.0297900860
-0.0297900860
-0.0294774155
-0.0301027565
-0.0297900860
-0.0294774155
-0.0291647451
-0.0291647451
-0.0288520746
-0.0297900860
-0.0301027565
-0.0294774155
-0.0291647451
-0.0288520746
-0.0291647451
-0.0285394041
-0.0279140632
-0.0279140632
-0.0285394041
-0.0301027565
-0.0301027565
-0.0307280974
-0.0294774155
-0.0291647451
-0.0288520746
-0.0285394041
-0.0276013927
0.3594846774
0.9976452865
0.8119189602
0.1212297536
-0.0251000290
-0.0329167906
-0.0332294611
-0.0326041202
-0.0322914497
-0.0322914497
-0.0319787792
-0.0310407679
-0.0313534383
-0.0316661088
-0.0319787792
-0.0326041202
-0.0329167906
-0.0322914497
-0.0316661088
-0.0301027565
-0.0301027565
-0.0307280974
-0.0326041202
-0.0335421316
-0.0326041202
-0.0319787792
-0.0319787792
-0.0316661088
-0.0310407679
-0.0310407679
-0.0313534383
-0.0310407679
-0.0307280974
-0.0310407679
-0.0310407679
-0.0310407679
-0.0310407679
-0.0304154269
-0.0307280974
-0.0310407679
-0.0304154269
-0.0304154269
-0.0301027565
-0.0304154269
-0.0304154269
-0.0304154269
-0.0304154269
-0.0304154269
-0.0301027565
-0.0301027565
-0.0297900860
-0.0297900860
-0.0294774155
-0.0294774155
-0.0297900860
-0.0291647451
-0.0291647451
-0.0294774155
-0.0291647451
-0.0291647451
-0.0291647451
-0.0291647451
-0.0288520746
-0.0291647451
-0.0288520746
-0.0285394041
-0.0285394041
-0.0282267337
-0.0285394041
-0.0282267337
-0.0282267337
-0.0285394041
-0.0282267337
-0.0282267337
-0.0285394041
-0.0285394041
-0.0285394041
-0.0279140632
-0.0276013927
-0.0279140632
-0.0282267337
-0.0288520746
-0.0285394041
-0.0282267337
-0.0282267337
-0.0285394041
-0.0282267337
-0.0279140632
-0.0279140632
-0.0272887223
-0.0279140632
-0.0279140632
-0.0272887223
-0.0279140632
-0.0276013927
-0.0276013927
-0.0272887223
-0.0272887223
-0.0272887223
-0.0269760518
-0.0272887223
-0.0266633814
-0.0263507109
-0.0272887223
-0.0269760518
-0.0266633814
-0.0263507109
-0.0266633814
-0.0266633814
-0.0260380404
-0.0260380404
-0.0263507109
-0.0260380404
-0.0263507109
-0.0263507109
-0.0263507109
-0.0260380404
-0.0263507109
-0.0257253700
-0.0254126995
-0.0260380404
-0.0257253700
-0.0254126995
-0.0257253700
-0.0257253700
-0.0260380404
-0.0254126995
-0.0254126995
-0.0251000290
-0.0260380404
-0.0254126995
-0.0254126995
-0.0254126995
-0.0260380404
-0.0254126995
-0.0254126995
-0.0251000290
-0.0251000290
-0.0247873586
-0.0254126995
-0.0254126995
-0.0254126995
-0.0251000290
-0.0251000290
-0.0251000290
-0.0251000290
-0.0251000290
-0.0251000290
-0.0251000290
-0.0247873586
-0.0247873586
-0.0247873586
-0.0247873586
-0.0251000290
-0.0244746881
-0.0241620176
-0.0247873586
-0.0247873586
-0.0241620176
-0.0241620176
-0.0241620176
-0.0241620176
-0.0244746881
-0.0241620176
-0.0238493472
-0.0235366767
-0.0241620176
-0.0235366767
-0.0238493472
-0.0235366767
-0.0238493472
-0.0238493472
-0.0238493472
-0.0235366767
-0.0238493472
-0.0235366767
-0.0232240062
-0.0235366767
-0.0232240062
-0.0232240062
-0.0238493472
-0.0235366767
-0.0232240062
-0.0229113358
-0.0232240062
-0.0232240062
-0.0235366767
-0.0232240062
-0.0232240062
-0.0232240062
-0.0232240062
-0.0229113358
-0.0229113358
-0.0229113358
-0.0229113358
-0.0229113358
-0.0225986653
-0.0232240062
-0.0232240062
-0.0229113358
-0.0229113358
-0.0225986653
-0.0225986653
-0.0222859948
-0.0225986653
-0.0222859948
-0.0222859948
-0.0225986653
-0.0219733244
-0.0219733244
-0.0222859948
-0.0222859948
-0.0225986653
-0.0225986653
-0.0222859948
-0.0216606539
-0.0222859948
-0.0219733244
-0.0219733244
-0.0213479835
-0.0216606539
-0.0213479835
-0.0216606539
-0.0219733244
-0.0213479835
-0.0219733244
-0.0213479835
-0.0213479835
-0.0210353130
-0.0213479835
-0.0210353130
-0.0216606539
-0.0213479835
-0.0216606539
-0.0210353130
-0.0210353130
-0.0207226425
-0.0210353130
-0.0210353130
-0.0210353130
-0.0204099721
-0.0204099721
-0.0207226425
-0.0207226425
-0.0207226425
-0.0204099721
-0.0207226425
-0.0204099721
-0.0204099721
-0.0204099721
-0.0207226425
-0.0204099721
-0.0204099721
-0.0200973016
-0.0197846311
-0.0200973016
-0.0207226425
-0.0197846311
-0.0200973016
-0.0197846311
-0.0200973016
-0.0204099721
-0.0200973016
-0.0197846311
-0.0200973016
-0.0197846311
-0.0200973016
-0.0200973016
-0.0200973016
-0.0194719607
-0.0194719607
-0.0197846311
-0.0194719607
-0.0194719607
-0.0194719607
-0.0191592902
-0.0191592902
-0.0197846311
-0.0194719607
-0.0191592902
-0.0197846311
-0.0191592902
-0.0191592902
-0.0191592902
-0.0191592902
-0.0194719607
-0.0191592902
-0.0188466197
-0.0182212788
-0.0185339493
-0.0188466197
-0.0182212788
-0.0188466197
-0.0185339493
-0.0182212788
-0.0188466197
-0.0182212788
-0.0185339493
-0.0188466197
-0.0188466197
-0.0182212788
-0.0188466197
-0.0188466197
-0.0182212788
-0.0179086083
-0.0182212788
-0.0179086083
-0.0175959379
-0.0175959379
-0.0179086083
-0.0179086083
-0.0175959379
-0.0172832674
-0.0179086083
-0.0172832674
-0.0175959379
-0.0179086083
-0.0172832674
-0.0175959379
-0.0175959379
-0.0172832674
-0.0179086083
-0.0172832674
-0.0175959379
-0.0172832674
-0.0169705969
-0.0172832674
-0.0166579265
-0.0166579265
-0.0166579265
-0.0166579265
-0.0166579265
-0.0166579265
-0.0166579265
-0.0166579265
-0.0166579265
-0.0169705969
-0.0169705969
-0.0166579265
-0.0163452560
-0.0160325855
-0.0160325855
-0.0169705969
-0.0169705969
-0.0163452560
-0.0166579265
-0.0166579265
-0.0163452560
-0.0166579265
-0.0163452560
-0.0166579265
-0.0166579265
-0.0169705969
-0.0169705969
-0.0163452560
-0.0169705969
-0.0163452560
-0.0163452560
-0.0166579265
-0.0163452560
-0.0163452560
-0.0160325855
-0.0160325855
-0.0157199151
-0.0160325855
-0.0163452560
-0.0163452560
-0.0163452560
-0.0166579265
-0.0163452560
-0.0160325855
-0.0157199151
-0.0160325855
-0.0157199151
-0.0157199151
-0.0157199151
-0.0157199151
-0.0154072446
-0.0154072446
-0.0150945741
-0.0154072446
-0.0157199151
-0.0154072446
-0.0154072446
-0.0154072446
-0.0157199151
-0.0157199151
-0.0150945741
-0.0150945741
-0.0154072446
-0.0157199151
-0.0154072446
-0.0154072446
-0.0154072446
-0.0154072446
-0.0150945741
-0.0144692332
-0.0154072446
-0.0144692332
-0.0154072446
-0.0154072446
-0.0147819037
-0.0150945741
-0.0150945741
-0.0150945741
-0.0144692332
-0.0150945741
-0.0147819037
-0.0147819037
-0.0141565627
-0.0144692332
-0.0147819037
-0.0147819037
-0.0147819037
-0.0141565627
-0.0144692332
-0.0144692332
-0.0141565627
-0.0147819037
-0.0144692332
-0.0144692332
-0.0141565627
-0.0141565627
-0.0144692332
-0.0144692332
-0.0141565627
-0.0141565627
-0.0141565627
-0.0141565627
-0.0141565627
-0.0141565627
-0.0138438923
-0.0141565627
-0.0138438923
-0.0141565627
-0.0138438923
-0.0135312218
-0.0135312218
-0.0132185513
-0.0132185513
-0.0132185513
-0.0135312218
-0.0135312218
-0.0132185513
-0.0138438923
-0.0135312218
-0.0138438923
-0.0135312218
-0.0135312218
-0.0138438923
-0.0135312218
-0.0138438923
-0.0135312218
-0.0132185513
-0.0135312218
-0.0129058809
-0.0129058809
-0.0132185513
-0.0132185513
-0.0132185513
-0.0129058809
-0.0132185513
-0.0125932104
-0.0132185513
-0.0132185513
-0.0132185513
-0.0129058809
-0.0132185513
-0.0125932104
-0.0129058809
-0.0132185513
-0.0132185513
-0.0129058809
-0.0132185513
-0.0129058809
-0.0125932104
-0.0129058809
-0.0132185513
-0.0129058809
-0.0132185513
-0.0132185513
-0.0132185513
-0.0132185513
-0.0129058809
-0.0132185513
-0.0129058809
-0.0129058809
-0.0129058809
-0.0129058809
-0.0129058809
-0.0125932104
-0.0129058809
-0.0129058809
-0.0129058809
-0.0129058809
-0.0132185513
-0.0125932104
-0.0129058809
-0.0129058809
-0.0125932104
-0.0122805399
-0.0125932104
-0.0119678695
-0.0122805399
-0.0122805399
-0.0125932104
-0.0116551990
-0.0119678695
-0.0119678695
-0.0119678695
-0.0119678695
-0.0122805399
-0.0122805399
-0.0122805399
-0.0122805399
-0.0122805399
-0.0119678695
-0.0125932104
-0.0116551990
-0.0116551990
-0.0122805399
-0.0119678695
-0.0125932104
-0.0122805399
-0.0122805399
-0.0125932104
-0.0125932104
-0.0119678695
-0.0125932104
-0.0119678695
-0.0122805399
-0.0122805399
-0.0125932104
-0.0122805399
-0.0122805399
-0.0125932104
-0.0122805399
-0.0125932104
-0.0122805399
-0.0119678695
-0.0119678695
-0.0122805399
-0.0125932104
-0.0119678695
-0.0119678695
-0.0116551990
-0.0122805399
-0.0119678695
-0.0125932104
-0.0119678695
-0.0119678695
-0.0119678695
-0.0116551990
-0.0122805399
-0.0113425285
-0.0119678695
-0.0119678695
-0.0116551990
-0.0116551990
-0.0113425285
-0.0113425285
-0.0107171876
-0.0113425285
-0.0110298581
-0.0107171876
-0.0107171876
-0.0116551990
-0.0110298581
-0.0110298581
-0.0113425285
-0.0116551990
-0.0110298581
-0.0110298581
-0.0113425285
-0.0110298581
-0.0107171876
-0.0110298581
-0.0110298581
-0.0104045171
-0.0100918467
-0.0107171876
-0.0107171876
-0.0107171876
-0.0104045171
-0.0104045171
-0.0104045171
-0.0104045171
-0.0100918467
-0.0104045171
-0.0097791762
-0.0100918467
-0.0104045171
-0.0097791762
-0.0100918467
-0.0100918467
-0.0100918467
-0.0097791762
-0.0097791762
-0.0097791762
-0.0097791762
-0.0100918467
-0.0100918467
-0.0094665057
-0.0094665057
-0.0097791762
-0.0094665057
-0.0100918467
-0.0100918467
-0.0094665057
-0.0097791762
-0.0104045171
-0.0097791762
-0.0097791762
-0.0094665057
-0.0094665057
-0.0097791762
-0.0100918467
-0.0094665057
-0.0100918467
-0.0094665057
-0.0094665057
-0.0100918467
-0.0094665057
-0.0100918467
-0.0091538353
-0.0094665057
-0.0091538353
-0.0094665057
-0.0094665057
-0.0091538353
-0.0097791762
-0.0094665057
-0.0094665057
-0.0094665057
-0.0094665057
-0.0091538353
-0.0091538353
-0.0088411648
-0.0091538353
-0.0088411648
-0.0094665057
-0.0091538353
-0.0085284943
-0.0088411648
-0.0091538353
-0.0091538353
-0.0085284943
-0.0091538353
-0.0091538353
-0.0085284943
-0.0088411648
-0.0082158239
-0.0088411648
-0.0091538353
-0.0091538353
-0.0082158239
-0.0091538353
-0.0079031534
-0.0085284943
-0.0082158239
-0.0085284943
-0.0091538353
-0.0088411648
-0.0085284943
-0.0088411648
-0.0082158239
-0.0079031534
-0.0085284943
-0.0082158239
-0.0079031534
-0.0082158239
-0.0079031534
-0.0079031534
-0.0079031534
-0.0079031534
-0.0079031534
-0.0082158239
-0.0079031534
-0.0079031534
-0.0079031534
-0.0082158239
-0.0079031534
-0.0079031534
-0.0079031534
-0.0079031534
-0.0079031534
-0.0075904829
-0.0079031534
-0.0075904829
-0.0079031534
-0.0079031534
-0.0079031534
-0.0079031534
-0.0079031534
-0.0079031534
-0.0079031534
-0.0082158239
-0.0079031534
-0.0079031534
-0.0085284943
-0.0082158239
-0.0075904829
-0.0072778125
-0.0085284943
-0.0079031534
-0.0082158239
-0.0079031534
-0.0082158239
-0.0079031534
-0.0079031534
-0.0079031534
-0.0075904829
-0.0079031534
-0.0075904829
-0.0075904829
-0.0079031534
-0.0079031534
-0.0082158239
-0.0082158239
-0.0085284943
-0.0079031534
-0.0079031534
-0.0079031534
-0.0079031534
-0.0079031534
-0.0075904829
-0.0079031534
-0.0079031534
-0.0079031534
-0.0079031534
-0.0079031534
-0.0075904829
-0.0079031534
-0.0072778125
-0.0069651420
-0.0075904829
-0.0072778125
-0.0075904829
-0.0079031534
-0.0075904829
-0.0075904829
-0.0075904829
-0.0075904829
-0.0072778125
-0.0079031534
-0.0075904829
-0.0069651420
-0.0072778125
-0.0072778125
-0.0072778125
-0.0072778125
-0.0072778125
-0.0072778125
-0.0075904829
-0.0075904829
-0.0072778125
-0.0072778125
-0.0066524715
-0.0072778125
-0.0072778125
-0.0069651420
-0.0075904829
-0.0069651420
-0.0069651420
-0.0066524715
-0.0072778125
-0.0066524715
-0.0066524715
-0.0066524715
-0.0072778125
-0.0069651420
-0.0069651420
-0.0066524715
-0.0066524715
-0.0069651420
-0.0069651420
-0.0069651420
-0.0072778125
-0.0069651420
-0.0066524715
-0.0069651420
-0.0069651420
-0.0072778125
-0.0069651420
-0.0069651420
-0.0069651420
-0.0066524715
-0.0072778125
-0.0069651420
-0.0069651420
-0.0066524715
-0.0066524715
-0.0066524715
-0.0069651420
-0.0069651420
-0.0072778125
-0.0069651420
-0.0069651420
-0.0072778125
-0.0069651420
-0.0075904829
-0.0066524715
-0.0066524715
-0.0075904829
-0.0072778125
-0.0069651420
-0.0072778125
-0.0069651420
-0.0069651420
-0.0066524715
-0.0069651420
-0.0069651420
-0.0072778125
-0.0072778125
-0.0072778125
-0.0072778125
-0.0069651420
-0.0072778125
-0.0066524715
-0.0069651420
-0.0069651420
-0.0072778125
-0.0069651420
-0.0069651420
-0.0069651420
-0.0072778125
-0.0069651420
-0.0069651420
-0.0063398011
-0.0063398011
-0.0063398011
-0.0066524715
-0.0063398011
-0.0063398011
-0.0066524715
-0.0063398011
-0.0063398011
-0.0066524715
-0.0063398011
-0.0069651420
-0.0069651420
-0.0066524715
-0.0063398011
-0.0063398011
-0.0069651420
-0.0063398011
-0.0063398011
-0.0066524715
-0.0060271306
-0.0060271306
-0.0063398011
-0.0060271306
-0.0060271306
-0.0060271306
-0.0060271306
-0.0054017897
-0.0060271306
-0.0063398011
-0.0063398011
-0.0060271306
-0.0057144601
-0.0057144601
-0.0060271306
-0.0057144601
-0.0057144601
-0.0060271306
-0.0054017897
-0.0057144601
-0.0057144601
-0.0050891192
-0.0057144601
-0.0050891192
-0.0060271306
-0.0057144601
-0.0057144601
-0.0057144601
-0.0050891192
-0.0054017897
-0.0057144601
-0.0054017897
-0.0060271306
-0.0057144601
-0.0057144601
-0.0057144601
-0.0057144601
-0.0060271306
-0.0057144601
-0.0057144601
-0.0057144601
-0.0054017897
-0.0054017897
-0.0054017897
-0.0054017897
-0.0054017897
-0.0054017897
-0.0054017897
-0.0057144601
-0.0057144601
-0.0057144601
-0.0057144601
-0.0054017897
-0.0060271306
-0.0057144601
-0.0050891192
-0.0057144601
-0.0060271306
-0.0057144601
-0.0060271306
-0.0060271306
-0.0057144601
-0.0057144601
-0.0050891192
-0.0057144601
-0.0050891192
-0.0057144601
-0.0054017897
-0.0050891192
-0.0050891192
-0.0054017897
-0.0050891192
-0.0054017897
-0.0057144601
-0.0054017897
-0.0054017897
-0.0060271306
-0.0054017897
-0.0050891192
-0.0054017897
-0.0054017897
-0.0054017897
-0.0050891192
-0.0050891192
-0.0050891192
-0.0050891192
-0.0047764487
-0.0050891192
-0.0047764487
-0.0047764487
-0.0047764487
-0.0047764487
-0.0047764487
-0.0041511078
-0.0054017897
-0.0047764487
-0.0044637783
-0.0047764487
-0.0047764487
-0.0047764487
-0.0041511078
-0.0041511078
-0.0044637783
-0.0044637783
-0.0044637783
-0.0050891192
-0.0044637783
-0.0044637783
-0.0041511078
-0.0041511078
-0.0044637783
-0.0041511078
-0.0041511078
-0.0041511078
-0.0044637783
-0.0044637783
-0.0047764487
-0.0047764487
-0.0044637783
-0.0047764487
-0.0044637783
-0.0044637783
-0.0050891192
-0.0041511078
-0.0044637783
-0.0044637783
-0.0044637783
-0.0041511078
-0.0041511078
-0.0044637783
-0.0044637783
-0.0041511078
-0.0044637783
-0.0038384373
-0.0044637783
-0.0041511078
-0.0044637783
-0.0038384373
-0.0038384373
-0.0041511078
-0.0041511078
-0.0041511078
-0.0038384373
-0.0041511078
-0.0041511078
-0.0038384373
-0.0038384373
-0.0041511078
-0.0041511078
-0.0038384373
-0.0041511078
-0.0044637783
-0.0041511078
-0.0041511078
-0.0041511078
-0.0041511078
-0.0041511078
-0.0035257669
-0.0041511078
-0.0041511078
-0.0041511078
-0.0044637783
-0.0041511078
-0.0041511078
-0.0038384373
-0.0038384373
-0.0041511078
-0.0041511078
-0.0041511078
-0.0035257669
-0.0038384373
-0.0041511078
-0.0041511078
-0.0041511078
-0.0041511078
-0.0038384373
-0.0035257669
-0.0035257669
-0.0035257669
-0.0041511078
-0.0038384373
-0.0038384373
-0.0035257669
-0.0038384373
-0.0032130964
-0.0041511078
-0.0035257669
-0.0035257669
-0.0035257669
-0.0038384373
-0.0035257669
-0.0038384373
-0.0032130964
-0.0038384373
-0.0035257669
-0.0035257669
-0.0035257669
-0.0035257669
-0.0032130964
-0.0032130964
-0.0032130964
-0.0035257669
-0.0029004259
-0.0032130964
-0.0032130964
-0.0032130964
-0.0029004259
-0.0032130964
-0.0038384373
-0.0029004259
-0.0029004259
-0.0032130964
-0.0032130964
-0.0035257669
-0.0032130964
-0.0032130964
-0.0032130964
-0.0032130964
-0.0035257669
-0.0032130964
-0.0029004259
-0.0029004259
-0.0035257669
-0.0032130964
-0.0035257669
-0.0038384373
-0.0035257669
-0.0032130964
-0.0032130964
-0.0032130964
-0.0032130964
-0.0035257669
-0.0029004259
-0.0032130964
-0.0029004259
-0.0029004259
-0.0032130964
-0.0032130964
-0.0035257669
-0.0035257669
-0.0029004259
-0.0029004259
-0.0032130964
-0.0032130964
-0.0029004259
-0.0032130964
-0.0032130964
-0.0032130964
-0.0029004259
-0.0022750850
-0.0032130964
-0.0029004259
-0.0032130964
-0.0029004259
-0.0029004259
-0.0029004259
-0.0029004259
-0.0029004259
-0.0025877555
-0.0025877555
-0.0029004259
-0.0032130964
-0.0025877555
-0.0029004259
-0.0029004259
-0.0032130964
-0.0029004259
-0.0032130964
-0.0032130964
-0.0032130964
-0.0029004259
-0.0035257669
-0.0029004259
-0.0032130964
-0.0029004259
-0.0029004259
-0.0029004259
-0.0032130964
-0.0032130964
-0.0032130964
-0.0032130964
-0.0029004259
-0.0029004259
-0.0025877555
-0.0029004259
-0.0029004259
-0.0029004259
-0.0029004259
-0.0032130964
-0.0029004259
-0.0029004259
-0.0029004259
-0.0029004259
-0.0029004259
-0.0029004259
-0.0032130964
-0.0025877555
-0.0032130964
-0.0032130964
-0.0029004259
-0.0032130964
-0.0022750850
-0.0032130964
-0.0032130964
-0.0032130964
-0.0029004259
-0.0032130964
-0.0029004259
-0.0029004259
-0.0029004259
-0.0032130964
-0.0029004259
-0.0022750850
-0.0029004259
-0.0029004259
-0.0029004259
-0.0025877555
-0.0032130964
-0.0029004259
-0.0025877555
-0.0025877555
-0.0029004259
-0.0025877555
-0.0025877555
-0.0025877555
-0.0029004259
-0.0029004259
-0.0029004259
-0.0032130964
-0.0025877555
-0.0029004259
-0.0029004259
-0.0025877555
-0.0025877555
-0.0025877555
-0.0025877555
-0.0029004259
-0.0029004259
-0.0025877555
-0.0022750850
-0.0025877555
-0.0025877555
-0.0025877555
-0.0029004259
-0.0022750850
-0.0029004259
-0.0029004259
-0.0032130964
-0.0029004259
-0.0029004259
-0.0032130964
-0.0025877555
-0.0025877555
-0.0029004259
-0.0025877555
-0.0025877555
-0.0029004259
-0.0025877555
-0.0025877555
-0.0025877555
-0.0025877555
-0.0025877555
-0.0025877555
-0.0025877555
-0.0025877555
-0.0025877555
-0.0029004259
-0.0029004259
-0.0029004259
-0.0025877555
-0.0025877555
-0.0025877555
-0.0025877555
-0.0022750850
-0.0029004259
-0.0022750850
-0.0022750850
-0.0025877555
-0.0019624145
-0.0025877555
-0.0019624145
-0.0019624145
-0.0025877555
-0.0019624145
-0.0022750850
-0.0022750850
-0.0022750850
-0.0022750850
-0.0022750850
-0.0029004259
-0.0025877555
-0.0022750850
-0.0029004259
-0.0019624145
-0.0022750850
-0.0019624145
-0.0022750850
-0.0019624145
-0.0019624145
-0.0022750850
-0.0019624145
-0.0019624145
-0.0016497441
-0.0016497441
-0.0019624145
-0.0016497441
-0.0016497441
-0.0013370736
-0.0016497441
-0.0016497441
-0.0013370736
-0.0013370736
-0.0022750850
-0.0013370736
-0.0019624145
-0.0016497441
-0.0013370736
-0.0019624145
-0.0019624145
-0.0016497441
-0.0016497441
-0.0016497441
-0.0016497441
-0.0022750850
-0.0019624145
-0.0016497441
-0.0013370736
-0.0019624145
-0.0019624145
-0.0019624145
-0.0016497441
-0.0019624145
-0.0013370736
-0.0013370736
-0.0013370736
-0.0013370736
-0.0013370736
-0.0013370736
-0.0016497441
-0.0016497441
-0.0019624145
-0.0013370736
-0.0016497441
-0.0016497441
-0.0016497441
-0.0019624145
-0.0013370736
-0.0022750850
-0.0013370736
-0.0010244031
-0.0016497441
-0.0013370736
-0.0010244031
-0.0019624145
-0.0016497441
-0.0016497441
-0.0013370736
-0.0013370736
-0.0013370736
-0.0013370736
-0.0013370736
-0.0019624145
-0.0019624145
-0.0016497441
-0.0019624145
-0.0013370736
-0.0016497441
-0.0013370736
-0.0016497441
-0.0016497441
-0.0016497441
-0.0016497441
-0.0013370736
-0.0016497441
-0.0019624145
-0.0019624145
-0.0016497441
-0.0019624145
-0.0019624145
-0.0016497441
-0.0013370736
-0.0016497441
-0.0013370736
-0.0013370736
-0.0013370736
-0.0013370736
-0.0016497441
-0.0013370736
-0.0016497441
-0.0013370736
-0.0013370736
-0.0016497441
-0.0010244031
-0.0016497441
-0.0013370736
-0.0016497441
-0.0013370736
-0.0016497441
-0.0013370736
-0.0016497441
-0.0013370736
-0.0013370736
-0.0016497441
-0.0013370736
-0.0013370736
-0.0016497441
-0.0016497441
-0.0013370736
-0.0016497441
-0.0013370736
-0.0010244031
-0.0010244031
-0.0013370736
-0.0013370736
-0.0013370736
-0.0013370736
-0.0007117326
-0.0010244031
-0.0010244031
-0.0013370736
-0.0003990622
-0.0007117326
-0.0013370736
-0.0013370736
-0.0010244031
-0.0010244031
-0.0016497441
-0.0013370736
-0.0010244031
-0.0019624145
-0.0007117326
-0.0010244031
-0.0010244031
-0.0010244031
-0.0010244031
-0.0010244031
-0.0007117326
-0.0013370736
-0.0010244031
-0.0016497441
-0.0013370736
-0.0013370736
-0.0013370736
-0.0013370736
-0.0013370736
-0.0016497441
-0.0013370736
-0.0010244031
-0.0013370736
-0.0013370736
-0.0013370736
-0.0010244031
-0.0010244031
-0.0010244031
-0.0010244031
-0.0007117326
-0.0010244031
-0.0013370736
-0.0010244031
-0.0010244031
-0.0010244031
-0.0013370736
-0.0013370736
-0.0013370736
-0.0013370736
-0.0007117326
-0.0010244031
-0.0010244031
-0.0010244031
-0.0013370736
-0.0007117326
-0.0013370736
-0.0013370736
-0.0010244031
-0.0013370736
-0.0007117326
-0.0010244031
-0.0007117326
-0.0010244031
-0.0013370736
-0.0010244031
-0.0013370736
-0.0010244031
-0.0010244031
-0.0010244031
-0.0013370736
-0.0010244031
-0.0007117326
-0.0010244031
-0.0010244031
-0.0007117326
-0.0013370736
-0.0010244031
-0.0010244031
-0.0007117326
-0.0010244031
-0.0007117326
-0.0010244031
-0.0003990622
-0.0010244031
-0.0007117326
-0.0007117326
-0.0007117326
-0.0007117326
-0.0013370736
-0.0007117326
-0.0007117326
-0.0010244031
-0.0010244031
-0.0007117326
-0.0013370736
-0.0013370736
-0.0007117326
-0.0010244031
-0.0010244031
-0.0010244031
-0.0007117326
-0.0010244031
-0.0007117326
-0.0010244031
-0.0013370736
-0.0007117326
-0.0007117326
-0.0007117326
-0.0013370736
-0.0007117326
-0.0010244031
-0.0010244031
-0.0010244031
-0.0010244031
-0.0010244031
-0.0007117326
-0.0007117326
-0.0007117326
-0.0010244031
-0.0013370736
-0.0010244031
-0.0007117326
-0.0007117326
-0.0010244031
-0.0007117326
-0.0007117326
-0.0013370736
-0.0010244031
-0.0013370736
-0.0013370736
-0.0007117326
-0.0010244031
-0.0010244031
-0.0010244031
-0.0007117326
-0.0010244031
-0.0010244031
-0.0013370736
-0.0010244031
-0.0010244031
-0.0013370736
-0.0010244031
-0.0013370736
-0.0007117326
-0.0010244031
-0.0010244031
-0.0010244031
-0.0010244031
-0.0010244031
-0.0010244031
-0.0007117326
-0.0010244031
-0.0007117326
-0.0010244031
-0.0010244031
-0.0007117326
-0.0003990622
-0.0007117326
-0.0010244031
-0.0013370736
-0.0007117326
-0.0010244031
-0.0010244031
-0.0010244031
-0.0007117326
-0.0007117326
-0.0007117326
-0.0007117326
-0.0003990622
-0.0007117326
-0.0003990622
-0.0007117326
-0.0003990622
-0.0007117326
-0.0007117326
-0.0007117326
-0.0007117326
-0.0007117326
-0.0007117326
-0.0007117326
-0.0003990622
-0.0007117326
-0.0000863917
-0.0010244031
-0.0003990622
-0.0007117326
-0.0000863917
-0.0000863917
-0.0000863917
-0.0003990622
-0.0003990622
-0.0003990622
-0.0003990622
-0.0000863917
-0.0003990622
0.0002262788
-0.0003990622
-0.0000863917
0.0002262788
-0.0000863917
-0.0000863917
-0.0003990622
-0.0000863917
-0.0000863917
-0.0003990622
-0.0000863917
-0.0000863917
0.0002262788
0.0002262788
-0.0003990622
-0.0000863917
-0.0000863917
-0.0003990622
-0.0007117326
-0.0000863917
-0.0003990622
-0.0000863917
-0.0003990622
0.0002262788
-0.0000863917
-0.0010244031
-0.0003990622
-0.0003990622
-0.0007117326
-0.0003990622
-0.0007117326
-0.0000863917
-0.0000863917
-0.0000863917
-0.0003990622
-0.0000863917
0.0002262788
-0.0000863917
-0.0000863917
-0.0003990622
-0.0007117326
-0.0003990622
-0.0003990622
-0.0003990622
-0.0003990622
-0.0000863917
0.0002262788
-0.0000863917
-0.0003990622
-0.0003990622
-0.0000863917
-0.0003990622
-0.0003990622
-0.0003990622
-0.0003990622
-0.0003990622
-0.0000863917
-0.0000863917
-0.0000863917
0.0002262788
-0.0003990622
-0.0003990622
-0.0000863917
-0.0000863917
0.0002262788
-0.0000863917
-0.0000863917
-0.0000863917
-0.0000863917
0.0002262788
-0.0000863917
-0.0003990622
-0.0000863917
-0.0000863917
-0.0000863917
-0.0003990622
-0.0000863917
-0.0003990622
-0.0000863917
0.0002262788
-0.0000863917
0.0002262788
-0.0000863917
-0.0003990622
-0.0003990622
-0.0000863917
0.0002262788
-0.0003990622
0.0002262788
-0.0003990622
-0.0000863917
-0.0003990622
-0.0000863917
-0.0000863917
-0.0003990622
-0.0003990622
0.0002262788
0.0002262788
-0.0003990622
-0.0003990622
-0.0000863917
-0.0003990622
-0.0003990622
-0.0000863917
-0.0003990622
-0.0003990622
-0.0000863917
-0.0003990622
0.0002262788
-0.0000863917
-0.0003990622
0.0002262788
0.0002262788
0.0002262788
-0.0000863917
-0.0000863917
0.0002262788
0.0002262788
-0.0003990622
0.0002262788
-0.0000863917
-0.0000863917
-0.0000863917
-0.0000863917
-0.0003990622
-0.0003990622
-0.0003990622
-0.0000863917
-0.0000863917
-0.0003990622
0.0002262788
-0.0003990622
-0.0000863917
-0.0000863917
-0.0000863917
-0.0003990622
-0.0000863917
-0.0000863917
-0.0000863917
-0.0003990622
-0.0000863917
0.0005389492
-0.0000863917
0.0002262788
-0.0000863917
-0.0003990622
0.0002262788
-0.0000863917
-0.0000863917
-0.0000863917
-0.0003990622
-0.0000863917
0.0002262788
-0.0000863917
-0.0000863917
-0.0000863917
0.0002262788
-0.0000863917
-0.0000863917
-0.0000863917
-0.0000863917
-0.0000863917
-0.0000863917
0.0002262788
0.0002262788
-0.0003990622
-0.0003990622
-0.0000863917
-0.0000863917
-0.0003990622
-0.0003990622
-0.0003990622
-0.0003990622
-0.0000863917
-0.0007117326
-0.0000863917
-0.0003990622
-0.0003990622
-0.0003990622
-0.0003990622
-0.0003990622
-0.0000863917
-0.0003990622
-0.0000863917
-0.0003990622
-0.0003990622
-0.0007117326
-0.0007117326
-0.0000863917
-0.0000863917
-0.0003990622
-0.0000863917
-0.0003990622
-0.0003990622
-0.0000863917
-0.0003990622
-0.0003990622
-0.0000863917
-0.0003990622
-0.0003990622
-0.0003990622
-0.0003990622
-0.0003990622
-0.0000863917
-0.0003990622
-0.0000863917
0.0002262788
-0.0003990622
-0.0003990622
-0.0000863917
-0.0000863917
-0.0000863917
-0.0000863917
0.0002262788
-0.0000863917
0.0002262788
0.0002262788
-0.0000863917
0.0002262788
-0.0003990622
0.0002262788
-0.0000863917
-0.0003990622
-0.0000863917
0.0002262788
-0.0000863917
0.0002262788
-0.0000863917
-0.0000863917
0.0005389492
0.0002262788
0.0002262788
0.0002262788
0.0002262788
0.0002262788
0.0005389492
0.0002262788
0.0002262788
0.0005389492
0.0002262788
-0.0000863917
0.0002262788
-0.0000863917
0.0005389492
0.0005389492
-0.0000863917
0.0002262788
0.0005389492
0.0002262788
0.0008516197
0.0005389492
0.0002262788
-0.0000863917
0.0002262788
-0.0000863917
0.0002262788
0.0005389492
0.0002262788
0.0002262788
0.0002262788
-0.0000863917
0.0002262788
0.0002262788
0.0005389492
0.0002262788
0.0005389492
0.0002262788
-0.0000863917
0.0002262788
0.0002262788
0.0002262788
0.0002262788
0.0002262788
0.0008516197
0.0008516197
-0.0000863917
0.0002262788
0.0002262788
0.0002262788
0.0002262788
-0.0000863917
0.0002262788
-0.0000863917
0.0002262788
-0.0000863917
0.0002262788
0.0002262788
-0.0000863917
0.0002262788
0.0002262788
0.0005389492
0.0002262788
-0.0000863917
-0.0000863917
-0.0000863917
-0.0000863917
0.0002262788
-0.0003990622
0.0002262788
-0.0003990622
0.0002262788
0.0002262788
-0.0000863917
0.0002262788
-0.0000863917
0.0005389492
0.0002262788
0.0002262788
0.0002262788
0.0002262788
0.0005389492
0.0002262788
0.0005389492
0.0008516197
0.0002262788
0.0005389492
-0.0000863917
-0.0000863917
0.0002262788
0.0002262788
0.0002262788
0.0005389492
0.0002262788
0.0008516197
0.0002262788
0.0002262788
0.0002262788
0.0002262788
0.0002262788
0.0002262788
0.0005389492
0.0008516197
0.0002262788
0.0002262788
0.0005389492
0.0002262788
0.0002262788
0.0002262788
0.0005389492
0.0002262788
0.0002262788
0.0002262788
0.0002262788
-0.0003990622
-0.0000863917
0.0002262788
0.0005389492
0.0002262788
0.0002262788
0.0005389492
0.0002262788
0.0002262788
0.0005389492
0.0008516197
0.0002262788
0.0002262788
0.0002262788
0.0005389492
0.0005389492
0.0008516197
-0.0000863917
0.0005389492
0.0002262788
0.0008516197
0.0002262788
0.0002262788
0.0002262788
0.0002262788
-0.0000863917
0.0005389492
0.0002262788
0.0008516197
0.0002262788
0.0002262788
0.0002262788
0.0005389492
0.0005389492
0.0005389492
0.0005389492
0.0005389492
0.0005389492
0.0008516197
0.0005389492
0.0005389492
0.0005389492
0.0002262788
0.0005389492
0.0008516197
0.0008516197
0.0008516197
0.0008516197
0.0005389492
0.0005389492
0.0005389492
0.0005389492
0.0005389492
0.0005389492
0.0005389492
0.0008516197
0.0008516197
0.0008516197
0.0008516197
0.0008516197
0.0005389492
0.0005389492
0.0008516197
0.0005389492
0.0008516197
0.0014769606
0.0002262788
0.0005389492
0.0014769606
0.0011642902
0.0011642902
0.0008516197
0.0008516197
0.0008516197
0.0005389492
0.0008516197
0.0005389492
0.0008516197
0.0008516197
0.0005389492
0.0005389492
0.0008516197
0.0005389492
0.0002262788
0.0008516197
0.0008516197
0.0005389492
0.0011642902
0.0008516197
0.0008516197
0.0002262788
0.0005389492
0.0005389492
0.0008516197
0.0008516197
0.0005389492
0.0002262788
0.0002262788
0.0008516197
0.0002262788
0.0002262788
0.0005389492
0.0005389492
0.0008516197
0.0008516197
0.0005389492
0.0005389492
0.0005389492
0.0008516197
0.0008516197
0.0005389492
0.0002262788
0.0008516197
0.0005389492
0.0005389492
0.0008516197
0.0005389492
0.0005389492
0.0005389492
0.0008516197
0.0005389492
0.0008516197
0.0005389492
0.0002262788
0.0005389492
0.0002262788
0.0005389492
0.0005389492
0.0008516197
0.0008516197
0.0005389492
0.0008516197
0.0005389492
0.0008516197
0.0002262788
0.0005389492
0.0005389492
0.0008516197
0.0008516197
0.0008516197
0.0008516197
0.0008516197
0.0014769606
0.0008516197
0.0005389492
0.0008516197
0.0008516197
0.0005389492
0.0005389492
0.0008516197
0.0005389492
0.0005389492
0.0008516197
0.0005389492
0.0011642902
0.0011642902
0.0008516197
0.0008516197
0.0008516197
0.0008516197
0.0008516197
0.0008516197
0.0011642902
0.0008516197
0.0008516197
0.0008516197
0.0005389492
0.0008516197
0.0008516197
0.0011642902
0.0011642902
0.0008516197
0.0008516197
0.0008516197
0.0005389492
0.0008516197
0.0002262788
0.0005389492
0.0005389492
0.0008516197
0.0005389492
0.0008516197
0.0002262788
0.0005389492
0.0005389492
0.0008516197
0.0002262788
0.0005389492
0.0005389492
0.0008516197
0.0005389492
0.0005389492
0.0002262788
0.0002262788
0.0005389492
0.0008516197
0.0002262788
0.0002262788
0.0002262788
0.0005389492
-0.0000863917
-0.0000863917
0.0005389492
0.0008516197
0.0002262788
0.0002262788
0.0005389492
0.0005389492
0.0002262788
0.0002262788
0.0002262788
0.0002262788
0.0002262788
0.0002262788
0.0002262788
-0.0000863917
0.0005389492
0.0005389492
0.0002262788
0.0005389492
0.0002262788
-0.0000863917
0.0002262788
0.0002262788
-0.0000863917
0.0002262788
0.0002262788
-0.0000863917
0.0002262788
0.0005389492
0.0005389492
-0.0000863917
0.0002262788
0.0002262788
0.0002262788
0.0002262788
0.0005389492
-0.0000863917
0.0002262788
-0.0000863917
0.0002262788
0.0002262788
0.0005389492
0.0005389492
-0.0000863917
0.0005389492
0.0005389492
0.0002262788
0.0002262788
0.0002262788
0.0005389492
-0.0000863917
0.0002262788
0.0005389492
0.0002262788
0.0002262788
0.0005389492
0.0005389492
0.0005389492
0.0005389492
0.0005389492
0.0005389492
0.0002262788
0.0005389492
0.0005389492
0.0008516197
0.0005389492
0.0008516197
0.0005389492
0.0005389492
0.0008516197
0.0011642902
0.0008516197
0.0005389492
0.0002262788
0.0002262788
0.0008516197
0.0005389492
0.0008516197
0.0005389492
0.0008516197
0.0005389492
0.0005389492
0.0008516197
0.0008516197
0.0005389492
0.0011642902
0.0011642902
0.0008516197
0.0008516197
0.0002262788
0.0008516197
0.0011642902
0.0005389492
0.0008516197
0.0005389492
0.0011642902
0.0008516197
0.0011642902
0.0008516197
0.0008516197
0.0005389492
0.0008516197
0.0008516197
0.0011642902
0.0008516197
0.0008516197
0.0011642902
0.0011642902
0.0005389492
0.0011642902
0.0014769606
0.0008516197
0.0017896311
0.0011642902
0.0011642902
0.0014769606
0.0011642902
0.0014769606
0.0008516197
0.0005389492
0.0008516197
0.0008516197
0.0011642902
0.0008516197
0.0008516197
0.0011642902
0.0008516197
0.0005389492
0.0008516197
0.0008516197
0.0011642902
0.0011642902
0.0008516197
0.0005389492
0.0008516197
0.0008516197
0.0017896311
0.0011642902
0.0014769606
0.0011642902
0.0008516197
0.0008516197
0.0011642902
0.0008516197
0.0008516197
0.0011642902
0.0008516197
0.0008516197
0.0008516197
0.0008516197
0.0008516197
0.0011642902
0.0008516197
0.0011642902
0.0014769606
0.0008516197
0.0011642902
0.0008516197
0.0011642902
0.0014769606
0.0008516197
0.0011642902
0.0008516197
0.0005389492
0.0008516197
0.0008516197
0.0008516197
0.0008516197
0.0008516197
0.0005389492
0.0008516197
0.0011642902
0.0011642902
0.0011642902
0.0008516197
0.0011642902
0.0011642902
0.0011642902
0.0011642902
0.0008516197
0.0008516197
0.0011642902
0.0014769606
0.0011642902
0.0008516197
0.0008516197
0.0014769606
0.0011642902
0.0011642902
0.0014769606
0.0014769606
0.0014769606
0.0017896311
0.0011642902
0.0008516197
0.0014769606
0.0014769606
0.0008516197
0.0011642902
0.0011642902
0.0011642902
0.0008516197
0.0011642902
0.0011642902
0.0008516197
0.0008516197
0.0011642902
0.0005389492
0.0011642902
0.0005389492
0.0011642902
0.0008516197
0.0011642902
0.0008516197
0.0005389492
0.0008516197
0.0008516197
0.0008516197
0.0005389492
0.0008516197
0.0005389492
0.0008516197
0.0008516197
0.0008516197
0.0002262788
0.0005389492
0.0005389492
0.0008516197
0.0008516197
0.0008516197
0.0005389492
0.0005389492
0.0008516197
0.0008516197
0.0005389492
0.0005389492
0.0011642902
0.0008516197
0.0008516197
0.0008516197
0.0008516197
0.0005389492
0.0008516197
0.0011642902
0.0008516197
0.0002262788
0.0008516197
0.0011642902
0.0008516197
0.0008516197
0.0002262788
0.0005389492
0.0008516197
0.0011642902
0.0008516197
0.0011642902
0.0005389492
0.0011642902
0.0008516197
0.0008516197
0.0005389492
0.0011642902
0.0008516197
0.0011642902
0.0008516197
0.0008516197
0.0008516197
0.0005389492
0.0011642902
0.0008516197
0.0008516197
0.0008516197
0.0005389492
0.0008516197
0.0011642902
0.0011642902
0.0011642902
0.0011642902
0.0008516197
0.0011642902
0.0011642902
0.0011642902
0.0005389492
0.0008516197
0.0008516197
0.0011642902
0.0008516197
0.0008516197
0.0008516197
0.0008516197
0.0008516197
0.0011642902
0.0008516197
0.0008516197
0.0005389492
0.0008516197
0.0011642902
0.0011642902
0.0005389492
0.0002262788
0.0014769606
0.0008516197
0.0008516197
0.0011642902
0.0014769606
0.0008516197
0.0005389492
0.0008516197
0.0014769606
0.0008516197
0.0008516197
0.0005389492
0.0008516197
0.0011642902
0.0005389492
0.0005389492
0.0008516197
0.0008516197
0.0008516197
0.0008516197
0.0008516197
0.0008516197
0.0008516197
0.0008516197
0.0002262788
0.0005389492
0.0008516197
0.0005389492
0.0002262788
0.0011642902
0.0002262788
0.0008516197
0.0008516197
0.0008516197
0.0011642902
0.0008516197
0.0008516197
0.0002262788
0.0002262788
0.0005389492
0.0008516197
0.0005389492
0.0008516197
0.0008516197
0.0008516197
0.0008516197
0.0008516197
0.0011642902
0.0008516197
0.0002262788
0.0008516197
0.0008516197
0.0005389492
0.0008516197
0.0005389492
0.0008516197
0.0005389492
0.0005389492
0.0002262788
0.0008516197
0.0008516197
0.0005389492
0.0005389492
0.0008516197
0.0008516197
0.0011642902
0.0002262788
0.0014769606
0.0011642902
0.0008516197
0.0008516197
0.0011642902
0.0008516197
0.0005389492
0.0008516197
0.0011642902
0.0011642902
0.0011642902
0.0008516197
0.0008516197
0.0008516197
0.0008516197
0.0011642902
0.0008516197
0.0008516197
0.0011642902
0.0008516197
0.0008516197
0.0008516197
0.0014769606
0.0011642902
0.0011642902
0.0008516197
0.0011642902
0.0008516197
0.0011642902
0.0008516197
0.0008516197
0.0008516197
0.0011642902
0.0011642902
0.0011642902
0.0011642902
0.0014769606
0.0008516197
0.0011642902
0.0014769606
0.0017896311
0.0014769606
0.0008516197
0.0008516197
0.0011642902
0.0011642902
0.0011642902
0.0008516197
0.0008516197
0.0008516197
0.0011642902
0.0011642902
0.0014769606
0.0005389492
0.0011642902
0.0011642902
0.0008516197
0.0008516197
0.0008516197
0.0008516197
0.0008516197
0.0008516197
0.0011642902
0.0011642902
0.0005389492
0.0005389492
0.0011642902
0.0014769606
0.0008516197
0.0011642902
0.0021023016
0.0011642902
0.0011642902
0.0014769606
0.0014769606
0.0014769606
0.0011642902
0.0011642902
0.0017896311
0.0014769606
0.0011642902
0.0008516197
0.0017896311
0.0011642902
0.0011642902
0.0014769606
0.0011642902
0.0011642902
0.0011642902
0.0008516197
0.0011642902
0.0011642902
0.0014769606
0.0011642902
0.0011642902
0.0011642902
0.0011642902
0.0008516197
0.0008516197
0.0014769606
0.0011642902
0.0011642902
0.0011642902
0.0008516197
0.0014769606
0.0008516197
0.0011642902
0.0014769606
0.0011642902
0.0008516197
0.0011642902
0.0011642902
0.0017896311
0.0008516197
0.0014769606
0.0011642902
0.0011642902
0.0011642902
0.0008516197
0.0014769606
0.0011642902
0.0011642902
0.0005389492
0.0008516197
0.0011642902
0.0008516197
0.0011642902
0.0011642902
0.0014769606
0.0008516197
0.0011642902
0.0011642902
0.0017896311
0.0014769606
0.0014769606
0.0011642902
0.0014769606
0.0008516197
0.0011642902
0.0011642902
0.0011642902
0.0008516197
0.0011642902
0.0011642902
0.0014769606
0.0011642902
0.0011642902
0.0011642902
0.0008516197
0.0008516197
0.0011642902
0.0014769606
0.0008516197
0.0011642902
0.0014769606
0.0014769606
0.0011642902
0.0011642902
0.0014769606
0.0011642902
0.0017896311
0.0014769606
0.0014769606
0.0017896311
0.0011642902
0.0014769606
0.0014769606
0.0011642902
0.0017896311
0.0014769606
0.0014769606
0.0011642902
0.0011642902
0.0014769606
0.0011642902
0.0008516197
0.0011642902
0.0011642902
0.0014769606
0.0017896311
0.0014769606
0.0014769606
0.0008516197
0.0011642902
0.0008516197
0.0011642902
0.0014769606
0.0014769606
0.0014769606
0.0008516197
0.0011642902
0.0017896311
0.0008516197
0.0011642902
0.0008516197
0.0011642902
0.0014769606
0.0008516197
0.0008516197
0.0011642902
0.0014769606
0.0011642902
0.0008516197
0.0008516197
0.0011642902
0.0011642902
0.0008516197
0.0011642902
0.0008516197
0.0011642902
0.0011642902
0.0011642902
0.0014769606
0.0008516197
0.0011642902
0.0011642902
0.0008516197
0.0011642902
0.0011642902
0.0011642902
0.0008516197
0.0008516197
0.0014769606
0.0008516197
0.0011642902
0.0011642902
0.0008516197
0.0008516197
0.0011642902
0.0008516197
0.0008516197
0.0011642902
0.0008516197
0.0008516197
0.0008516197
0.0008516197
0.0008516197
0.0008516197
0.0008516197
0.0008516197
0.0008516197
0.0011642902
0.0011642902
0.0011642902
0.0011642902
0.0011642902
0.0008516197
0.0011642902
0.0008516197
0.0005389492
0.0011642902
0.0011642902
0.0011642902
0.0008516197
0.0011642902
0.0011642902
0.0008516197
0.0011642902
0.0008516197
0.0008516197
0.0011642902
0.0011642902
0.0008516197
0.0008516197
0.0011642902
0.0008516197
0.0011642902
0.0011642902
0.0011642902
0.0011642902
0.0014769606
0.0008516197
0.0011642902
0.0014769606
0.0008516197
0.0008516197
0.0014769606
0.0017896311
0.0011642902
0.0017896311
0.0014769606
0.0014769606
0.0008516197
0.0014769606
0.0008516197
0.0011642902
0.0011642902
0.0011642902
0.0008516197
0.0011642902
0.0008516197
0.0008516197
0.0014769606
0.0014769606
0.0011642902
0.0014769606
0.0011642902
0.0014769606
0.0011642902
0.0014769606
0.0005389492
0.0011642902
0.0014769606
0.0017896311
0.0014769606
0.0011642902
0.0008516197
0.0014769606
0.0014769606
0.0017896311
0.0011642902
0.0014769606
0.0014769606
0.0014769606
0.0011642902
0.0014769606
0.0017896311
0.0014769606
0.0017896311
0.0014769606
0.0014769606
0.0011642902
0.0017896311
0.0011642902
0.0011642902
0.0011642902
0.0011642902
0.0011642902
0.0014769606
0.0014769606
0.0014769606
0.0014769606
0.0014769606
0.0008516197
0.0011642902
0.0011642902
0.0017896311
0.0011642902
0.0014769606
0.0014769606
0.0014769606
0.0014769606
0.0014769606
0.0014769606
0.0011642902
0.0011642902
0.0008516197
0.0014769606
0.0011642902
0.0014769606
0.0017896311
0.0017896311
0.0011642902
0.0008516197
0.0011642902
0.0011642902
0.0008516197
0.0011642902
0.0008516197
0.0011642902
0.0005389492
0.0011642902
0.0011642902
0.0014769606
0.0011642902
0.0008516197
0.0011642902
0.0008516197
0.0008516197
0.0011642902
0.0008516197
0.0008516197
0.0011642902
0.0008516197
0.0011642902
0.0014769606
0.0008516197
0.0011642902
0.0011642902
0.0011642902
0.0014769606
0.0011642902
0.0008516197
0.0008516197
0.0011642902
0.0008516197
0.0005389492
0.0011642902
0.0011642902
0.0014769606
0.0011642902
0.0008516197
0.0011642902
0.0011642902
0.0008516197
0.0008516197
0.0008516197
0.0014769606
0.0014769606
0.0008516197
0.0014769606
0.0014769606
0.0008516197
0.0008516197
0.0011642902
0.0011642902
0.0011642902
0.0005389492
0.0008516197
0.0011642902
0.0011642902
0.0008516197
0.0011642902
0.0011642902
0.0008516197
0.0014769606
0.0011642902
0.0014769606
0.0011642902
0.0014769606
0.0014769606
0.0011642902
0.0011642902
0.0014769606
0.0017896311
0.0014769606
0.0011642902
0.0017896311
0.0017896311
0.0011642902
0.0011642902
0.0017896311
0.0014769606
0.0014769606
0.0011642902
0.0011642902
0.0011642902
0.0011642902
0.0011642902
0.0014769606
0.0011642902
0.0011642902
0.0011642902
0.0011642902
0.0011642902
0.0014769606
0.0011642902
0.0005389492
0.0008516197
0.0014769606
0.0014769606
0.0014769606
0.0014769606
0.0011642902
0.0005389492
0.0014769606
0.0008516197
0.0014769606
0.0011642902
0.0014769606
0.0017896311
0.0011642902
0.0014769606
0.0011642902
0.0008516197
0.0011642902
0.0014769606
0.0008516197
0.0014769606
0.0011642902
0.0008516197
0.0014769606
0.0011642902
0.0008516197
0.0014769606
0.0014769606
0.0011642902
0.0011642902
0.0011642902
0.0014769606
0.0011642902
0.0011642902
0.0008516197
0.0011642902
0.0011642902
0.0011642902
0.0011642902
0.0011642902
0.0008516197
0.0008516197
0.0014769606
0.0011642902
0.0008516197
0.0011642902
0.0011642902
0.0011642902
0.0017896311
0.0008516197
0.0011642902
0.0014769606
0.0014769606
0.0014769606
0.0008516197
0.0008516197
0.0014769606
0.0011642902
0.0011642902
0.0011642902
0.0008516197
0.0011642902
0.0011642902
0.0014769606
0.0008516197
0.0011642902
0.0011642902
0.0008516197
0.0008516197
0.0008516197
0.0011642902
0.0008516197
0.0008516197
0.0011642902
0.0014769606
0.0014769606
0.0008516197
0.0005389492
0.0014769606
0.0011642902
0.0014769606
0.0011642902
0.0014769606
0.0008516197
0.0011642902
0.0011642902
0.0014769606
0.0014769606
0.0011642902
0.0011642902
0.0011642902
0.0014769606
0.0011642902
0.0014769606
0.0014769606
0.0017896311
0.0008516197
0.0008516197
0.0017896311
0.0011642902
0.0011642902
0.0014769606
0.0014769606
0.0011642902
0.0014769606
0.0011642902
0.0021023016
0.0014769606
0.0021023016
0.0014769606
0.0017896311
0.0011642902
0.0008516197
0.0011642902
0.0011642902
0.0011642902
0.0014769606
0.0014769606
0.0011642902
0.0014769606
0.0011642902
0.0011642902
0.0011642902
0.0014769606
0.0008516197
0.0011642902
0.0011642902
0.0014769606
0.0011642902
0.0011642902
0.0014769606
0.0011642902
0.0014769606
0.0017896311
0.0014769606
0.0008516197
0.0011642902
0.0011642902
0.0021023016
0.0017896311
0.0011642902
0.0017896311
0.0014769606
0.0014769606
0.0011642902
0.0014769606
0.0011642902
0.0014769606
0.0011642902
0.0011642902
0.0014769606
0.0011642902
0.0014769606
0.0014769606
0.0008516197
0.0014769606
0.0014769606
0.0008516197
0.0011642902
0.0011642902
0.0011642902
0.0011642902
0.0011642902
0.0014769606
0.0017896311
0.0011642902
0.0014769606
0.0008516197
0.0011642902
0.0011642902
0.0011642902
0.0008516197
0.0011642902
0.0014769606
0.0011642902
0.0008516197
0.0008516197
0.0008516197
0.0017896311
0.0008516197
0.0014769606
0.0011642902
0.0008516197
0.0014769606
0.0011642902
0.0008516197
0.0011642902
0.0008516197
0.0008516197
0.0008516197
0.0011642902
0.0014769606
0.0011642902
0.0008516197
0.0011642902
0.0008516197
0.0011642902
0.0014769606
0.0011642902
0.0011642902
0.0011642902
0.0008516197
0.0008516197
0.0011642902
0.0011642902
0.0008516197
0.0011642902
0.0011642902
0.0008516197
0.0008516197
0.0008516197
0.0005389492
0.0011642902
0.0014769606
0.0011642902
0.0017896311
0.0014769606
0.0011642902
0.0008516197
0.0011642902
0.0011642902
0.0014769606
0.0011642902
0.0011642902
0.0011642902
0.0014769606
0.0011642902
0.0014769606
0.0011642902
0.0011642902
0.0014769606
0.0014769606
0.0014769606
0.0011642902
0.0014769606
0.0017896311
0.0011642902
0.0011642902
0.0011642902
0.0017896311
0.0011642902
0.0014769606
0.0017896311
0.0008516197
0.0008516197
0.0014769606
0.0014769606
0.0008516197
0.0011642902
0.0017896311
0.0011642902
0.0014769606
0.0014769606
0.0021023016
0.0014769606
0.0011642902
0.0014769606
0.0008516197
0.0011642902
0.0017896311
0.0014769606
0.0011642902
0.0011642902
0.0011642902
0.0017896311
0.0014769606
0.0017896311
0.0011642902
0.0014769606
0.0014769606
0.0011642902
0.0014769606
0.0014769606
0.0014769606
0.0014769606
0.0011642902
0.0021023016
0.0021023016
0.0017896311
0.0011642902
0.0011642902
0.0011642902
0.0017896311
0.0014769606
0.0014769606
0.0014769606
0.0011642902
0.0014769606
0.0008516197
0.0014769606
0.0008516197
0.0017896311
0.0008516197
0.0011642902
0.0008516197
0.0008516197
0.0011642902
0.0011642902
0.0008516197
0.0011642902
0.0017896311
0.0014769606
0.0011642902
0.0011642902
0.0011642902
0.0014769606
0.0011642902
0.0011642902
0.0011642902
0.0008516197
0.0011642902
0.0011642902
0.0011642902
0.0008516197
0.0011642902
0.0011642902
0.0014769606
0.0008516197
0.0005389492
0.0008516197
0.0011642902
0.0011642902
0.0008516197
0.0008516197
0.0011642902
0.0008516197
0.0014769606
0.0008516197
0.0011642902
0.0011642902
0.0011642902
0.0011642902
0.0008516197
0.0014769606
0.0008516197
0.0011642902
0.0014769606
0.0008516197
0.0011642902
0.0011642902
0.0011642902
0.0014769606
0.0014769606
0.0008516197
0.0011642902
0.0014769606
0.0014769606
0.0008516197
0.0014769606
0.0011642902
0.0017896311
0.0014769606
0.0014769606
0.0008516197
0.0008516197
0.0014769606
0.0014769606
0.0014769606
0.0011642902
0.0011642902
0.0017896311
0.0008516197
0.0017896311
0.0011642902
0.0014769606
0.0014769606
0.0017896311
0.0008516197
0.0011642902
0.0011642902
0.0014769606
0.0017896311
0.0017896311
0.0014769606
0.0017896311
0.0011642902
0.0014769606
0.0014769606
0.0011642902
0.0011642902
0.0014769606
0.0014769606
0.0017896311
0.0014769606
0.0008516197
0.0017896311
0.0014769606
0.0011642902
0.0011642902
0.0008516197
0.0014769606
0.0011642902
0.0011642902
0.0014769606
0.0011642902
0.0011642902
0.0011642902
0.0011642902
0.0014769606
0.0011642902
0.0008516197
0.0008516197
0.0011642902
0.0011642902
0.0011642902
0.0011642902
0.0008516197
0.0011642902
0.0011642902
0.0008516197
0.0014769606
0.0011642902
0.0008516197
0.0011642902
0.0008516197
0.0008516197
0.0011642902
0.0011642902
0.0014769606
0.0008516197
0.0011642902
0.0008516197
0.0014769606
0.0011642902
0.0008516197
0.0011642902
0.0011642902
0.0014769606
0.0008516197
0.0021023016
0.0014769606
0.0008516197
0.0017896311
0.0011642902
0.0014769606
0.0014769606
0.0014769606
0.0011642902
0.0014769606
0.0008516197
0.0011642902
0.0008516197
0.0011642902
0.0011642902
0.0014769606
0.0008516197
0.0011642902
0.0017896311
0.0011642902
0.0011642902
0.0011642902
0.0011642902
0.0011642902
0.0014769606
0.0008516197
0.0014769606
0.0014769606
0.0017896311
0.0017896311
0.0011642902
0.0011642902
0.0011642902
0.0011642902
0.0017896311
0.0021023016
0.0014769606
0.0017896311
0.0017896311
0.0014769606
0.0008516197
0.0017896311
0.0011642902
0.0011642902
0.0011642902
0.0017896311
0.0014769606
0.0014769606
0.0011642902
0.0011642902
0.0011642902
0.0011642902
0.0014769606
0.0014769606
0.0014769606
0.0014769606
0.0011642902
0.0014769606
0.0011642902
0.0014769606
0.0014769606
0.0014769606
0.0017896311
0.0008516197
0.0011642902
0.0008516197
0.0011642902
0.0011642902
0.0014769606
0.0011642902
0.0014769606
0.0014769606
0.0011642902
0.0008516197
0.0017896311
0.0014769606
0.0017896311
0.0014769606
0.0014769606
0.0017896311
0.0014769606
0.0017896311
0.0017896311
0.0014769606
0.0011642902
0.0014769606
0.0014769606
0.0014769606
0.0008516197
0.0014769606
0.0011642902
0.0014769606
0.0014769606
0.0017896311
0.0014769606
0.0011642902
0.0014769606
0.0017896311
0.0011642902
0.0014769606
0.0011642902
0.0017896311
0.0011642902
0.0014769606
0.0011642902
0.0014769606
0.0017896311
0.0014769606
0.0011642902
0.0017896311
0.0014769606
0.0021023016
0.0014769606
0.0017896311
0.0014769606
0.0011642902
0.0014769606
0.0017896311
0.0011642902
0.0014769606
0.0014769606
0.0017896311
0.0017896311
0.0017896311
0.0017896311
0.0014769606
0.0017896311
0.0014769606
0.0011642902
0.0017896311
0.0017896311
0.0014769606
0.0011642902
0.0014769606
0.0008516197
0.0014769606
0.0011642902
0.0008516197
0.0011642902
0.0008516197
0.0011642902
0.0014769606
0.0011642902
0.0011642902
0.0014769606
0.0008516197
0.0014769606
0.0014769606
0.0017896311
0.0014769606
0.0011642902
0.0014769606
0.0014769606
0.0014769606
0.0017896311
0.0017896311
0.0011642902
0.0017896311
0.0008516197
0.0008516197
0.0014769606
0.0017896311
0.0014769606
0.0008516197
0.0008516197
0.0008516197
0.0008516197
0.0017896311
0.0011642902
0.0011642902
0.0011642902
0.0014769606
0.0011642902
0.0014769606
0.0011642902
0.0014769606
0.0017896311
0.0017896311
0.0014769606
0.0011642902
0.0011642902
0.0008516197
0.0011642902
0.0011642902
0.0014769606
0.0011642902
0.0011642902
0.0017896311
0.0011642902
0.0014769606
0.0008516197
0.0014769606
0.0017896311
0.0011642902
0.0014769606
0.0011642902
0.0014769606
0.0011642902
0.0014769606
0.0014769606
0.0014769606
0.0014769606
0.0017896311
0.0014769606
0.0011642902
0.0011642902
0.0011642902
0.0008516197
0.0008516197
0.0011642902
0.0011642902
0.0014769606
0.0014769606
0.0014769606
0.0011642902
0.0011642902
0.0011642902
0.0011642902
0.0011642902
0.0011642902
0.0011642902
0.0017896311
0.0014769606
0.0008516197
0.0014769606
0.0011642902
0.0017896311
0.0014769606
0.0014769606
0.0017896311
0.0011642902
0.0008516197
0.0011642902
0.0011642902
0.0014769606
0.0017896311
0.0011642902
0.0011642902
0.0011642902
0.0011642902
0.0011642902
0.0008516197
0.0014769606
0.0011642902
0.0011642902
0.0011642902
0.0008516197
0.0005389492
0.0011642902
0.0014769606
0.0008516197
0.0011642902
0.0014769606
0.0011642902
0.0011642902
