-0.0013131984
-0.0016256974
-0.0025631942
-0.0025631942
-0.0019381963
-0.0000632027
0.0008742942
0.0021242900
0.0014992921
-0.0006882005
-0.0028756932
-0.0041256889
-0.0044381879
-0.0041256889
-0.0028756932
-0.0019381963
-0.0016256974
-0.0016256974
-0.0016256974
-0.0006882005
-0.0003757016
0.0002492963
0.0005617952
0.0011867931
0.0018117910
0.0018117910
0.0021242900
0.0018117910
0.0005617952
-0.0010006995
-0.0019381963
-0.0038131900
-0.0044381879
-0.0047506868
-0.0035006910
-0.0038131900
-0.0028756932
-0.0025631942
-0.0019381963
-0.0019381963
-0.0006882005
-0.0000632027
0.0002492963
-0.0000632027
-0.0006882005
-0.0019381963
-0.0035006910
-0.0047506868
-0.0056881836
-0.0066256805
-0.0066256805
-0.0063131815
-0.0056881836
-0.0038131900
-0.0016256974
0.0018117910
0.0033742857
0.0052492794
0.0061867762
0.0068117741
0.0064992752
0.0064992752
0.0068117741
0.0061867762
0.0055617784
0.0043117826
0.0036867847
0.0036867847
0.0027492878
0.0024367889
0.0008742942
-0.0006882005
-0.0025631942
-0.0047506868
-0.0066256805
-0.0072506784
-0.0075631773
-0.0072506784
-0.0060006826
-0.0053756847
-0.0044381879
-0.0038131900
-0.0025631942
-0.0019381963
-0.0016256974
-0.0003757016
0.0008742942
0.0018117910
0.0024367889
0.0021242900
0.0021242900
0.0018117910
-0.0003757016
-0.0013131984
-0.0031881921
-0.0038131900
-0.0041256889
-0.0038131900
-0.0025631942
-0.0016256974
-0.0010006995
-0.0006882005
-0.0010006995
-0.0013131984
-0.0019381963
-0.0013131984
-0.0003757016
0.0005617952
0.0008742942
0.0011867931
0.0008742942
-0.0003757016
-0.0006882005
-0.0016256974
-0.0025631942
-0.0044381879
-0.0047506868
-0.0056881836
-0.0047506868
-0.0041256889
-0.0031881921
-0.0019381963
-0.0013131984
-0.0003757016
0.0002492963
0.0005617952
0.0008742942
0.0005617952
-0.0000632027
-0.0010006995
-0.0016256974
-0.0019381963
-0.0010006995
-0.0016256974
-0.0013131984
0.0002492963
0.0021242900
0.0030617868
0.0036867847
0.0030617868
0.0014992921
-0.0003757016
-0.0022506953
-0.0038131900
-0.0050631858
-0.0047506868
-0.0044381879
-0.0044381879
-0.0031881921
-0.0028756932
-0.0019381963
-0.0019381963
-0.0019381963
-0.0016256974
-0.0010006995
-0.0000632027
0.0002492963
0.0008742942
-0.0003757016
-0.0006882005
-0.0022506953
-0.0047506868
-0.0050631858
-0.0044381879
-0.0038131900
-0.0025631942
-0.0016256974
-0.0006882005
-0.0003757016
0.0002492963
0.0011867931
0.0014992921
0.0021242900
0.0021242900
0.0014992921
0.0002492963
-0.0013131984
-0.0031881921
-0.0038131900
-0.0041256889
-0.0019381963
-0.0003757016
0.0018117910
0.0024367889
0.0024367889
0.0018117910
0.0002492963
-0.0003757016
-0.0006882005
-0.0010006995
-0.0016256974
-0.0016256974
-0.0028756932
-0.0047506868
-0.0066256805
-0.0075631773
-0.0088131731
-0.0085006741
-0.0075631773
-0.0060006826
-0.0041256889
-0.0016256974
-0.0003757016
0.0005617952
0.0005617952
0.0002492963
-0.0000632027
0.0008742942
0.0005617952
0.0008742942
0.0002492963
-0.0006882005
-0.0016256974
-0.0019381963
-0.0016256974
-0.0013131984
-0.0003757016
0.0011867931
0.0011867931
0.0018117910
0.0018117910
0.0018117910
0.0021242900
0.0014992921
0.0005617952
-0.0003757016
-0.0013131984
-0.0022506953
-0.0035006910
-0.0035006910
-0.0038131900
-0.0031881921
-0.0031881921
-0.0022506953
-0.0016256974
-0.0006882005
-0.0000632027
0.0002492963
-0.0006882005
-0.0022506953
-0.0038131900
-0.0044381879
-0.0028756932
-0.0019381963
-0.0000632027
0.0011867931
0.0014992921
0.0021242900
0.0030617868
0.0036867847
0.0030617868
0.0024367889
0.0008742942
-0.0003757016
-0.0003757016
-0.0003757016
-0.0000632027
-0.0000632027
-0.0006882005
-0.0006882005
-0.0016256974
-0.0013131984
-0.0016256974
-0.0019381963
-0.0013131984
-0.0013131984
-0.0013131984
-0.0006882005
-0.0003757016
0.0008742942
0.0018117910
0.0027492878
0.0030617868
0.0018117910
0.0011867931
-0.0006882005
-0.0013131984
-0.0019381963
-0.0025631942
-0.0028756932
-0.0035006910
-0.0031881921
-0.0028756932
-0.0019381963
-0.0010006995
-0.0003757016
0.0005617952
0.0002492963
-0.0006882005
-0.0019381963
-0.0025631942
-0.0019381963
-0.0022506953
-0.0016256974
-0.0013131984
-0.0006882005
-0.0016256974
-0.0025631942
-0.0028756932
-0.0035006910
-0.0041256889
-0.0031881921
-0.0031881921
-0.0025631942
-0.0016256974
-0.0010006995
0.0005617952
0.0018117910
0.0030617868
0.0027492878
0.0024367889
0.0021242900
0.0011867931
0.0008742942
0.0008742942
0.0011867931
0.0011867931
0.0008742942
0.0005617952
0.0005617952
0.0011867931
0.0027492878
0.0036867847
0.0036867847
0.0024367889
0.0027492878
0.0033742857
0.0014992921
-0.0010006995
-0.0016256974
-0.0003757016
0.0011867931
0.0002492963
-0.0022506953
-0.0038131900
-0.0028756932
-0.0022506953
-0.0013131984
-0.0019381963
-0.0022506953
-0.0016256974
-0.0013131984
-0.0022506953
-0.0031881921
-0.0056881836
-0.0075631773
-0.0075631773
-0.0056881836
-0.0038131900
-0.0025631942
-0.0031881921
-0.0031881921
-0.0010006995
0.0024367889
0.0039992836
0.0039992836
0.0024367889
0.0011867931
0.0005617952
0.0002492963
-0.0013131984
-0.0031881921
-0.0041256889
-0.0019381963
0.3033733031
2.2424325443
3.9024379327
4.2593155560
3.3661850563
1.4771204678
-0.3450620105
-0.5609987486
-0.5741237022
-0.5747487000
-0.5734987044
-0.5716237110
-0.5478737950
1.2749332995
2.4468076931
2.2777450613
1.3243082112
0.2452484882
-0.3622494501
-0.5356863381
-0.4513116363
-0.0441255533
0.4943102169
0.8668091915
0.9311840331
0.7161845850
0.3899355330
0.0693115644
-0.1916250464
-0.3228745884
-0.3419370215
-0.2734997613
-0.1678751286
-0.0947503804
-0.0531880224
-0.0456880480
-0.0544380182
-0.0497505341
-0.0466255448
-0.0391255703
-0.0297506021
-0.0191256382
-0.0244381202
-0.0553755150
-0.0981878686
-0.1275627677
-0.1397502258
-0.1310002559
-0.1125628193
-0.0891253997
-0.0588130033
-0.0319380947
-0.0256881159
-0.0288131053
-0.0444380522
-0.0616254937
-0.0710004617
-0.0769379414
-0.0753754467
-0.0700629649
-0.0591255022
-0.0528755235
-0.0500630331
-0.0525630246
-0.0631879883
-0.0719379585
-0.0775629393
-0.0775629393
-0.0769379414
-0.0710004617
-0.0641254851
-0.0641254851
-0.0600629990
-0.0635004873
-0.0728754553
-0.0844379157
-0.0931878858
-0.0935003847
-0.0850629136
-0.0766254425
-0.0722504574
-0.0666254766
-0.0581880054
-0.0503755320
-0.0444380522
-0.0391255703
-0.0419380607
-0.0460005469
-0.0497505341
-0.0513130288
-0.0563130118
-0.0603754979
-0.0625629905
-0.0594380011
-0.0491255363
-0.0391255703
-0.0353755830
-0.0419380607
-0.0503755320
-0.0566255107
-0.0616254937
-0.0572505086
-0.0491255363
-0.0441255533
-0.0422505597
-0.0416255618
-0.0463130458
-0.0541255192
-0.0635004873
-0.0666254766
-0.0625629905
-0.0547505171
-0.0453755490
-0.0391255703
-0.0416255618
-0.0416255618
-0.0460005469
-0.0500630331
-0.0491255363
-0.0447505512
-0.0403755660
-0.0422505597
-0.0394380692
0.0671240717
1.1246210957
2.2352450413
2.5696203430
2.1511825166
1.0977461529
0.0124367552
-0.5428738127
-0.5900611458
-0.5919361392
-0.5913111414
-0.5903736447
-0.5878736536
-0.5834986691
0.3330607097
1.1033711408
1.1974334472
0.8152468227
0.3233732401
0.0136867510
-0.0869379072
-0.1341252451
-0.1535001783
-0.1038128493
-0.0928753868
-0.1610001524
-0.2263124259
-0.2459998573
-0.2453748595
-0.2353748943
-0.1497501913
-0.0010006995
0.0911864916
0.0986864667
0.1155614108
0.1071239387
0.0824365207
0.0246242141
-0.0422505597
-0.0603754979
-0.0378755745
-0.0453755490
-0.0466255448
-0.0906878943
-0.1406877225
-0.1588126600
-0.1425627161
-0.0841254168
-0.0219381286
0.0052492794
0.0136867510
0.0011867931
-0.0450630501
-0.0841254168
-0.1235002817
-0.1285002645
-0.1278752667
-0.1266252710
-0.1041253483
-0.0622504915
-0.0641254851
-0.0781879371
-0.0647504830
-0.0278756085
-0.0310005979
-0.0347505852
-0.0247506191
-0.0385005724
-0.0338130883
-0.0322505936
-0.0456880480
-0.0510005299
-0.0281881074
-0.0222506276
-0.0110006657
-0.0438130543
-0.0991253654
-0.1381877311
-0.1681876276
-0.1435002128
-0.0900628965
-0.0685004702
-0.0553755150
-0.0578755065
-0.0800629307
-0.1072503376
-0.1194377957
-0.1153753096
-0.0816254254
-0.0506880309
-0.0103756678
0.0168117404
0.0149367467
-0.0447505512
-0.1294377613
-0.1763125994
-0.1906875496
-0.1616251502
-0.0966253740
-0.0175631435
0.0493116313
0.0655615769
0.0593115978
0.0183742352
-0.0363130798
-0.0847504147
-0.1088128322
-0.1178753011
-0.0844379157
-0.0519380267
-0.0135006572
0.0336866837
0.0458741428
0.0443116480
0.0014992921
-0.0413130628
-0.0772504403
-0.1285002645
-0.1531876794
-0.1660001351
-0.1556876708
-0.1363127376
-0.0975628708
-0.0606879969
-0.0303756000
-0.0125631604
0.0080617699
0.0324366879
0.0296241973
-0.0031881921
-0.0547505171
-0.0931878858
-0.1144378129
-0.0941253826
-0.0410005639
0.0364991742
0.1286863675
0.2136860899
0.2358735183
0.1658737454
0.0186867341
-0.1431877139
-0.2681872799
-0.3478745007
-0.3709994194
-0.3397495292
-0.2856872187
-0.1922500442
-0.0860004104
0.0011867931
0.0424366543
0.0455616438
0.0296241973
0.0121242562
0.0030617868
0.0036867847
0.0121242562
0.0343116816
0.0639990822
0.0630615853
0.0293116984
-0.0294381032
-0.0856879115
-0.1294377613
-0.1444377096
-0.1069378386
-0.0510005299
-0.0141256551
0.0027492878
-0.0125631604
-0.0585005043
-0.1103753268
-0.1366252365
-0.1072503376
-0.0419380607
0.0355616774
0.0861865082
0.0977489698
0.0711865582
0.0377491700
0.0111867594
-0.0178756424
-0.0581880054
-0.0988128665
-0.1191252968
-0.1369377354
-0.1560001697
-0.1622501481
-0.1522501826
-0.1469377010
-0.1338127462
-0.1022503547
-0.0828754211
-0.0772504403
-0.0641254851
-0.0494380352
-0.0216256297
0.0114992583
0.0546241135
0.0852490113
0.0955614771
0.0711865582
0.0296241973
-0.0175631435
-0.0650629819
-0.1056878429
-0.1431877139
-0.1656876362
-0.1681876276
-0.1338127462
-0.0835004189
-0.0406880650
-0.0035006910
0.0286867005
0.0549366124
0.0514991240
0.0249367131
-0.0256881159
-0.0710004617
-0.1016253569
-0.1241252796
-0.1188127978
-0.1006878601
-0.0935003847
-0.1138128150
-0.1538126772
-0.1694376232
-0.1525626816
-0.1125628193
-0.0725629563
-0.0056881836
0.0721240550
0.1061864418
0.1121239222
0.0811865249
0.0124367552
-0.0591255022
-0.0969378729
-0.0900628965
-0.0685004702
-0.0447505512
-0.0244381202
-0.0088131731
0.0011867931
0.0014992921
-0.0000632027
-0.0041256889
-0.0088131731
0.0127492541
0.0358741763
0.0246242141
-0.0100631688
-0.0313130968
-0.0566255107
-0.0875629050
-0.1000628622
-0.0928753868
-0.0794379328
-0.0603754979
-0.0275631096
-0.0110006657
0.0018117910
-0.0013131984
-0.0028756932
-0.0097506699
-0.0266256127
-0.0435005554
-0.0578755065
-0.0569380097
-0.0531880224
-0.0631879883
-0.0835004189
-0.0791254339
-0.0741254510
-0.0719379585
-0.0653754809
-0.0469380437
-0.0306880989
-0.0216256297
-0.0085006741
0.0074367720
0.0146242478
-0.0050631858
-0.0369380777
-0.0738129521
-0.0938128836
-0.0975628708
-0.0850629136
-0.0563130118
-0.0175631435
0.0349366795
0.0455616438
0.0283742015
-0.0010006995
-0.0369380777
-0.0688129691
-0.0916253911
-0.0988128665
-0.0781879371
-0.0444380522
-0.0097506699
0.0124367552
0.0139992499
0.0089992668
-0.0013131984
-0.0172506445
-0.0235006233
-0.0216256297
-0.0197506360
-0.0278756085
-0.0566255107
-0.0897503976
-0.1225627849
-0.1397502258
-0.1328752494
-0.1131878172
-0.0863129093
-0.0628754894
-0.0353755830
-0.0116256636
0.0074367720
0.0252492120
0.0271242057
0.0324366879
0.0274367047
0.0130617531
-0.0066256805
-0.0131881583
-0.0085006741
-0.0050631858
-0.0066256805
-0.0128756593
-0.0147506530
-0.0091256720
-0.0003757016
-0.0041256889
-0.0135006572
-0.0222506276
-0.0410005639
-0.0656879798
-0.0863129093
-0.0866254083
-0.0660004787
-0.0541255192
-0.0628754894
-0.0747504489
-0.0666254766
-0.0535005214
-0.0585005043
-0.0738129521
-0.1081878343
-0.1419377182
-0.1453752064
-0.1113128236
-0.0531880224
0.0068117741
0.0593115978
0.1024364543
0.1271238726
0.1180614026
0.0852490113
0.0308741931
-0.0285006064
-0.0735004531
-0.0922503890
-0.0788129350
-0.0447505512
-0.0203756339
-0.0135006572
-0.0169381456
-0.0319380947
-0.0616254937
-0.0925628879
-0.1103753268
-0.1122503204
-0.1028753526
-0.0806879286
-0.0453755490
-0.0085006741
0.0168117404
0.0152492457
-0.0097506699
-0.0331880905
-0.0491255363
-0.0444380522
-0.0147506530
0.0183742352
0.0261867089
0.0168117404
0.0011867931
-0.0088131731
-0.0200631350
-0.0447505512
-0.0488130373
-0.0188131392
0.0230617194
0.0618115895
0.0793115311
0.0714990571
0.0327491868
-0.0216256297
-0.0647504830
-0.0806879286
-0.0810004275
-0.0835004189
-0.0735004531
-0.0556880139
-0.0347505852
-0.0160006487
-0.0147506530
-0.0388130713
-0.0806879286
-0.1113128236
-0.1213127892
-0.1081878343
-0.0728754553
-0.0425630586
-0.0197506360
-0.0016256974
0.0055617784
-0.0044381879
-0.0194381371
-0.0350630841
-0.0460005469
-0.0463130458
-0.0341255873
-0.0063131815
0.0174367383
0.0314991910
0.0414991575
0.0361866753
0.0124367552
-0.0106881667
-0.0210006318
-0.0197506360
-0.0213131307
-0.0231881244
-0.0247506191
-0.0247506191
-0.0272506106
-0.0166256466
-0.0053756847
-0.0000632027
-0.0106881667
-0.0275631096
-0.0353755830
-0.0381880735
-0.0363130798
-0.0335005894
-0.0291256043
-0.0360005809
-0.0516255278
-0.0606879969
-0.0663129777
-0.0616254937
-0.0544380182
-0.0516255278
-0.0497505341
-0.0475630416
-0.0419380607
-0.0219381286
-0.0016256974
0.0111867594
0.0205617278
0.0327491868
0.0502491281
0.0636865832
0.0546241135
0.0230617194
-0.0253756170
-0.0716254595
-0.0928753868
-0.0972503719
-0.0900628965
-0.0778754382
-0.0606879969
-0.0369380777
-0.0006882005
0.0361866753
0.0477491365
0.0318116900
0.0011867931
-0.0278756085
-0.0491255363
-0.0597505001
-0.0650629819
-0.0706879627
-0.0716254595
-0.0585005043
-0.0360005809
-0.0144381540
0.0021242900
0.0202492289
0.0399366627
0.0527491198
0.0508741260
0.0296241973
-0.0013131984
-0.0369380777
-0.0678754723
-0.0788129350
-0.0753754467
-0.0672504745
-0.0560005129
-0.0319380947
0.0033742857
0.0343116816
0.0483741344
0.0377491700
0.0164992415
-0.0060006826
-0.0197506360
-0.0191256382
-0.0181881413
-0.0272506106
-0.0422505597
-0.0506880309
-0.0525630246
-0.0494380352
-0.0413130628
-0.0431880565
-0.0469380437
-0.0472505427
-0.0431880565
-0.0310005979
-0.0110006657
0.0121242562
0.0355616774
0.0411866585
0.0361866753
0.0208742267
0.0043117826
-0.0135006572
-0.0335005894
-0.0535005214
-0.0772504403
-0.0922503890
-0.0913128922
-0.0822504232
-0.0678754723
-0.0560005129
-0.0453755490
-0.0272506106
-0.0050631858
0.0164992415
0.0336866837
0.0446241470
0.0461866417
0.0464991407
0.0377491700
0.0174367383
-0.0097506699
-0.0338130883
-0.0513130288
-0.0603754979
-0.0681879713
-0.0710004617
-0.0713129606
-0.0563130118
-0.0297506021
-0.0125631604
-0.0041256889
-0.0050631858
-0.0094381710
-0.0063131815
-0.0016256974
-0.0000632027
-0.0135006572
-0.0363130798
-0.0566255107
-0.0625629905
-0.0572505086
-0.0381880735
-0.0203756339
-0.0078756762
-0.0010006995
0.0002492963
0.0018117910
0.0071242731
0.0080617699
0.0049367805
-0.0010006995
-0.0075631773
-0.0122506614
-0.0206881329
-0.0363130798
-0.0481880395
-0.0478755405
-0.0416255618
-0.0353755830
-0.0253756170
-0.0153756509
-0.0103756678
-0.0038131900
0.0049367805
0.0080617699
0.0096242646
0.0080617699
0.0055617784
0.0077492710
0.0061867762
-0.0063131815
-0.0160006487
-0.0275631096
-0.0360005809
-0.0413130628
-0.0453755490
-0.0463130458
-0.0466255448
-0.0431880565
-0.0378755745
-0.0356880820
-0.0335005894
-0.0231881244
-0.0103756678
-0.0081881752
-0.0091256720
-0.0025631942
0.0174367383
0.0374366711
0.0499366292
0.0414991575
0.0202492289
-0.0069381794
-0.0350630841
-0.0528755235
-0.0594380011
-0.0591255022
-0.0544380182
-0.0406880650
-0.0197506360
-0.0044381879
0.0014992921
-0.0047506868
-0.0110006657
-0.0072506784
-0.0041256889
-0.0072506784
-0.0163131477
-0.0313130968
-0.0481880395
-0.0600629990
-0.0635004873
-0.0569380097
-0.0485005384
-0.0406880650
-0.0353755830
-0.0256881159
-0.0135006572
-0.0016256974
0.0061867762
0.0089992668
0.0105617615
0.0193117320
0.0330616858
0.0364991742
0.0230617194
-0.0041256889
-0.0322505936
-0.0572505086
-0.0735004531
-0.0725629563
-0.0594380011
-0.0360005809
-0.0110006657
0.0111867594
0.0252492120
0.0274367047
0.0158742436
-0.0072506784
-0.0288131053
-0.0400630671
-0.0419380607
-0.0366255788
-0.0253756170
-0.0091256720
0.0055617784
0.0124367552
0.0161867425
0.0155617446
0.0093117657
-0.0031881921
-0.0175631435
-0.0263131138
-0.0341255873
-0.0388130713
-0.0416255618
-0.0469380437
-0.0438130543
-0.0316255958
-0.0156881498
0.0043117826
0.0186867341
0.0224367215
0.0158742436
-0.0016256974
-0.0222506276
-0.0406880650
-0.0572505086
-0.0603754979
-0.0485005384
-0.0269381117
-0.0085006741
0.0033742857
0.0080617699
0.0068117741
0.0055617784
0.0055617784
0.0108742604
0.0171242394
0.0214992246
0.0180617362
0.0127492541
0.0024367889
-0.0191256382
-0.0456880480
-0.0691254681
-0.0803754296
-0.0738129521
-0.0538130203
-0.0269381117
-0.0028756932
0.0099367636
0.0124367552
0.0099367636
0.0049367805
-0.0010006995
-0.0103756678
-0.0238131223
-0.0341255873
-0.0394380692
-0.0288131053
-0.0106881667
0.0068117741
0.0202492289
0.0239992162
0.0158742436
0.0011867931
-0.0094381710
-0.0150631519
-0.0206881329
-0.0256881159
-0.0300631011
-0.0272506106
-0.0150631519
-0.0010006995
0.0127492541
0.0211867257
0.0199367299
0.0149367467
0.0043117826
-0.0103756678
-0.0238131223
-0.0356880820
-0.0425630586
-0.0385005724
-0.0356880820
-0.0335005894
-0.0294381032
-0.0222506276
-0.0185006403
-0.0178756424
-0.0188131392
-0.0216256297
-0.0203756339
-0.0131881583
-0.0050631858
-0.0022506953
-0.0038131900
-0.0031881921
-0.0050631858
-0.0116256636
-0.0191256382
-0.0269381117
-0.0306880989
-0.0303756000
-0.0263131138
-0.0141256551
0.0014992921
0.0096242646
0.0108742604
0.0058742773
0.0018117910
0.0033742857
0.0080617699
0.0089992668
0.0052492794
0.0008742942
-0.0010006995
-0.0028756932
-0.0050631858
-0.0113131646
-0.0181881413
-0.0219381286
-0.0250631180
-0.0272506106
-0.0247506191
-0.0213131307
-0.0172506445
-0.0066256805
0.0008742942
0.0046242815
0.0058742773
0.0018117910
-0.0078756762
-0.0210006318
-0.0272506106
-0.0219381286
-0.0135006572
-0.0075631773
-0.0056881836
-0.0031881921
-0.0035006910
-0.0050631858
-0.0066256805
-0.0106881667
-0.0231881244
-0.0291256043
-0.0253756170
-0.0266256127
-0.0303756000
-0.0319380947
-0.0319380947
-0.0278756085
-0.0216256297
-0.0181881413
-0.0191256382
-0.0169381456
-0.0094381710
-0.0060006826
-0.0006882005
0.0105617615
0.0183742352
0.0186867341
0.0093117657
-0.0069381794
-0.0210006318
-0.0291256043
-0.0338130883
-0.0306880989
-0.0222506276
-0.0097506699
0.0036867847
0.0093117657
0.0089992668
0.0046242815
-0.0041256889
-0.0135006572
-0.0235006233
-0.0281881074
-0.0241256212
-0.0141256551
-0.0072506784
-0.0025631942
0.0046242815
0.0077492710
0.0086867678
0.0139992499
0.0230617194
0.0255617110
0.0158742436
-0.0022506953
-0.0194381371
-0.0300631011
-0.0313130968
-0.0241256212
-0.0100631688
0.0043117826
0.0155617446
0.0133742520
0.0008742942
-0.0147506530
-0.0319380947
-0.0438130543
-0.0447505512
-0.0388130713
-0.0216256297
-0.0003757016
0.0208742267
0.0321241889
0.0305616942
0.0168117404
-0.0041256889
-0.0256881159
-0.0366255788
-0.0394380692
-0.0347505852
-0.0263131138
-0.0128756593
0.0005617952
0.0093117657
0.0171242394
0.0249367131
0.0258742099
0.0168117404
0.0005617952
-0.0188131392
-0.0353755830
-0.0428755575
-0.0410005639
-0.0338130883
-0.0260006149
-0.0219381286
-0.0203756339
-0.0203756339
-0.0200631350
-0.0194381371
-0.0213131307
-0.0238131223
-0.0222506276
-0.0125631604
0.0008742942
0.0133742520
0.0208742267
0.0224367215
0.0196242310
0.0102492625
-0.0022506953
-0.0141256551
-0.0219381286
-0.0253756170
-0.0263131138
-0.0278756085
-0.0310005979
-0.0325630926
-0.0278756085
-0.0100631688
0.0102492625
0.0230617194
0.0268117068
0.0221242225
0.0124367552
0.0014992921
-0.0063131815
-0.0094381710
-0.0125631604
-0.0175631435
-0.0213131307
-0.0235006233
-0.0228756255
-0.0185006403
-0.0091256720
-0.0013131984
-0.0006882005
-0.0022506953
-0.0081881752
-0.0138131562
-0.0128756593
-0.0063131815
0.0014992921
0.0074367720
0.0108742604
0.0077492710
-0.0019381963
-0.0141256551
-0.0228756255
-0.0235006233
-0.0144381540
-0.0028756932
0.0089992668
0.0108742604
0.0055617784
-0.0010006995
-0.0075631773
-0.0135006572
-0.0166256466
-0.0200631350
-0.0228756255
-0.0231881244
-0.0178756424
-0.0097506699
-0.0041256889
0.0049367805
0.0130617531
0.0133742520
0.0074367720
-0.0013131984
-0.0116256636
-0.0244381202
-0.0335005894
-0.0331880905
-0.0244381202
-0.0156881498
-0.0100631688
-0.0091256720
-0.0110006657
-0.0097506699
-0.0060006826
-0.0022506953
-0.0000632027
-0.0016256974
-0.0038131900
-0.0050631858
-0.0022506953
0.0005617952
0.0002492963
-0.0019381963
-0.0069381794
-0.0085006741
-0.0072506784
-0.0056881836
-0.0066256805
-0.0116256636
-0.0128756593
-0.0091256720
0.0005617952
0.0089992668
0.0105617615
0.0058742773
-0.0003757016
-0.0053756847
-0.0075631773
-0.0103756678
-0.0116256636
-0.0131881583
-0.0113131646
-0.0060006826
-0.0028756932
-0.0031881921
-0.0075631773
-0.0138131562
-0.0135006572
-0.0056881836
0.0046242815
0.0124367552
0.0118117573
0.0043117826
-0.0028756932
-0.0094381710
-0.0119381625
-0.0141256551
-0.0160006487
-0.0194381371
-0.0222506276
-0.0228756255
-0.0169381456
-0.0085006741
-0.0019381963
0.0018117910
-0.0003757016
-0.0038131900
-0.0091256720
-0.0128756593
-0.0153756509
-0.0172506445
-0.0160006487
-0.0122506614
-0.0066256805
-0.0010006995
0.0055617784
0.0111867594
0.0136867510
0.0083742689
0.0002492963
-0.0053756847
-0.0100631688
-0.0144381540
-0.0163131477
-0.0153756509
-0.0135006572
-0.0138131562
-0.0150631519
-0.0156881498
-0.0135006572
-0.0122506614
-0.0116256636
-0.0103756678
-0.0088131731
-0.0100631688
-0.0128756593
-0.0125631604
-0.0110006657
-0.0050631858
0.0027492878
0.0077492710
0.0083742689
0.0055617784
0.0046242815
0.0030617868
-0.0000632027
-0.0035006910
-0.0056881836
-0.0060006826
-0.0060006826
-0.0072506784
-0.0097506699
-0.0122506614
-0.0150631519
-0.0169381456
-0.0153756509
-0.0103756678
-0.0031881921
0.0024367889
0.0058742773
0.0080617699
0.0089992668
0.0077492710
0.0055617784
0.0011867931
-0.0028756932
-0.0085006741
-0.0122506614
-0.0150631519
-0.0169381456
-0.0181881413
-0.0150631519
-0.0106881667
-0.0069381794
-0.0060006826
-0.0056881836
-0.0053756847
-0.0063131815
-0.0069381794
-0.0053756847
-0.0006882005
0.0058742773
0.0124367552
0.0155617446
0.0121242562
0.0046242815
-0.0028756932
-0.0075631773
-0.0110006657
-0.0138131562
-0.0166256466
-0.0178756424
-0.0163131477
-0.0125631604
-0.0063131815
-0.0003757016
0.0011867931
0.0005617952
-0.0003757016
-0.0010006995
-0.0003757016
0.0008742942
0.0018117910
0.0014992921
-0.0016256974
-0.0047506868
-0.0081881752
-0.0116256636
-0.0178756424
-0.0203756339
-0.0206881329
-0.0197506360
-0.0147506530
-0.0091256720
-0.0060006826
-0.0035006910
-0.0000632027
0.0014992921
0.0014992921
-0.0016256974
-0.0053756847
-0.0088131731
-0.0081881752
-0.0041256889
0.0036867847
0.0127492541
0.0168117404
0.0152492457
0.0111867594
0.0074367720
0.0005617952
-0.0053756847
-0.0097506699
-0.0116256636
-0.0128756593
-0.0138131562
-0.0138131562
-0.0125631604
-0.0100631688
-0.0091256720
-0.0085006741
-0.0069381794
-0.0069381794
-0.0066256805
-0.0044381879
-0.0006882005
0.0014992921
0.0030617868
0.0068117741
0.0080617699
0.0089992668
0.0083742689
0.0033742857
-0.0047506868
-0.0106881667
-0.0128756593
-0.0125631604
-0.0103756678
-0.0038131900
0.0027492878
0.0039992836
0.0011867931
-0.0000632027
-0.0025631942
-0.0081881752
-0.0128756593
-0.0166256466
-0.0175631435
-0.0169381456
-0.0156881498
-0.0110006657
-0.0066256805
-0.0019381963
-0.0000632027
-0.0047506868
-0.0119381625
-0.0156881498
-0.0169381456
-0.0153756509
-0.0091256720
-0.0016256974
0.0043117826
0.0083742689
0.0093117657
0.0086867678
0.0055617784
-0.0022506953
-0.0131881583
-0.0200631350
-0.0216256297
-0.0216256297
-0.0206881329
-0.0191256382
-0.0169381456
-0.0144381540
-0.0138131562
-0.0135006572
-0.0138131562
-0.0128756593
-0.0110006657
-0.0075631773
-0.0025631942
0.0008742942
0.0064992752
0.0099367636
0.0099367636
0.0055617784
-0.0028756932
-0.0122506614
-0.0172506445
-0.0153756509
-0.0078756762
-0.0000632027
0.0083742689
0.0177492373
0.0249367131
0.0255617110
0.0205617278
0.0121242562
0.0018117910
-0.0063131815
-0.0078756762
-0.0044381879
0.0027492878
0.0093117657
0.0111867594
0.0086867678
0.0024367889
-0.0053756847
-0.0135006572
-0.0206881329
-0.0260006149
-0.0272506106
-0.0253756170
-0.0150631519
-0.0013131984
0.0105617615
0.0161867425
0.0136867510
0.0074367720
-0.0006882005
-0.0072506784
-0.0106881667
-0.0106881667
-0.0094381710
-0.0072506784
-0.0053756847
-0.0041256889
-0.0035006910
-0.0035006910
-0.0047506868
-0.0094381710
-0.0141256551
-0.0181881413
-0.0210006318
-0.0206881329
-0.0141256551
-0.0056881836
0.0018117910
0.0080617699
0.0152492457
0.0189992331
0.0202492289
0.0199367299
0.0180617362
0.0121242562
0.0052492794
-0.0010006995
-0.0038131900
-0.0041256889
-0.0038131900
-0.0063131815
-0.0088131731
-0.0088131731
-0.0091256720
-0.0072506784
-0.0028756932
-0.0003757016
-0.0016256974
-0.0063131815
-0.0110006657
-0.0125631604
-0.0100631688
-0.0044381879
0.0039992836
0.0124367552
0.0161867425
0.0155617446
0.0111867594
0.0058742773
0.0011867931
-0.0063131815
-0.0163131477
-0.0247506191
-0.0281881074
-0.0256881159
-0.0194381371
-0.0125631604
-0.0078756762
-0.0075631773
-0.0097506699
-0.0116256636
-0.0116256636
-0.0103756678
-0.0094381710
-0.0100631688
-0.0103756678
-0.0088131731
-0.0072506784
-0.0053756847
-0.0022506953
0.0033742857
0.0064992752
0.0077492710
0.0086867678
0.0089992668
0.0080617699
0.0061867762
0.0030617868
-0.0013131984
-0.0031881921
-0.0031881921
-0.0041256889
-0.0041256889
-0.0053756847
-0.0053756847
-0.0019381963
0.0043117826
0.0133742520
0.0211867257
0.0233742183
0.0171242394
0.0058742773
-0.0047506868
-0.0078756762
-0.0016256974
0.0102492625
0.0174367383
0.0186867341
0.0146242478
0.0036867847
-0.0078756762
-0.0178756424
-0.0244381202
-0.0263131138
-0.0238131223
-0.0181881413
-0.0106881667
-0.0041256889
-0.0006882005
-0.0019381963
-0.0053756847
-0.0103756678
-0.0141256551
-0.0144381540
-0.0103756678
-0.0044381879
0.0002492963
0.0033742857
0.0036867847
0.0030617868
0.0018117910
0.0018117910
0.0039992836
0.0049367805
0.0058742773
0.0046242815
0.0021242900
-0.0025631942
-0.0075631773
-0.0119381625
-0.0144381540
-0.0141256551
-0.0131881583
-0.0125631604
-0.0113131646
-0.0069381794
0.0002492963
0.0058742773
0.0080617699
0.0049367805
-0.0019381963
-0.0066256805
-0.0085006741
-0.0075631773
-0.0041256889
-0.0006882005
0.0005617952
0.0030617868
0.0043117826
0.0049367805
0.0039992836
0.0046242815
0.0036867847
-0.0000632027
-0.0053756847
-0.0144381540
-0.0231881244
-0.0303756000
-0.0303756000
-0.0250631180
-0.0153756509
-0.0053756847
0.0008742942
0.0036867847
0.0033742857
-0.0000632027
-0.0063131815
-0.0100631688
-0.0113131646
-0.0085006741
-0.0028756932
0.0039992836
0.0096242646
0.0133742520
0.0111867594
0.0061867762
0.0005617952
-0.0025631942
-0.0035006910
-0.0056881836
-0.0091256720
-0.0138131562
-0.0169381456
-0.0200631350
-0.0222506276
-0.0210006318
-0.0163131477
-0.0085006741
-0.0035006910
-0.0006882005
0.0018117910
0.0043117826
0.0080617699
0.0114992583
0.0146242478
0.0168117404
0.0155617446
0.0130617531
0.0102492625
0.0077492710
0.0080617699
0.0105617615
0.0133742520
0.0168117404
0.0177492373
0.0180617362
0.0146242478
0.0064992752
-0.0022506953
-0.0128756593
-0.0260006149
-0.0375630756
-0.0453755490
-0.0491255363
-0.0516255278
-0.0522505256
-0.0528755235
-0.0481880395
-0.0400630671
-0.0300631011
-0.0197506360
-0.0081881752
0.0046242815
0.0196242310
0.0343116816
0.0455616438
0.0511866250
0.0505616271
0.0461866417
0.0377491700
0.0255617110
0.0127492541
0.0021242900
-0.0031881921
-0.0088131731
-0.0172506445
-0.0285006064
-0.0388130713
-0.0441255533
-0.0428755575
-0.0360005809
-0.0253756170
-0.0144381540
-0.0038131900
0.0043117826
0.0124367552
0.0180617362
0.0218117236
0.0221242225
0.0189992331
0.0127492541
0.0058742773
0.0024367889
0.0021242900
0.0064992752
0.0108742604
0.0127492541
0.0111867594
0.0074367720
0.0018117910
-0.0022506953
-0.0069381794
-0.0119381625
-0.0150631519
-0.0163131477
-0.0141256551
-0.0103756678
-0.0053756847
-0.0010006995
0.0011867931
0.0005617952
-0.0016256974
-0.0060006826
-0.0119381625
-0.0166256466
-0.0188131392
-0.0185006403
-0.0144381540
-0.0075631773
0.0002492963
0.0052492794
0.0071242731
0.0058742773
0.0021242900
-0.0025631942
-0.0053756847
-0.0060006826
-0.0038131900
-0.0022506953
-0.0019381963
-0.0025631942
-0.0053756847
-0.0094381710
-0.0147506530
-0.0175631435
-0.0194381371
-0.0188131392
-0.0153756509
-0.0103756678
-0.0035006910
0.0018117910
0.0039992836
0.0052492794
0.0049367805
0.0046242815
0.0049367805
0.0049367805
0.0046242815
0.0036867847
0.0039992836
0.0033742857
0.0008742942
-0.0022506953
-0.0041256889
-0.0047506868
-0.0035006910
0.0005617952
0.0030617868
0.0039992836
0.0036867847
0.0008742942
-0.0044381879
-0.0100631688
-0.0153756509
-0.0169381456
-0.0160006487
-0.0116256636
-0.0038131900
0.0055617784
0.0108742604
0.0118117573
0.0080617699
0.0033742857
0.0002492963
0.0008742942
0.0027492878
0.0052492794
0.0068117741
0.0061867762
0.0036867847
0.0005617952
-0.0031881921
-0.0050631858
-0.0041256889
-0.0019381963
0.0002492963
0.0021242900
0.0014992921
-0.0000632027
-0.0019381963
-0.0038131900
-0.0056881836
-0.0075631773
-0.0094381710
-0.0103756678
-0.0085006741
-0.0078756762
-0.0088131731
-0.0100631688
-0.0094381710
-0.0078756762
-0.0053756847
-0.0000632027
0.0046242815
0.0086867678
0.0114992583
0.0152492457
0.0177492373
0.0177492373
0.0143117488
0.0089992668
0.0027492878
-0.0025631942
-0.0063131815
-0.0072506784
-0.0081881752
-0.0088131731
-0.0097506699
-0.0085006741
-0.0072506784
-0.0050631858
-0.0022506953
-0.0000632027
0.0002492963
-0.0000632027
0.0002492963
0.0018117910
0.0043117826
0.0071242731
0.0102492625
0.0146242478
0.0174367383
0.0158742436
0.0083742689
-0.0019381963
-0.0106881667
-0.0144381540
-0.0147506530
-0.0138131562
-0.0128756593
-0.0138131562
-0.0147506530
-0.0156881498
-0.0131881583
-0.0103756678
-0.0063131815
-0.0035006910
-0.0022506953
-0.0013131984
-0.0019381963
-0.0022506953
-0.0013131984
-0.0000632027
0.0018117910
0.0024367889
-0.0003757016
-0.0028756932
-0.0050631858
-0.0050631858
-0.0038131900
-0.0019381963
-0.0010006995
-0.0013131984
-0.0031881921
-0.0050631858
-0.0044381879
0.0018117910
0.0099367636
0.0189992331
0.0258742099
0.0271242057
0.0252492120
0.0189992331
0.0127492541
0.0077492710
0.0049367805
0.0030617868
0.0018117910
-0.0006882005
-0.0063131815
-0.0128756593
-0.0185006403
-0.0219381286
-0.0219381286
-0.0200631350
-0.0185006403
-0.0172506445
-0.0166256466
-0.0131881583
-0.0097506699
-0.0060006826
-0.0038131900
-0.0022506953
-0.0019381963
-0.0028756932
-0.0031881921
-0.0019381963
0.0008742942
0.0043117826
0.0083742689
0.0099367636
0.0099367636
0.0068117741
0.0002492963
-0.0044381879
-0.0063131815
-0.0053756847
-0.0047506868
-0.0031881921
-0.0028756932
-0.0028756932
-0.0031881921
-0.0035006910
-0.0038131900
-0.0047506868
-0.0072506784
-0.0097506699
-0.0110006657
-0.0103756678
-0.0081881752
-0.0031881921
0.0011867931
0.0049367805
0.0043117826
0.0027492878
-0.0006882005
-0.0019381963
-0.0031881921
-0.0022506953
0.0008742942
0.0049367805
0.0077492710
0.0077492710
0.0039992836
-0.0013131984
-0.0053756847
-0.0069381794
-0.0066256805
-0.0047506868
-0.0022506953
-0.0010006995
0.0002492963
0.0021242900
0.0046242815
0.0077492710
0.0121242562
0.0136867510
0.0143117488
0.0118117573
0.0093117657
0.0055617784
0.0027492878
0.0014992921
0.0030617868
0.0036867847
0.0024367889
0.0002492963
-0.0028756932
-0.0063131815
-0.0097506699
-0.0131881583
-0.0144381540
-0.0128756593
-0.0091256720
-0.0060006826
-0.0047506868
-0.0063131815
-0.0091256720
-0.0113131646
-0.0122506614
-0.0128756593
-0.0119381625
-0.0072506784
-0.0010006995
0.0049367805
0.0096242646
0.0124367552
0.0127492541
0.0099367636
0.0049367805
-0.0016256974
-0.0072506784
-0.0110006657
-0.0131881583
-0.0128756593
-0.0106881667
-0.0053756847
0.0030617868
0.0111867594
0.0139992499
0.0130617531
0.0105617615
0.0083742689
0.0061867762
0.0033742857
0.0021242900
0.0052492794
0.0114992583
0.0174367383
0.0183742352
0.0149367467
0.0077492710
0.0014992921
-0.0016256974
-0.0056881836
-0.0100631688
-0.0138131562
-0.0138131562
-0.0116256636
-0.0078756762
-0.0053756847
-0.0038131900
-0.0013131984
-0.0003757016
0.0005617952
0.0008742942
-0.0016256974
-0.0063131815
-0.0106881667
-0.0153756509
-0.0160006487
-0.0147506530
-0.0125631604
-0.0110006657
-0.0078756762
-0.0060006826
-0.0053756847
-0.0072506784
-0.0091256720
-0.0110006657
-0.0100631688
-0.0066256805
-0.0006882005
0.0049367805
0.0096242646
0.0127492541
0.0146242478
0.0152492457
0.0133742520
0.0089992668
0.0046242815
0.0024367889
0.0011867931
0.0021242900
0.0043117826
0.0064992752
0.0080617699
0.0074367720
0.0058742773
0.0036867847
0.0027492878
0.0018117910
-0.0010006995
-0.0056881836
-0.0100631688
-0.0141256551
-0.0163131477
-0.0153756509
-0.0131881583
-0.0100631688
-0.0056881836
-0.0010006995
0.0005617952
0.0011867931
0.0005617952
0.0005617952
0.0005617952
0.0002492963
-0.0010006995
-0.0013131984
-0.0025631942
-0.0035006910
-0.0050631858
-0.0069381794
-0.0085006741
-0.0110006657
-0.0122506614
-0.0122506614
-0.0122506614
-0.0110006657
-0.0097506699
-0.0081881752
-0.0060006826
-0.0050631858
-0.0041256889
-0.0022506953
-0.0000632027
0.0014992921
0.0014992921
-0.0000632027
-0.0031881921
-0.0060006826
-0.0081881752
-0.0075631773
-0.0060006826
-0.0056881836
-0.0060006826
-0.0069381794
-0.0078756762
-0.0088131731
-0.0097506699
-0.0110006657
-0.0116256636
-0.0122506614
-0.0135006572
-0.0144381540
-0.0138131562
-0.0103756678
-0.0063131815
-0.0025631942
-0.0013131984
-0.0028756932
-0.0063131815
-0.0085006741
-0.0094381710
-0.0088131731
-0.0085006741
-0.0078756762
-0.0050631858
-0.0016256974
0.0033742857
0.0086867678
0.0124367552
0.0155617446
0.0171242394
0.0155617446
0.0124367552
0.0086867678
0.0043117826
0.0027492878
0.0030617868
0.0036867847
0.0043117826
0.0043117826
0.0064992752
0.0089992668
0.0118117573
0.0130617531
0.0130617531
0.0118117573
0.0121242562
0.0127492541
0.0139992499
0.0158742436
0.0171242394
0.0177492373
0.0174367383
0.0139992499
0.0102492625
0.0074367720
0.0046242815
0.0030617868
0.0011867931
-0.0019381963
-0.0044381879
-0.0044381879
-0.0028756932
0.0005617952
0.0036867847
0.0055617784
0.0061867762
0.0055617784
0.0030617868
0.0024367889
0.0018117910
0.0008742942
-0.0003757016
-0.0019381963
-0.0019381963
-0.0016256974
-0.0019381963
-0.0003757016
0.0005617952
0.0008742942
0.0008742942
0.0018117910
0.0021242900
0.0027492878
0.0030617868
0.0030617868
0.0030617868
0.0030617868
0.0033742857
0.0030617868
0.0039992836
0.0039992836
0.0043117826
0.0043117826
0.0027492878
0.0024367889
-0.0000632027
-0.0035006910
-0.0050631858
-0.0072506784
-0.0078756762
-0.0075631773
-0.0072506784
-0.0050631858
-0.0038131900
-0.0035006910
-0.0035006910
-0.0041256889
-0.0044381879
-0.0022506953
0.0002492963
0.0039992836
0.0061867762
0.0064992752
0.0046242815
0.0027492878
0.0014992921
-0.0003757016
-0.0019381963
-0.0038131900
-0.0060006826
-0.0085006741
-0.0103756678
-0.0103756678
-0.0097506699
-0.0075631773
-0.0053756847
-0.0028756932
-0.0019381963
-0.0025631942
-0.0025631942
-0.0028756932
-0.0035006910
-0.0044381879
-0.0050631858
-0.0047506868
-0.0031881921
-0.0028756932
-0.0019381963
-0.0010006995
0.0014992921
0.0043117826
0.0074367720
0.0074367720
0.0061867762
0.0039992836
0.0005617952
-0.0016256974
-0.0019381963
-0.0019381963
-0.0016256974
0.0002492963
0.0008742942
0.0008742942
-0.0010006995
-0.0044381879
-0.0075631773
-0.0103756678
-0.0119381625
-0.0125631604
-0.0103756678
-0.0081881752
-0.0069381794
-0.0056881836
-0.0041256889
-0.0022506953
-0.0016256974
-0.0003757016
0.0005617952
0.0014992921
0.0005617952
-0.0022506953
-0.0041256889
-0.0056881836
-0.0041256889
-0.0019381963
0.0018117910
0.0039992836
0.0049367805
0.0039992836
0.0027492878
0.0030617868
0.0033742857
0.0052492794
0.0074367720
0.0096242646
0.0089992668
0.0049367805
-0.0006882005
-0.0075631773
-0.0135006572
-0.0166256466
-0.0160006487
-0.0116256636
-0.0066256805
-0.0003757016
0.0052492794
0.0089992668
0.0108742604
0.0096242646
0.0068117741
0.0033742857
0.0005617952
-0.0003757016
-0.0006882005
-0.0006882005
0.0005617952
-0.0000632027
-0.0000632027
-0.0000632027
-0.0006882005
-0.0003757016
0.0011867931
0.0021242900
0.0033742857
0.0039992836
0.0043117826
0.0046242815
0.0046242815
0.0033742857
0.0027492878
0.0011867931
0.0018117910
0.0027492878
0.0043117826
0.0077492710
0.0111867594
0.0133742520
0.0130617531
0.0105617615
0.0080617699
0.0036867847
-0.0000632027
-0.0038131900
-0.0056881836
-0.0056881836
-0.0044381879
-0.0038131900
-0.0041256889
-0.0047506868
-0.0053756847
-0.0069381794
-0.0088131731
-0.0094381710
-0.0094381710
-0.0091256720
-0.0088131731
-0.0088131731
-0.0085006741
-0.0078756762
-0.0069381794
-0.0041256889
-0.0010006995
-0.0003757016
-0.0000632027
-0.0000632027
0.0008742942
0.0014992921
0.0021242900
0.0018117910
0.0018117910
0.0014992921
0.0018117910
0.0027492878
0.0033742857
0.0030617868
0.0096242646
0.0377491700
0.0718115561
0.0880615020
0.0736865498
0.0355616774
-0.0122506614
-0.0553755150
-0.0781879371
-0.0806879286
-0.0681879713
-0.0450630501
-0.0228756255
-0.0116256636
-0.0110006657
-0.0188131392
-0.0228756255
0.0024367889
0.0455616438
0.0771240384
0.0736865498
0.0433741512
-0.0041256889
-0.0485005384
-0.0738129521
-0.0775629393
-0.0625629905
-0.0344380862
-0.0081881752
0.0089992668
0.0168117404
0.0177492373
0.0152492457
0.0114992583
0.0058742773
-0.0025631942
-0.0078756762
-0.0078756762
-0.0025631942
0.0049367805
0.0124367552
0.0164992415
0.0171242394
0.0146242478
0.0136867510
0.0127492541
0.0139992499
0.0180617362
0.0243117152
0.0268117068
0.0243117152
0.0177492373
0.0102492625
0.0071242731
0.0052492794
0.0033742857
0.0011867931
-0.0006882005
-0.0028756932
-0.0041256889
-0.0056881836
-0.0053756847
-0.0060006826
-0.0063131815
-0.0066256805
-0.0060006826
-0.0050631858
-0.0050631858
-0.0044381879
-0.0022506953
0.0005617952
0.0018117910
0.0002492963
-0.0016256974
-0.0044381879
-0.0053756847
-0.0060006826
-0.0053756847
-0.0047506868
-0.0025631942
-0.0000632027
0.0018117910
0.0014992921
-0.0003757016
-0.0035006910
-0.0038131900
-0.0025631942
-0.0000632027
0.0027492878
0.0039992836
0.0039992836
0.0018117910
-0.0019381963
-0.0060006826
-0.0094381710
-0.0100631688
-0.0097506699
-0.0088131731
-0.0091256720
-0.0081881752
-0.0075631773
-0.0066256805
-0.0053756847
-0.0025631942
0.0030617868
0.0080617699
0.0105617615
0.0102492625
0.0068117741
0.0002492963
-0.0047506868
-0.0069381794
-0.0078756762
-0.0081881752
-0.0081881752
-0.0072506784
-0.0088131731
-0.0097506699
-0.0106881667
-0.0110006657
-0.0088131731
-0.0056881836
-0.0022506953
0.0014992921
0.0046242815
0.0074367720
0.0077492710
0.0071242731
0.0049367805
0.0024367889
-0.0003757016
-0.0006882005
-0.0006882005
-0.0006882005
-0.0022506953
-0.0031881921
-0.0028756932
-0.0019381963
-0.0003757016
0.0018117910
0.0058742773
0.0102492625
0.0146242478
0.0180617362
0.0208742267
0.0214992246
0.0202492289
0.0161867425
0.0124367552
0.0083742689
0.0046242815
0.0024367889
0.0027492878
0.0046242815
0.0068117741
0.0083742689
0.0102492625
0.0111867594
0.0127492541
0.0139992499
0.0152492457
0.0161867425
0.0158742436
0.0155617446
0.0133742520
0.0118117573
0.0093117657
0.0083742689
0.0099367636
0.0114992583
0.0121242562
0.0127492541
0.0108742604
0.0077492710
0.0014992921
-0.0060006826
-0.0138131562
-0.0175631435
-0.0210006318
-0.0216256297
-0.0216256297
-0.0213131307
-0.0197506360
-0.0169381456
-0.0128756593
-0.0091256720
-0.0069381794
-0.0078756762
-0.0116256636
-0.0153756509
-0.0172506445
-0.0166256466
-0.0141256551
-0.0116256636
-0.0103756678
-0.0094381710
-0.0103756678
-0.0097506699
-0.0078756762
-0.0044381879
0.0008742942
0.0083742689
0.0139992499
0.0168117404
0.0152492457
0.0099367636
0.0024367889
-0.0056881836
-0.0110006657
-0.0144381540
-0.0175631435
-0.0197506360
-0.0200631350
-0.0200631350
-0.0194381371
-0.0160006487
-0.0110006657
-0.0063131815
-0.0022506953
0.0002492963
0.0021242900
0.0030617868
0.0018117910
-0.0003757016
-0.0038131900
-0.0069381794
-0.0097506699
-0.0119381625
-0.0135006572
-0.0135006572
-0.0113131646
-0.0075631773
-0.0050631858
-0.0025631942
-0.0010006995
-0.0003757016
-0.0003757016
-0.0003757016
-0.0013131984
-0.0031881921
-0.0038131900
-0.0044381879
-0.0038131900
-0.0006882005
0.0033742857
0.0086867678
0.0136867510
0.0180617362
0.0205617278
0.0211867257
0.0214992246
0.0224367215
0.0233742183
0.0230617194
0.0214992246
0.0174367383
0.0124367552
0.0093117657
0.0083742689
0.0080617699
0.0064992752
0.0033742857
-0.0025631942
-0.0097506699
-0.0181881413
-0.0250631180
-0.0313130968
-0.0328755915
-0.0294381032
-0.0225631265
-0.0131881583
-0.0041256889
0.0039992836
0.0086867678
0.0102492625
0.0121242562
0.0118117573
0.0111867594
0.0111867594
0.0105617615
0.0080617699
0.0018117910
-0.0078756762
-0.0188131392
-0.0285006064
-0.0366255788
-0.0391255703
-0.0372505767
-0.0310005979
-0.0244381202
-0.0203756339
-0.0185006403
-0.0197506360
-0.0197506360
-0.0169381456
-0.0097506699
0.0039992836
0.0205617278
0.0364991742
0.0496241302
0.0564991072
0.0555616104
0.0493116313
0.0383741679
0.0277492036
0.0186867341
0.0108742604
0.0055617784
-0.0006882005
-0.0056881836
-0.0113131646
-0.0150631519
-0.0172506445
-0.0172506445
-0.0150631519
-0.0116256636
-0.0072506784
-0.0028756932
-0.0000632027
0.0008742942
-0.0006882005
-0.0022506953
-0.0041256889
-0.0044381879
-0.0044381879
-0.0028756932
-0.0016256974
-0.0013131984
-0.0031881921
-0.0063131815
-0.0097506699
-0.0125631604
-0.0153756509
-0.0160006487
-0.0166256466
-0.0153756509
-0.0128756593
-0.0106881667
-0.0072506784
-0.0035006910
-0.0003757016
0.0036867847
0.0064992752
0.0074367720
0.0061867762
0.0049367805
0.0046242815
0.0046242815
0.0043117826
0.0049367805
0.0055617784
0.0077492710
0.0096242646
0.0105617615
0.0111867594
0.0114992583
0.0121242562
0.0111867594
0.0083742689
0.0039992836
-0.0016256974
-0.0060006826
-0.0072506784
-0.0075631773
-0.0056881836
-0.0041256889
-0.0022506953
0.0002492963
0.0021242900
0.0021242900
0.0021242900
0.0018117910
0.0024367889
0.0049367805
0.0068117741
0.0077492710
0.0068117741
0.0058742773
0.0043117826
0.0033742857
0.0005617952
-0.0019381963
-0.0050631858
-0.0066256805
-0.0078756762
-0.0075631773
-0.0066256805
-0.0053756847
-0.0031881921
-0.0000632027
0.0021242900
0.0033742857
0.0027492878
0.0005617952
-0.0016256974
-0.0022506953
-0.0006882005
0.0021242900
0.0036867847
0.0036867847
0.0008742942
-0.0025631942
-0.0056881836
-0.0081881752
-0.0078756762
-0.0063131815
-0.0047506868
-0.0047506868
-0.0060006826
-0.0081881752
-0.0103756678
-0.0113131646
-0.0119381625
-0.0119381625
-0.0116256636
-0.0097506699
-0.0085006741
-0.0060006826
-0.0025631942
0.0005617952
0.0039992836
0.0055617784
0.0074367720
0.0080617699
0.0077492710
0.0055617784
0.0021242900
0.0014992921
0.0008742942
0.0008742942
0.0011867931
0.0008742942
0.0002492963
-0.0016256974
-0.0035006910
-0.0050631858
-0.0047506868
-0.0035006910
-0.0019381963
-0.0010006995
-0.0013131984
-0.0022506953
-0.0038131900
-0.0044381879
-0.0028756932
-0.0010006995
-0.0006882005
-0.0016256974
-0.0041256889
-0.0056881836
-0.0053756847
-0.0044381879
-0.0016256974
0.0014992921
0.0030617868
0.0030617868
0.0018117910
-0.0006882005
-0.0028756932
-0.0028756932
-0.0013131984
0.0030617868
0.0077492710
0.0093117657
0.0093117657
0.0064992752
0.0024367889
-0.0025631942
-0.0060006826
-0.0078756762
-0.0078756762
-0.0060006826
-0.0028756932
0.0008742942
0.0030617868
0.0052492794
0.0055617784
0.0049367805
0.0046242815
0.0030617868
0.0027492878
0.0011867931
0.0002492963
-0.0010006995
-0.0035006910
-0.0047506868
-0.0053756847
-0.0050631858
-0.0031881921
-0.0010006995
0.0018117910
0.0046242815
0.0064992752
0.0055617784
0.0024367889
-0.0003757016
-0.0028756932
-0.0060006826
-0.0078756762
-0.0085006741
-0.0069381794
-0.0038131900
0.0005617952
0.0043117826
0.0064992752
0.0068117741
0.0061867762
0.0055617784
0.0049367805
0.0055617784
0.0058742773
0.0064992752
0.0058742773
0.0049367805
0.0036867847
0.0024367889
0.0011867931
-0.0006882005
-0.0028756932
-0.0053756847
-0.0072506784
-0.0094381710
-0.0110006657
-0.0122506614
-0.0119381625
-0.0103756678
-0.0088131731
-0.0056881836
-0.0038131900
-0.0044381879
-0.0053756847
-0.0066256805
-0.0063131815
-0.0038131900
-0.0000632027
0.0033742857
0.0061867762
0.0052492794
0.0024367889
-0.0016256974
-0.0044381879
-0.0050631858
-0.0028756932
0.0011867931
0.0039992836
0.0039992836
0.0021242900
-0.0010006995
-0.0028756932
-0.0035006910
-0.0016256974
0.0011867931
0.0033742857
0.0046242815
0.0033742857
-0.0013131984
-0.0035006910
-0.0035006910
-0.0010006995
0.0030617868
0.0064992752
0.0071242731
0.0049367805
0.0030617868
0.0005617952
-0.0006882005
-0.0025631942
-0.0028756932
-0.0038131900
-0.0044381879
-0.0035006910
-0.0019381963
-0.0003757016
0.0018117910
0.0039992836
0.0068117741
0.0086867678
0.0086867678
0.0068117741
0.0030617868
-0.0003757016
-0.0016256974
-0.0006882005
0.0014992921
0.0049367805
0.0080617699
0.0093117657
0.0077492710
0.0039992836
-0.0003757016
-0.0044381879
-0.0069381794
-0.0063131815
-0.0035006910
0.0002492963
0.0046242815
0.0064992752
0.0055617784
0.0030617868
0.0008742942
-0.0006882005
-0.0010006995
-0.0010006995
-0.0025631942
-0.0035006910
-0.0044381879
-0.0044381879
-0.0016256974
0.0024367889
0.0061867762
0.0074367720
0.0055617784
0.0018117910
-0.0013131984
-0.0028756932
-0.0031881921
-0.0031881921
-0.0028756932
-0.0010006995
0.0011867931
0.0043117826
0.0071242731
0.0099367636
0.0118117573
0.0121242562
0.0111867594
0.0089992668
0.0055617784
0.0018117910
-0.0022506953
-0.0047506868
-0.0056881836
-0.0031881921
-0.0003757016
0.0005617952
-0.0006882005
-0.0035006910
-0.0050631858
-0.0060006826
-0.0050631858
-0.0041256889
-0.0038131900
-0.0025631942
-0.0000632027
0.0024367889
0.0049367805
0.0061867762
0.0064992752
0.0064992752
0.0058742773
0.0055617784
0.0052492794
0.0049367805
0.0049367805
0.0033742857
0.0002492963
-0.0028756932
-0.0041256889
-0.0050631858
-0.0060006826
-0.0050631858
-0.0035006910
-0.0013131984
0.0024367889
0.0058742773
0.0068117741
0.0061867762
0.0027492878
-0.0010006995
-0.0053756847
-0.0088131731
-0.0135006572
-0.0163131477
-0.0169381456
-0.0153756509
-0.0116256636
-0.0081881752
-0.0038131900
-0.0000632027
0.0030617868
0.0052492794
0.0061867762
0.0074367720
0.0086867678
0.0096242646
0.0096242646
0.0083742689
0.0068117741
0.0039992836
0.0030617868
0.0018117910
0.0018117910
0.0005617952
-0.0013131984
-0.0031881921
-0.0038131900
-0.0031881921
-0.0025631942
-0.0016256974
-0.0022506953
-0.0038131900
-0.0066256805
-0.0094381710
-0.0110006657
-0.0100631688
-0.0063131815
-0.0038131900
-0.0016256974
0.0002492963
0.0027492878
0.0055617784
0.0077492710
0.0089992668
0.0093117657
0.0089992668
0.0089992668
0.0061867762
0.0024367889
-0.0019381963
-0.0056881836
-0.0069381794
-0.0056881836
-0.0031881921
-0.0003757016
0.0008742942
0.0011867931
0.0005617952
-0.0010006995
-0.0003757016
0.0005617952
0.0021242900
0.0030617868
0.0036867847
0.0039992836
0.0036867847
0.0024367889
0.0011867931
0.0002492963
0.0005617952
0.0002492963
-0.0003757016
-0.0013131984
-0.0010006995
-0.0006882005
-0.0010006995
-0.0019381963
-0.0041256889
-0.0060006826
-0.0072506784
-0.0078756762
-0.0075631773
-0.0056881836
-0.0038131900
-0.0022506953
-0.0000632027
0.0027492878
0.0055617784
0.0099367636
0.0118117573
0.0111867594
0.0077492710
0.0030617868
-0.0022506953
-0.0060006826
-0.0088131731
-0.0103756678
-0.0116256636
-0.0103756678
-0.0085006741
-0.0066256805
-0.0047506868
-0.0047506868
-0.0053756847
-0.0063131815
-0.0060006826
-0.0044381879
-0.0025631942
-0.0010006995
0.0002492963
0.0027492878
0.0036867847
0.0036867847
0.0027492878
0.0018117910
0.0021242900
0.0036867847
0.0052492794
0.0055617784
0.0046242815
0.0011867931
-0.0016256974
-0.0044381879
-0.0063131815
-0.0078756762
-0.0078756762
-0.0063131815
-0.0047506868
-0.0031881921
-0.0022506953
-0.0013131984
0.0002492963
0.0033742857
0.0049367805
0.0052492794
0.0052492794
0.0049367805
0.0033742857
0.0014992921
-0.0013131984
-0.0025631942
-0.0041256889
-0.0038131900
-0.0025631942
-0.0010006995
-0.0000632027
0.0008742942
0.0005617952
0.0005617952
0.0005617952
-0.0003757016
-0.0022506953
-0.0035006910
-0.0047506868
-0.0053756847
-0.0047506868
-0.0050631858
-0.0053756847
-0.0066256805
-0.0060006826
-0.0041256889
-0.0025631942
-0.0003757016
0.0008742942
0.0021242900
0.0036867847
0.0036867847
0.0036867847
0.0043117826
0.0046242815
0.0049367805
0.0058742773
0.0052492794
0.0030617868
0.0002492963
-0.0025631942
-0.0041256889
-0.0047506868
-0.0041256889
-0.0038131900
-0.0031881921
-0.0019381963
-0.0019381963
-0.0013131984
-0.0006882005
-0.0000632027
0.0005617952
0.0005617952
0.0002492963
-0.0010006995
-0.0022506953
-0.0025631942
-0.0025631942
-0.0028756932
-0.0031881921
-0.0038131900
-0.0047506868
-0.0044381879
-0.0031881921
-0.0022506953
0.0005617952
0.0033742857
0.0061867762
0.0093117657
0.0121242562
0.0136867510
0.0121242562
0.0080617699
0.0030617868
-0.0006882005
-0.0019381963
-0.0025631942
-0.0028756932
-0.0031881921
-0.0028756932
-0.0019381963
-0.0000632027
0.0027492878
0.0055617784
0.0077492710
0.0096242646
0.0102492625
0.0102492625
0.0080617699
0.0046242815
-0.0003757016
-0.0041256889
-0.0072506784
-0.0078756762
-0.0085006741
-0.0069381794
-0.0072506784
-0.0069381794
-0.0081881752
-0.0088131731
-0.0100631688
-0.0085006741
-0.0060006826
-0.0031881921
-0.0003757016
0.0018117910
0.0024367889
0.0014992921
0.0005617952
-0.0006882005
-0.0016256974
-0.0022506953
-0.0022506953
-0.0013131984
0.0018117910
0.0052492794
0.0086867678
0.0108742604
0.0114992583
0.0102492625
0.0083742689
0.0071242731
0.0080617699
0.0077492710
0.0061867762
0.0033742857
0.0008742942
-0.0019381963
-0.0050631858
-0.0069381794
-0.0075631773
-0.0063131815
-0.0044381879
-0.0010006995
0.0014992921
0.0027492878
0.0033742857
0.0033742857
0.0036867847
0.0049367805
0.0064992752
0.0055617784
0.0030617868
-0.0006882005
-0.0053756847
-0.0081881752
-0.0088131731
-0.0066256805
-0.0035006910
0.0002492963
0.0030617868
0.0036867847
0.0027492878
0.0030617868
0.0036867847
0.0046242815
0.0052492794
0.0043117826
0.0027492878
0.0008742942
0.0002492963
-0.0019381963
-0.0022506953
-0.0035006910
-0.0044381879
-0.0050631858
-0.0053756847
-0.0053756847
-0.0044381879
-0.0028756932
-0.0028756932
-0.0028756932
-0.0022506953
-0.0019381963
0.0005617952
0.0027492878
0.0043117826
0.0052492794
0.0052492794
0.0046242815
0.0036867847
0.0027492878
0.0030617868
0.0024367889
0.0005617952
-0.0019381963
-0.0038131900
-0.0053756847
-0.0069381794
-0.0075631773
-0.0078756762
-0.0072506784
-0.0060006826
-0.0047506868
-0.0044381879
-0.0047506868
-0.0060006826
-0.0072506784
-0.0072506784
-0.0069381794
-0.0072506784
-0.0072506784
-0.0066256805
-0.0063131815
-0.0044381879
-0.0016256974
0.0002492963
0.0014992921
0.0011867931
0.0008742942
-0.0000632027
-0.0010006995
-0.0025631942
-0.0031881921
-0.0031881921
-0.0016256974
0.0008742942
0.0036867847
0.0049367805
0.0046242815
0.0027492878
-0.0000632027
-0.0025631942
-0.0041256889
-0.0060006826
-0.0060006826
-0.0053756847
-0.0035006910
-0.0013131984
0.0002492963
0.0011867931
0.0018117910
0.0027492878
0.0024367889
0.0030617868
0.0046242815
0.0058742773
0.0074367720
0.0096242646
0.0121242562
0.0146242478
0.0171242394
0.0180617362
0.0161867425
0.0133742520
0.0099367636
0.0055617784
0.0021242900
-0.0006882005
-0.0028756932
-0.0041256889
-0.0053756847
-0.0066256805
-0.0075631773
-0.0091256720
-0.0091256720
-0.0088131731
-0.0081881752
-0.0066256805
-0.0060006826
-0.0050631858
-0.0050631858
-0.0044381879
-0.0031881921
-0.0028756932
-0.0006882005
0.0014992921
0.0033742857
0.0043117826
0.0046242815
0.0030617868
0.0027492878
0.0033742857
0.0039992836
0.0046242815
0.0046242815
0.0036867847
0.0021242900
0.0021242900
0.0018117910
0.0014992921
0.0027492878
0.0036867847
0.0046242815
0.0061867762
0.0068117741
0.0068117741
0.0036867847
-0.0031881921
-0.0106881667
-0.0160006487
-0.0169381456
-0.0166256466
-0.0153756509
-0.0135006572
-0.0097506699
-0.0063131815
-0.0025631942
0.0008742942
0.0052492794
0.0102492625
0.0133742520
0.0146242478
0.0121242562
0.0093117657
0.0058742773
0.0018117910
-0.0035006910
-0.0072506784
-0.0103756678
-0.0106881667
-0.0091256720
-0.0063131815
-0.0010006995
0.0043117826
0.0080617699
0.0089992668
0.0083742689
0.0058742773
0.0011867931
-0.0044381879
-0.0072506784
-0.0081881752
-0.0056881836
-0.0035006910
-0.0013131984
0.0021242900
0.0052492794
0.0068117741
0.0055617784
0.0027492878
0.0021242900
0.0021242900
0.0033742857
0.0039992836
0.0046242815
0.0046242815
0.0043117826
0.0055617784
0.0093117657
0.0127492541
0.0096242646
0.0011867931
-0.0088131731
-0.0147506530
-0.0175631435
-0.0150631519
-0.0060006826
0.0043117826
0.0133742520
0.0158742436
0.0127492541
0.0096242646
0.0102492625
0.0080617699
-0.0003757016
-0.0110006657
-0.0197506360
-0.0250631180
-0.0244381202
-0.0178756424
-0.0075631773
-0.0003757016
0.0036867847
0.0046242815
0.0011867931
-0.0035006910
-0.0081881752
-0.0094381710
-0.0069381794
-0.0022506953
0.0018117910
0.0052492794
0.0068117741
0.0080617699
0.0071242731
0.0055617784
0.0049367805
0.0030617868
-0.0000632027
-0.0031881921
-0.0060006826
-0.0060006826
-0.0047506868
-0.0038131900
-0.0022506953
-0.0016256974
-0.0013131984
-0.0016256974
-0.0016256974
-0.0003757016
0.0014992921
0.0049367805
0.0074367720
0.0083742689
0.0058742773
0.0014992921
-0.0013131984
-0.0013131984
0.0011867931
0.0046242815
0.0074367720
0.0086867678
0.0077492710
0.0052492794
0.0021242900
-0.0010006995
-0.0035006910
-0.0072506784
-0.0116256636
-0.0131881583
-0.0128756593
-0.0106881667
-0.0075631773
-0.0063131815
-0.0056881836
-0.0069381794
-0.0078756762
-0.0085006741
-0.0075631773
-0.0056881836
-0.0047506868
-0.0038131900
-0.0022506953
-0.0000632027
0.0033742857
0.0064992752
0.0080617699
0.0083742689
0.0077492710
0.0071242731
0.0077492710
0.0080617699
0.0086867678
0.0086867678
0.0074367720
0.0046242815
0.0018117910
-0.0010006995
-0.0019381963
-0.0006882005
0.0033742857
0.0089992668
0.0143117488
0.0177492373
0.0193117320
0.0180617362
0.0139992499
0.0105617615
0.0055617784
0.0011867931
-0.0038131900
-0.0081881752
-0.0119381625
-0.0147506530
-0.0169381456
-0.0185006403
-0.0181881413
-0.0166256466
-0.0138131562
-0.0094381710
-0.0053756847
-0.0013131984
0.0021242900
0.0043117826
0.0061867762
0.0089992668
0.0108742604
0.0139992499
0.0158742436
0.0177492373
0.0171242394
0.0127492541
0.0061867762
-0.0016256974
-0.0094381710
-0.0163131477
-0.0213131307
-0.0253756170
-0.0297506021
-0.0344380862
-0.0369380777
-0.0378755745
-0.0350630841
-0.0291256043
-0.0200631350
-0.0100631688
-0.0000632027
0.0083742689
0.0130617531
0.0155617446
0.0161867425
0.0143117488
0.0133742520
0.0130617531
0.0124367552
0.0102492625
0.0064992752
0.0027492878
-0.0003757016
-0.0016256974
-0.0013131984
-0.0000632027
0.0011867931
0.0018117910
0.0002492963
-0.0016256974
-0.0028756932
-0.0035006910
-0.0025631942
-0.0006882005
0.0011867931
0.0033742857
0.0046242815
0.0036867847
0.0018117910
-0.0006882005
-0.0028756932
-0.0038131900
-0.0035006910
-0.0019381963
-0.0013131984
-0.0010006995
-0.0010006995
-0.0013131984
-0.0019381963
-0.0031881921
-0.0041256889
-0.0060006826
-0.0066256805
-0.0060006826
-0.0053756847
-0.0041256889
-0.0038131900
-0.0047506868
-0.0069381794
-0.0066256805
-0.0063131815
-0.0053756847
-0.0038131900
-0.0022506953
-0.0013131984
-0.0006882005
0.0018117910
0.0033742857
0.0046242815
0.0039992836
0.0027492878
0.0011867931
-0.0003757016
-0.0019381963
-0.0019381963
-0.0016256974
-0.0010006995
-0.0000632027
0.0008742942
0.0018117910
0.0014992921
0.0005617952
-0.0006882005
-0.0016256974
-0.0013131984
-0.0000632027
0.0005617952
0.0018117910
0.0021242900
0.0021242900
0.0018117910
0.0018117910
0.0008742942
0.0005617952
0.0021242900
0.0049367805
0.0086867678
0.0114992583
0.0130617531
0.0127492541
0.0118117573
0.0102492625
0.0083742689
0.0064992752
0.0043117826
0.0024367889
0.0005617952
-0.0022506953
-0.0050631858
-0.0081881752
-0.0100631688
-0.0103756678
-0.0094381710
-0.0081881752
-0.0066256805
-0.0060006826
-0.0063131815
-0.0072506784
-0.0060006826
-0.0053756847
-0.0035006910
-0.0038131900
-0.0044381879
-0.0041256889
-0.0044381879
-0.0044381879
-0.0047506868
-0.0053756847
-0.0038131900
-0.0019381963
0.0008742942
0.0043117826
0.0071242731
0.0096242646
0.0114992583
0.0127492541
0.0121242562
0.0096242646
0.0064992752
0.0039992836
0.0008742942
-0.0031881921
-0.0063131815
-0.0097506699
-0.0106881667
-0.0100631688
-0.0078756762
-0.0047506868
-0.0019381963
-0.0022506953
-0.0022506953
-0.0031881921
-0.0050631858
-0.0066256805
-0.0072506784
-0.0069381794
-0.0060006826
-0.0044381879
-0.0025631942
0.0002492963
0.0024367889
0.0046242815
0.0049367805
0.0049367805
0.0055617784
0.0055617784
0.0049367805
0.0036867847
0.0021242900
-0.0006882005
-0.0031881921
-0.0047506868
-0.0050631858
-0.0038131900
-0.0013131984
0.0018117910
0.0055617784
0.0089992668
0.0086867678
0.0068117741
0.0021242900
-0.0022506953
-0.0063131815
-0.0097506699
-0.0125631604
-0.0150631519
-0.0163131477
-0.0175631435
-0.0163131477
-0.0131881583
-0.0103756678
-0.0069381794
-0.0047506868
-0.0028756932
-0.0019381963
-0.0013131984
-0.0000632027
-0.0000632027
0.0008742942
0.0018117910
0.0043117826
0.0074367720
0.0099367636
0.0114992583
0.0111867594
0.0093117657
0.0061867762
0.0027492878
0.0014992921
0.0005617952
-0.0000632027
-0.0013131984
-0.0044381879
-0.0081881752
-0.0110006657
-0.0138131562
-0.0144381540
-0.0147506530
-0.0135006572
-0.0106881667
-0.0081881752
-0.0056881836
-0.0041256889
-0.0022506953
-0.0013131984
0.0002492963
0.0018117910
0.0043117826
0.0061867762
0.0064992752
0.0061867762
0.0046242815
0.0027492878
0.0021242900
0.0018117910
0.0018117910
0.0008742942
0.0005617952
-0.0000632027
-0.0003757016
-0.0013131984
-0.0013131984
-0.0028756932
-0.0035006910
-0.0044381879
-0.0060006826
-0.0072506784
-0.0081881752
-0.0085006741
-0.0075631773
-0.0066256805
-0.0050631858
-0.0028756932
0.0005617952
0.0049367805
0.0086867678
0.0127492541
0.0143117488
0.0143117488
0.0127492541
0.0089992668
0.0046242815
-0.0003757016
-0.0050631858
-0.0094381710
-0.0110006657
-0.0116256636
-0.0088131731
-0.0060006826
-0.0028756932
-0.0010006995
-0.0006882005
-0.0010006995
-0.0013131984
-0.0013131984
0.0002492963
0.0011867931
0.0024367889
0.0024367889
0.0027492878
0.0027492878
0.0021242900
0.0014992921
0.0002492963
-0.0006882005
-0.0010006995
-0.0016256974
-0.0010006995
0.0002492963
0.0014992921
0.0018117910
0.0011867931
0.0011867931
0.0005617952
0.0008742942
-0.0003757016
-0.0022506953
-0.0035006910
-0.0050631858
-0.0056881836
-0.0060006826
-0.0056881836
-0.0044381879
-0.0028756932
-0.0003757016
0.0024367889
0.0043117826
0.0049367805
0.0052492794
0.0033742857
0.0005617952
-0.0022506953
-0.0044381879
-0.0047506868
-0.0047506868
-0.0047506868
-0.0047506868
-0.0035006910
-0.0025631942
-0.0013131984
-0.0010006995
-0.0003757016
-0.0000632027
0.0002492963
0.0011867931
0.0011867931
0.0011867931
-0.0000632027
-0.0019381963
-0.0031881921
-0.0044381879
-0.0044381879
-0.0053756847
-0.0031881921
-0.0019381963
0.0011867931
0.0036867847
0.0049367805
0.0058742773
0.0058742773
0.0058742773
0.0039992836
0.0018117910
0.0002492963
-0.0016256974
-0.0025631942
-0.0041256889
-0.0050631858
-0.0044381879
-0.0035006910
-0.0006882005
0.0021242900
0.0052492794
0.0080617699
0.0096242646
0.0099367636
0.0093117657
0.0071242731
0.0039992836
0.0008742942
-0.0016256974
-0.0028756932
-0.0035006910
-0.0035006910
-0.0031881921
-0.0038131900
-0.0041256889
-0.0041256889
-0.0047506868
-0.0056881836
-0.0041256889
-0.0044381879
-0.0035006910
-0.0016256974
0.0002492963
0.0021242900
0.0033742857
0.0043117826
0.0046242815
0.0049367805
0.0046242815
0.0052492794
0.0049367805
0.0052492794
0.0049367805
0.0021242900
-0.0010006995
-0.0035006910
-0.0050631858
-0.0069381794
-0.0094381710
-0.0116256636
-0.0138131562
-0.0138131562
-0.0128756593
-0.0113131646
-0.0085006741
-0.0053756847
-0.0022506953
0.0011867931
0.0039992836
0.0064992752
0.0089992668
0.0093117657
0.0093117657
0.0080617699
0.0058742773
0.0030617868
0.0005617952
-0.0000632027
0.0005617952
0.0005617952
0.0005617952
-0.0000632027
-0.0013131984
-0.0025631942
-0.0031881921
-0.0044381879
-0.0038131900
-0.0028756932
-0.0016256974
-0.0010006995
-0.0006882005
-0.0025631942
-0.0041256889
-0.0066256805
-0.0072506784
-0.0063131815
-0.0053756847
-0.0047506868
-0.0041256889
-0.0041256889
-0.0050631858
-0.0066256805
-0.0081881752
-0.0106881667
-0.0135006572
-0.0160006487
-0.0163131477
-0.0125631604
-0.0075631773
-0.0013131984
0.0036867847
0.0071242731
0.0089992668
0.0086867678
0.0074367720
0.0046242815
0.0018117910
-0.0000632027
-0.0013131984
-0.0013131984
-0.0003757016
0.0008742942
0.0014992921
0.0021242900
0.0033742857
0.0049367805
0.0055617784
0.0052492794
0.0058742773
0.0086867678
0.0124367552
0.0164992415
0.0199367299
0.0211867257
0.0202492289
0.0189992331
0.0168117404
0.0143117488
0.0124367552
0.0093117657
0.0064992752
0.0039992836
0.0018117910
0.0014992921
0.0005617952
-0.0010006995
-0.0031881921
-0.0050631858
-0.0069381794
-0.0078756762
-0.0088131731
-0.0097506699
-0.0113131646
-0.0147506530
-0.0172506445
-0.0194381371
-0.0210006318
-0.0206881329
-0.0191256382
-0.0160006487
-0.0125631604
-0.0100631688
-0.0075631773
-0.0066256805
-0.0063131815
-0.0060006826
-0.0056881836
-0.0028756932
0.0002492963
0.0021242900
0.0018117910
-0.0000632027
-0.0044381879
-0.0078756762
-0.0110006657
-0.0110006657
-0.0097506699
-0.0063131815
-0.0013131984
0.0399366627
0.1836861873
0.3261857313
0.3905605311
0.3780605697
0.3096232834
0.2199360697
0.1155614108
0.0202492289
-0.0216256297
-0.0303756000
-0.0260006149
-0.0228756255
-0.0263131138
-0.0438130543
-0.0806879286
-0.1260002731
-0.1713126167
-0.2163124607
-0.2544373279
-0.2763122515
-0.2019375106
0.0171242394
0.1986861385
0.2780608834
0.2468109832
0.1430613202
0.0046242815
-0.1269377699
-0.1744376059
-0.1610001524
-0.1169378043
-0.0694379670
-0.0310005979
-0.0191256382
-0.0360005809
-0.0656879798
-0.0894378986
-0.1013128579
-0.0981878686
-0.0769379414
-0.0453755490
-0.0188131392
-0.0063131815
-0.0072506784
-0.0178756424
-0.0313130968
-0.0397505682
-0.0375630756
-0.0278756085
-0.0147506530
-0.0000632027
0.0130617531
0.0230617194
0.0302491952
0.0311866921
0.0249367131
0.0171242394
0.0102492625
0.0064992752
0.0046242815
0.0068117741
0.0133742520
0.0189992331
0.0202492289
0.0171242394
0.0105617615
0.0021242900
-0.0072506784
-0.0125631604
-0.0147506530
-0.0160006487
-0.0172506445
-0.0153756509
-0.0128756593
-0.0097506699
-0.0038131900
0.0036867847
0.0102492625
0.0114992583
0.0083742689
0.0024367889
-0.0078756762
-0.0169381456
-0.0225631265
-0.0244381202
-0.0203756339
-0.0141256551
-0.0088131731
-0.0072506784
-0.0091256720
-0.0078756762
-0.0022506953
0.0058742773
0.0118117573
0.0152492457
0.0143117488
0.0099367636
0.0074367720
0.0043117826
-0.0013131984
-0.0069381794
-0.0100631688
-0.0063131815
0.0002492963
0.0071242731
0.0105617615
0.0108742604
0.0071242731
0.0014992921
-0.0028756932
-0.0047506868
-0.0053756847
-0.0041256889
-0.0019381963
0.0002492963
0.0024367889
0.0021242900
-0.0006882005
-0.0044381879
-0.0060006826
-0.0044381879
-0.0013131984
0.0018117910
0.0061867762
0.0111867594
0.0168117404
0.0189992331
0.0180617362
0.0127492541
0.0061867762
-0.0006882005
-0.0069381794
-0.0113131646
-0.0128756593
-0.0091256720
-0.0016256974
0.0068117741
0.0118117573
0.0149367467
0.0168117404
0.0189992331
0.0205617278
0.0202492289
0.0205617278
0.0205617278
0.0193117320
0.0158742436
0.0102492625
0.0039992836
-0.0010006995
-0.0050631858
-0.0078756762
-0.0091256720
-0.0053756847
0.0027492878
0.0083742689
0.0086867678
0.0068117741
0.0018117910
-0.0041256889
-0.0091256720
-0.0097506699
-0.0072506784
-0.0047506868
-0.0028756932
-0.0019381963
-0.0016256974
-0.0006882005
0.0011867931
0.0036867847
0.0049367805
0.0046242815
0.0024367889
0.0011867931
0.0011867931
0.0027492878
0.0043117826
0.0061867762
0.0055617784
0.0046242815
0.0027492878
0.0014992921
-0.0003757016
-0.0016256974
-0.0016256974
-0.0003757016
0.0027492878
0.0074367720
0.0108742604
0.0114992583
0.0086867678
0.0024367889
-0.0047506868
-0.0106881667
-0.0144381540
-0.0163131477
-0.0150631519
-0.0113131646
-0.0078756762
-0.0050631858
-0.0056881836
-0.0091256720
-0.0131881583
-0.0160006487
-0.0166256466
-0.0147506530
-0.0128756593
-0.0094381710
-0.0060006826
-0.0050631858
-0.0060006826
-0.0088131731
-0.0116256636
-0.0147506530
-0.0147506530
-0.0122506614
-0.0078756762
-0.0010006995
0.0024367889
0.0018117910
-0.0019381963
-0.0066256805
-0.0075631773
-0.0069381794
-0.0050631858
-0.0019381963
0.0008742942
0.0027492878
0.0049367805
0.0080617699
0.0093117657
0.0089992668
0.0074367720
0.0074367720
0.0083742689
0.0089992668
0.0099367636
0.0111867594
0.0127492541
0.0136867510
0.0149367467
0.0155617446
0.0161867425
0.0168117404
0.0155617446
0.0118117573
0.0083742689
0.0061867762
0.0061867762
0.0061867762
0.0071242731
0.0058742773
0.0039992836
0.0024367889
0.0014992921
0.0027492878
0.0049367805
0.0058742773
0.0071242731
0.0086867678
0.0118117573
0.0152492457
0.0177492373
0.0161867425
0.0111867594
0.0043117826
-0.0022506953
-0.0063131815
-0.0097506699
-0.0116256636
-0.0147506530
-0.0163131477
-0.0150631519
-0.0119381625
-0.0097506699
-0.0078756762
-0.0044381879
-0.0006882005
0.0014992921
0.0018117910
0.0008742942
0.0005617952
0.0002492963
-0.0006882005
-0.0041256889
-0.0085006741
-0.0147506530
-0.0185006403
-0.0213131307
-0.0210006318
-0.0191256382
-0.0156881498
-0.0116256636
-0.0078756762
-0.0047506868
-0.0022506953
-0.0000632027
0.0027492878
0.0036867847
0.0030617868
0.0008742942
-0.0003757016
-0.0006882005
-0.0000632027
0.0005617952
-0.0000632027
-0.0006882005
-0.0031881921
-0.0066256805
-0.0088131731
-0.0113131646
-0.0122506614
-0.0106881667
-0.0075631773
-0.0025631942
0.0027492878
0.0061867762
0.0086867678
0.0096242646
0.0086867678
0.0074367720
0.0055617784
0.0046242815
0.0046242815
0.0046242815
0.0049367805
0.0064992752
0.0093117657
0.0099367636
0.0102492625
0.0086867678
0.0077492710
0.0055617784
0.0008742942
-0.0038131900
-0.0088131731
-0.0131881583
-0.0147506530
-0.0141256551
-0.0128756593
-0.0128756593
-0.0153756509
-0.0178756424
-0.0181881413
-0.0160006487
-0.0116256636
-0.0041256889
0.0055617784
0.0136867510
0.0199367299
0.0224367215
0.0189992331
0.0111867594
0.0018117910
-0.0085006741
-0.0188131392
-0.0260006149
-0.0285006064
-0.0285006064
-0.0275631096
-0.0285006064
-0.0275631096
-0.0241256212
-0.0185006403
-0.0100631688
0.0014992921
0.0111867594
0.0180617362
0.0214992246
0.0227492204
0.0236867173
0.0246242141
0.0243117152
0.0243117152
0.0239992162
0.0221242225
0.0183742352
0.0152492457
0.0086867678
-0.0003757016
-0.0131881583
-0.0253756170
-0.0344380862
-0.0375630756
-0.0338130883
-0.0285006064
-0.0222506276
-0.0163131477
-0.0141256551
-0.0119381625
-0.0081881752
-0.0028756932
-0.0003757016
0.0027492878
0.0061867762
0.0118117573
0.0152492457
0.0168117404
0.0183742352
0.0193117320
0.0186867341
0.0174367383
0.0133742520
0.0080617699
0.0033742857
-0.0003757016
-0.0038131900
-0.0060006826
-0.0056881836
-0.0066256805
-0.0075631773
-0.0072506784
-0.0069381794
-0.0081881752
-0.0103756678
-0.0119381625
-0.0122506614
-0.0122506614
-0.0116256636
-0.0106881667
-0.0100631688
-0.0091256720
-0.0072506784
-0.0031881921
-0.0003757016
0.0014992921
0.0024367889
0.0024367889
0.0039992836
0.0080617699
0.0114992583
0.0146242478
0.0158742436
0.0143117488
0.0130617531
0.0136867510
0.0155617446
0.0155617446
0.0136867510
0.0118117573
0.0077492710
0.0030617868
-0.0025631942
-0.0085006741
-0.0138131562
-0.0169381456
-0.0166256466
-0.0138131562
-0.0106881667
-0.0066256805
-0.0025631942
0.0014992921
0.0046242815
0.0089992668
0.0127492541
0.0152492457
0.0174367383
0.0189992331
0.0189992331
0.0177492373
0.0164992415
0.0136867510
0.0099367636
0.0055617784
-0.0000632027
-0.0050631858
-0.0097506699
-0.0100631688
-0.0063131815
-0.0016256974
0.0018117910
0.0018117910
0.0008742942
-0.0013131984
-0.0038131900
-0.0078756762
-0.0116256636
-0.0135006572
-0.0138131562
-0.0138131562
-0.0144381540
-0.0166256466
-0.0197506360
-0.0222506276
-0.0213131307
-0.0150631519
-0.0056881836
0.0018117910
0.0055617784
0.0089992668
0.0089992668
0.0071242731
0.0024367889
-0.0028756932
-0.0047506868
-0.0025631942
0.0018117910
0.0058742773
0.0068117741
0.0068117741
0.0049367805
0.0033742857
0.0030617868
0.0021242900
0.0005617952
-0.0031881921
-0.0050631858
-0.0085006741
-0.0097506699
-0.0078756762
-0.0028756932
0.0021242900
0.0055617784
0.0083742689
0.0055617784
-0.0003757016
-0.0056881836
-0.0110006657
-0.0153756509
-0.0188131392
-0.0191256382
-0.0166256466
-0.0125631604
-0.0094381710
-0.0110006657
-0.0160006487
-0.0210006318
-0.0250631180
-0.0275631096
-0.0291256043
-0.0278756085
-0.0231881244
-0.0197506360
-0.0175631435
-0.0156881498
-0.0128756593
-0.0113131646
-0.0085006741
-0.0081881752
-0.0088131731
-0.0085006741
-0.0047506868
-0.0010006995
0.0018117910
0.0036867847
0.0046242815
0.0071242731
0.0099367636
0.0127492541
0.0121242562
0.0083742689
0.0046242815
0.0014992921
-0.0013131984
-0.0028756932
-0.0035006910
-0.0016256974
0.0014992921
0.0068117741
0.0108742604
0.0136867510
0.0152492457
0.0158742436
0.0164992415
0.0186867341
0.0208742267
0.0227492204
0.0208742267
0.0168117404
0.0111867594
0.0055617784
0.0008742942
-0.0025631942
-0.0056881836
-0.0078756762
-0.0103756678
-0.0128756593
-0.0153756509
-0.0178756424
-0.0178756424
-0.0156881498
-0.0110006657
-0.0063131815
-0.0006882005
0.0033742857
0.0061867762
0.0099367636
0.0121242562
0.0124367552
0.0111867594
0.0074367720
0.0043117826
0.0011867931
-0.0019381963
-0.0063131815
-0.0106881667
-0.0138131562
-0.0156881498
-0.0163131477
-0.0147506530
-0.0116256636
-0.0100631688
-0.0097506699
-0.0110006657
-0.0116256636
-0.0103756678
-0.0066256805
-0.0006882005
0.0055617784
0.0093117657
0.0102492625
0.0114992583
0.0124367552
0.0136867510
0.0130617531
0.0121242562
0.0099367636
0.0077492710
0.0043117826
0.0014992921
-0.0016256974
-0.0031881921
-0.0038131900
-0.0028756932
-0.0006882005
0.0002492963
0.0005617952
-0.0013131984
-0.0031881921
-0.0053756847
-0.0072506784
-0.0075631773
-0.0060006826
-0.0044381879
-0.0038131900
-0.0053756847
-0.0066256805
-0.0066256805
-0.0044381879
-0.0019381963
-0.0000632027
0.0021242900
0.0033742857
0.0033742857
0.0024367889
0.0024367889
0.0021242900
-0.0000632027
-0.0028756932
-0.0069381794
-0.0088131731
-0.0088131731
-0.0041256889
0.0011867931
0.0061867762
0.0114992583
0.0161867425
0.0186867341
0.0205617278
0.0202492289
0.0196242310
0.0171242394
0.0127492541
0.0068117741
0.0005617952
-0.0047506868
-0.0094381710
-0.0125631604
-0.0135006572
-0.0116256636
-0.0075631773
-0.0035006910
-0.0006882005
-0.0019381963
-0.0038131900
-0.0053756847
-0.0060006826
-0.0038131900
-0.0022506953
-0.0003757016
0.0021242900
0.0064992752
0.0102492625
0.0118117573
0.0111867594
0.0080617699
0.0036867847
-0.0010006995
-0.0053756847
-0.0081881752
-0.0091256720
-0.0085006741
-0.0066256805
-0.0031881921
-0.0000632027
0.0027492878
0.0024367889
0.0002492963
-0.0028756932
-0.0056881836
-0.0078756762
-0.0075631773
-0.0069381794
-0.0063131815
-0.0053756847
-0.0041256889
-0.0028756932
-0.0019381963
-0.0006882005
-0.0010006995
-0.0006882005
-0.0022506953
-0.0031881921
-0.0031881921
-0.0031881921
-0.0041256889
-0.0050631858
-0.0056881836
-0.0056881836
-0.0053756847
-0.0050631858
-0.0056881836
-0.0066256805
-0.0069381794
-0.0066256805
-0.0041256889
-0.0006882005
0.0030617868
0.0039992836
0.0030617868
0.0021242900
0.0021242900
0.0024367889
0.0027492878
0.0039992836
0.0046242815
0.0052492794
0.0030617868
-0.0019381963
-0.0075631773
-0.0116256636
-0.0138131562
-0.0128756593
-0.0088131731
-0.0050631858
-0.0016256974
0.0005617952
0.0018117910
0.0027492878
0.0046242815
0.0058742773
0.0071242731
0.0074367720
0.0064992752
0.0052492794
0.0024367889
0.0014992921
0.0005617952
0.0005617952
0.0005617952
0.0005617952
-0.0006882005
-0.0022506953
-0.0031881921
-0.0025631942
-0.0006882005
0.0027492878
0.0055617784
0.0064992752
0.0046242815
0.0018117910
-0.0025631942
-0.0060006826
-0.0063131815
-0.0028756932
0.0021242900
0.0061867762
0.0077492710
0.0061867762
0.0030617868
-0.0006882005
-0.0053756847
-0.0094381710
-0.0116256636
-0.0106881667
-0.0069381794
-0.0019381963
0.0014992921
0.0030617868
0.0021242900
-0.0000632027
-0.0010006995
0.0002492963
0.0018117910
0.0021242900
0.0011867931
-0.0013131984
-0.0022506953
-0.0031881921
-0.0022506953
0.0002492963
0.0014992921
0.0021242900
0.0024367889
0.0030617868
0.0055617784
0.0071242731
0.0071242731
0.0061867762
0.0039992836
0.0021242900
0.0018117910
0.0021242900
0.0033742857
0.0043117826
0.0049367805
0.0046242815
0.0030617868
0.0011867931
0.0005617952
0.0002492963
-0.0013131984
-0.0035006910
-0.0041256889
-0.0053756847
-0.0053756847
-0.0047506868
-0.0041256889
-0.0028756932
-0.0022506953
-0.0019381963
-0.0022506953
-0.0038131900
-0.0069381794
-0.0091256720
-0.0100631688
-0.0091256720
-0.0066256805
-0.0044381879
-0.0025631942
-0.0022506953
-0.0006882005
-0.0003757016
-0.0000632027
-0.0003757016
-0.0022506953
-0.0038131900
-0.0044381879
-0.0038131900
-0.0050631858
-0.0066256805
-0.0088131731
-0.0100631688
-0.0097506699
-0.0072506784
-0.0035006910
0.0005617952
0.0039992836
0.0049367805
0.0036867847
0.0008742942
-0.0013131984
-0.0025631942
-0.0028756932
-0.0028756932
-0.0022506953
-0.0000632027
0.0024367889
0.0036867847
0.0033742857
0.0011867931
-0.0000632027
-0.0003757016
0.0011867931
0.0039992836
0.0071242731
0.0089992668
0.0099367636
0.0102492625
0.0096242646
0.0080617699
0.0055617784
0.0033742857
0.0008742942
-0.0000632027
0.0002492963
0.0024367889
0.0033742857
0.0049367805
0.0046242815
0.0036867847
0.0033742857
0.0021242900
0.0005617952
0.0002492963
-0.0000632027
-0.0010006995
-0.0016256974
-0.0035006910
-0.0053756847
-0.0066256805
-0.0075631773
-0.0078756762
-0.0069381794
-0.0063131815
-0.0060006826
-0.0044381879
-0.0022506953
0.0008742942
0.0033742857
0.0049367805
0.0055617784
0.0049367805
0.0024367889
-0.0022506953
-0.0072506784
-0.0113131646
-0.0113131646
-0.0085006741
-0.0044381879
-0.0003757016
0.0024367889
0.0030617868
0.0024367889
0.0011867931
-0.0006882005
-0.0035006910
-0.0050631858
-0.0072506784
-0.0078756762
-0.0078756762
-0.0056881836
-0.0035006910
-0.0016256974
-0.0006882005
-0.0000632027
-0.0003757016
-0.0010006995
-0.0028756932
-0.0038131900
-0.0047506868
-0.0035006910
-0.0025631942
-0.0022506953
-0.0028756932
-0.0038131900
-0.0047506868
-0.0060006826
-0.0072506784
-0.0078756762
-0.0078756762
-0.0066256805
-0.0044381879
-0.0019381963
0.0011867931
0.0033742857
0.0049367805
0.0064992752
0.0074367720
0.0071242731
0.0061867762
0.0049367805
0.0030617868
-0.0003757016
-0.0028756932
-0.0044381879
-0.0053756847
-0.0047506868
-0.0041256889
-0.0035006910
-0.0016256974
0.0002492963
0.0014992921
0.0027492878
0.0049367805
0.0061867762
0.0064992752
0.0074367720
0.0074367720
0.0068117741
0.0052492794
0.0027492878
-0.0000632027
-0.0035006910
-0.0050631858
-0.0056881836
-0.0056881836
-0.0050631858
-0.0050631858
-0.0053756847
-0.0053756847
-0.0060006826
-0.0060006826
-0.0050631858
-0.0044381879
-0.0035006910
-0.0019381963
-0.0000632027
0.0024367889
0.0055617784
0.0086867678
0.0099367636
0.0089992668
0.0055617784
0.0024367889
-0.0006882005
-0.0028756932
-0.0038131900
-0.0038131900
-0.0022506953
-0.0013131984
-0.0003757016
-0.0003757016
-0.0006882005
-0.0010006995
-0.0000632027
0.0005617952
0.0018117910
0.0030617868
0.0039992836
0.0033742857
0.0018117910
-0.0006882005
-0.0019381963
-0.0044381879
-0.0056881836
-0.0063131815
-0.0060006826
-0.0056881836
-0.0050631858
-0.0047506868
-0.0044381879
-0.0038131900
-0.0010006995
0.0030617868
0.0061867762
0.0074367720
0.0064992752
0.0043117826
0.0002492963
-0.0025631942
-0.0050631858
-0.0069381794
-0.0094381710
-0.0113131646
-0.0113131646
-0.0110006657
-0.0081881752
-0.0053756847
-0.0035006910
-0.0035006910
-0.0038131900
-0.0031881921
-0.0019381963
-0.0000632027
0.0018117910
0.0024367889
0.0018117910
0.0005617952
-0.0013131984
-0.0035006910
-0.0047506868
-0.0041256889
-0.0010006995
0.0027492878
0.0061867762
0.0096242646
0.0099367636
0.0074367720
0.0030617868
0.0002492963
-0.0000632027
0.0039992836
0.0158742436
0.0327491868
0.0477491365
0.0546241135
0.0521241219
0.0418116564
0.0277492036
0.0139992499
0.0024367889
-0.0025631942
-0.0028756932
-0.0022506953
-0.0038131900
-0.0091256720
-0.0166256466
-0.0231881244
-0.0288131053
-0.0313130968
-0.0272506106
-0.0144381540
0.0033742857
0.0174367383
0.0233742183
0.0183742352
0.0055617784
-0.0103756678
-0.0260006149
-0.0353755830
-0.0403755660
-0.0400630671
-0.0366255788
-0.0347505852
-0.0328755915
-0.0285006064
-0.0188131392
-0.0066256805
0.0039992836
0.0114992583
0.0133742520
0.0108742604
0.0077492710
0.0046242815
0.0018117910
-0.0003757016
-0.0022506953
-0.0050631858
-0.0044381879
-0.0022506953
0.0008742942
0.0049367805
0.0080617699
0.0080617699
0.0061867762
0.0046242815
0.0027492878
-0.0010006995
-0.0041256889
-0.0072506784
-0.0100631688
-0.0113131646
-0.0106881667
-0.0103756678
-0.0119381625
-0.0141256551
-0.0166256466
-0.0172506445
-0.0150631519
-0.0113131646
-0.0072506784
-0.0041256889
-0.0035006910
-0.0047506868
-0.0060006826
-0.0063131815
-0.0047506868
-0.0022506953
0.0008742942
0.0024367889
0.0030617868
0.0033742857
0.0018117910
-0.0000632027
-0.0019381963
-0.0028756932
-0.0025631942
0.0011867931
0.0064992752
0.0114992583
0.0143117488
0.0143117488
0.0114992583
0.0080617699
0.0039992836
0.0014992921
-0.0003757016
-0.0006882005
0.0011867931
0.0030617868
0.0046242815
0.0039992836
0.0014992921
-0.0000632027
-0.0006882005
-0.0013131984
-0.0006882005
0.0002492963
0.0002492963
-0.0010006995
-0.0019381963
-0.0038131900
-0.0041256889
-0.0028756932
-0.0006882005
0.0005617952
0.0011867931
0.0018117910
-0.0000632027
-0.0041256889
-0.0088131731
-0.0110006657
-0.0097506699
-0.0060006826
-0.0031881921
-0.0016256974
-0.0028756932
-0.0063131815
-0.0103756678
-0.0131881583
-0.0135006572
-0.0119381625
-0.0085006741
-0.0056881836
-0.0038131900
-0.0019381963
0.0002492963
0.0033742857
0.0064992752
0.0105617615
0.0136867510
0.0161867425
0.0155617446
0.0111867594
0.0046242815
-0.0019381963
-0.0078756762
-0.0131881583
-0.0160006487
-0.0169381456
-0.0156881498
-0.0122506614
-0.0078756762
-0.0044381879
-0.0035006910
-0.0019381963
-0.0003757016
0.0014992921
0.0046242815
0.0086867678
0.0127492541
0.0143117488
0.0139992499
0.0121242562
0.0093117657
0.0058742773
0.0039992836
0.0021242900
0.0011867931
0.0005617952
0.0005617952
-0.0000632027
-0.0031881921
-0.0078756762
-0.0110006657
-0.0110006657
-0.0081881752
-0.0028756932
0.0021242900
0.0049367805
0.0052492794
0.0024367889
0.0005617952
-0.0022506953
-0.0041256889
-0.0044381879
-0.0038131900
-0.0019381963
-0.0000632027
0.0005617952
0.0002492963
-0.0010006995
-0.0025631942
-0.0035006910
-0.0038131900
-0.0022506953
0.0008742942
0.0049367805
0.0086867678
0.0086867678
0.0049367805
-0.0022506953
-0.0091256720
-0.0141256551
-0.0156881498
-0.0131881583
-0.0100631688
-0.0085006741
-0.0078756762
-0.0091256720
-0.0097506699
-0.0091256720
-0.0075631773
-0.0038131900
0.0005617952
0.0061867762
0.0108742604
0.0121242562
0.0093117657
0.0036867847
-0.0003757016
-0.0028756932
-0.0022506953
0.0005617952
0.0018117910
0.0039992836
0.0068117741
0.0089992668
0.0121242562
0.0136867510
0.0146242478
0.0136867510
0.0121242562
0.0105617615
0.0080617699
0.0046242815
0.0011867931
-0.0035006910
-0.0075631773
-0.0097506699
-0.0113131646
-0.0097506699
-0.0085006741
-0.0078756762
-0.0081881752
-0.0085006741
-0.0088131731
-0.0085006741
-0.0078756762
-0.0078756762
-0.0075631773
-0.0072506784
-0.0078756762
-0.0072506784
-0.0053756847
-0.0035006910
-0.0013131984
-0.0006882005
0.0005617952
0.0014992921
0.0014992921
0.0018117910
0.0005617952
0.0002492963
-0.0000632027
0.0008742942
0.0014992921
0.0030617868
0.0052492794
0.0064992752
0.0071242731
0.0071242731
0.0064992752
0.0064992752
0.0068117741
0.0068117741
0.0080617699
0.0083742689
0.0086867678
0.0086867678
0.0064992752
0.0039992836
0.0021242900
0.0011867931
0.0024367889
0.0043117826
0.0064992752
0.0074367720
0.0064992752
0.0043117826
0.0021242900
0.0011867931
0.0002492963
0.0002492963
0.0005617952
0.0008742942
-0.0003757016
-0.0022506953
-0.0053756847
-0.0088131731
-0.0116256636
-0.0122506614
-0.0103756678
-0.0069381794
-0.0038131900
-0.0000632027
0.0021242900
0.0043117826
0.0055617784
0.0071242731
0.0077492710
0.0089992668
0.0105617615
0.0108742604
0.0111867594
0.0114992583
0.0114992583
0.0105617615
0.0083742689
0.0068117741
0.0055617784
0.0033742857
0.0014992921
-0.0000632027
-0.0016256974
-0.0022506953
-0.0013131984
-0.0019381963
-0.0031881921
-0.0063131815
-0.0094381710
-0.0128756593
-0.0138131562
-0.0138131562
-0.0110006657
-0.0075631773
-0.0050631858
-0.0041256889
-0.0038131900
-0.0047506868
-0.0056881836
-0.0047506868
-0.0028756932
-0.0006882005
0.0018117910
0.0036867847
0.0049367805
0.0052492794
0.0046242815
0.0039992836
0.0021242900
0.0021242900
0.0024367889
0.0027492878
0.0021242900
0.0008742942
-0.0003757016
-0.0025631942
-0.0035006910
-0.0041256889
-0.0031881921
-0.0035006910
-0.0022506953
-0.0016256974
-0.0000632027
0.0002492963
0.0008742942
0.0011867931
0.0011867931
0.0027492878
0.0052492794
0.0064992752
0.0077492710
0.0064992752
0.0043117826
0.0024367889
0.0024367889
0.0011867931
0.0008742942
0.0002492963
-0.0003757016
-0.0013131984
-0.0019381963
-0.0025631942
-0.0035006910
-0.0053756847
-0.0072506784
-0.0081881752
-0.0066256805
-0.0038131900
-0.0013131984
-0.0000632027
0.0002492963
-0.0003757016
-0.0010006995
-0.0010006995
-0.0006882005
-0.0000632027
0.0011867931
0.0018117910
0.0021242900
0.0030617868
0.0027492878
0.0014992921
0.0002492963
-0.0003757016
-0.0013131984
-0.0022506953
-0.0035006910
-0.0053756847
-0.0072506784
-0.0081881752
-0.0097506699
-0.0110006657
-0.0119381625
-0.0125631604
-0.0116256636
-0.0094381710
-0.0072506784
-0.0047506868
-0.0031881921
-0.0025631942
-0.0013131984
0.0002492963
0.0021242900
0.0033742857
0.0046242815
0.0046242815
0.0043117826
0.0049367805
0.0049367805
0.0043117826
0.0043117826
0.0036867847
0.0027492878
0.0018117910
0.0011867931
0.0014992921
0.0018117910
0.0018117910
0.0011867931
-0.0000632027
-0.0019381963
-0.0038131900
-0.0066256805
-0.0081881752
-0.0100631688
-0.0106881667
-0.0100631688
-0.0088131731
-0.0075631773
-0.0063131815
-0.0056881836
-0.0050631858
-0.0044381879
-0.0035006910
-0.0031881921
-0.0016256974
-0.0000632027
0.0011867931
-0.0000632027
-0.0013131984
-0.0019381963
-0.0013131984
0.0011867931
0.0033742857
0.0064992752
0.0083742689
0.0086867678
0.0077492710
0.0058742773
0.0055617784
0.0049367805
0.0049367805
0.0055617784
0.0061867762
0.0071242731
0.0071242731
0.0058742773
0.0033742857
0.0018117910
0.0002492963
-0.0006882005
-0.0006882005
-0.0006882005
-0.0016256974
-0.0035006910
-0.0050631858
-0.0060006826
-0.0053756847
-0.0044381879
-0.0019381963
0.0002492963
0.0027492878
0.0039992836
0.0058742773
0.0058742773
0.0061867762
0.0049367805
0.0046242815
0.0043117826
0.0052492794
0.0055617784
0.0052492794
0.0033742857
0.0005617952
-0.0022506953
-0.0056881836
-0.0063131815
-0.0066256805
-0.0063131815
-0.0063131815
-0.0053756847
-0.0050631858
-0.0050631858
-0.0056881836
-0.0069381794
-0.0081881752
-0.0085006741
-0.0081881752
-0.0063131815
-0.0041256889
-0.0035006910
-0.0035006910
-0.0041256889
-0.0060006826
-0.0069381794
-0.0081881752
-0.0075631773
-0.0069381794
-0.0063131815
-0.0063131815
-0.0053756847
-0.0041256889
-0.0019381963
0.0005617952
0.0021242900
0.0033742857
0.0036867847
0.0030617868
0.0024367889
0.0018117910
0.0005617952
-0.0013131984
-0.0031881921
-0.0047506868
-0.0060006826
-0.0075631773
-0.0063131815
-0.0053756847
-0.0044381879
-0.0028756932
-0.0013131984
-0.0000632027
-0.0000632027
-0.0003757016
-0.0006882005
-0.0016256974
-0.0016256974
-0.0016256974
-0.0016256974
-0.0022506953
-0.0031881921
-0.0038131900
-0.0047506868
-0.0050631858
-0.0050631858
-0.0050631858
-0.0053756847
-0.0063131815
-0.0063131815
-0.0075631773
-0.0075631773
-0.0081881752
-0.0081881752
-0.0085006741
-0.0085006741
-0.0091256720
-0.0085006741
-0.0063131815
-0.0035006910
-0.0000632027
0.0033742857
0.0068117741
0.0086867678
0.0096242646
0.0093117657
0.0080617699
0.0068117741
0.0043117826
0.0033742857
0.0033742857
0.0039992836
0.0055617784
0.0058742773
0.0055617784
0.0030617868
0.0008742942
-0.0006882005
-0.0013131984
-0.0016256974
-0.0016256974
-0.0006882005
-0.0006882005
-0.0006882005
-0.0022506953
-0.0038131900
-0.0060006826
-0.0069381794
-0.0078756762
-0.0078756762
-0.0066256805
-0.0060006826
-0.0044381879
-0.0041256889
-0.0031881921
-0.0019381963
-0.0019381963
-0.0013131984
-0.0010006995
-0.0003757016
-0.0003757016
-0.0006882005
0.0005617952
0.0024367889
0.0039992836
0.0055617784
0.0058742773
0.0071242731
0.0089992668
0.0108742604
0.0102492625
0.0086867678
0.0049367805
0.0002492963
-0.0038131900
-0.0072506784
-0.0094381710
-0.0106881667
-0.0094381710
-0.0097506699
-0.0088131731
-0.0097506699
-0.0122506614
-0.0125631604
-0.0103756678
-0.0078756762
-0.0063131815
-0.0016256974
0.0011867931
0.0030617868
0.0033742857
0.0046242815
0.0046242815
0.0024367889
0.0008742942
-0.0010006995
-0.0022506953
-0.0035006910
-0.0031881921
-0.0022506953
-0.0003757016
0.0018117910
-0.0003757016
-0.0028756932
-0.0038131900
-0.0050631858
-0.0056881836
-0.0053756847
-0.0044381879
-0.0044381879
-0.0038131900
-0.0031881921
-0.0000632027
0.0024367889
0.0039992836
0.0043117826
0.0039992836
0.0027492878
0.0005617952
-0.0006882005
-0.0000632027
0.0021242900
0.0021242900
0.0002492963
-0.0003757016
-0.0010006995
-0.0013131984
-0.0013131984
-0.0013131984
-0.0019381963
-0.0035006910
-0.0053756847
-0.0056881836
-0.0044381879
-0.0041256889
-0.0056881836
-0.0044381879
-0.0028756932
-0.0028756932
-0.0022506953
-0.0013131984
0.0011867931
0.0036867847
0.0064992752
0.0108742604
0.0155617446
0.0168117404
0.0152492457
0.0139992499
0.0133742520
0.0105617615
0.0049367805
0.0014992921
0.0008742942
0.0018117910
0.0018117910
-0.0000632027
-0.0025631942
-0.0066256805
-0.0110006657
-0.0138131562
-0.0113131646
-0.0069381794
-0.0044381879
-0.0035006910
-0.0047506868
-0.0047506868
-0.0056881836
-0.0056881836
-0.0044381879
-0.0038131900
-0.0041256889
-0.0028756932
0.0002492963
0.0027492878
0.0052492794
0.0058742773
0.0064992752
0.0064992752
0.0055617784
0.0039992836
0.0039992836
0.0074367720
0.0074367720
0.0055617784
0.0033742857
0.0043117826
0.0071242731
0.0099367636
0.0114992583
0.0080617699
0.0027492878
-0.0010006995
-0.0016256974
-0.0000632027
0.0011867931
-0.0003757016
-0.0031881921
-0.0069381794
-0.0100631688
-0.0119381625
-0.0131881583
-0.0144381540
-0.0153756509
-0.0147506530
-0.0138131562
-0.0106881667
-0.0060006826
-0.0010006995
0.0043117826
0.0080617699
0.0111867594
0.0108742604
0.0086867678
0.0064992752
0.0036867847
0.0008742942
-0.0010006995
-0.0022506953
-0.0038131900
-0.0044381879
-0.0047506868
-0.0050631858
-0.0035006910
-0.0019381963
0.0002492963
0.0033742857
0.0043117826
0.0049367805
0.0058742773
0.0064992752
0.0074367720
0.0089992668
0.0096242646
0.0089992668
0.0071242731
0.0043117826
0.0011867931
-0.0010006995
-0.0019381963
-0.0025631942
-0.0028756932
-0.0028756932
-0.0022506953
-0.0022506953
-0.0025631942
-0.0044381879
-0.0072506784
-0.0103756678
-0.0131881583
-0.0166256466
-0.0166256466
-0.0141256551
-0.0106881667
-0.0047506868
-0.0013131984
0.0002492963
-0.0016256974
-0.0035006910
-0.0060006826
-0.0078756762
-0.0072506784
-0.0041256889
-0.0000632027
0.0049367805
0.0086867678
0.0121242562
0.0146242478
0.0158742436
0.0152492457
0.0118117573
0.0055617784
0.0005617952
-0.0038131900
-0.0041256889
-0.0031881921
-0.0006882005
0.0005617952
0.0021242900
0.0021242900
0.0002492963
-0.0013131984
-0.0041256889
-0.0072506784
-0.0085006741
-0.0075631773
-0.0047506868
-0.0006882005
0.0036867847
0.0058742773
0.0083742689
0.0083742689
0.0077492710
0.0061867762
0.0046242815
0.0036867847
0.0039992836
0.0043117826
0.0046242815
0.0039992836
0.0030617868
0.0008742942
0.0002492963
-0.0006882005
-0.0003757016
-0.0016256974
-0.0031881921
-0.0056881836
-0.0091256720
-0.0113131646
-0.0122506614
-0.0125631604
-0.0116256636
-0.0100631688
-0.0072506784
-0.0053756847
-0.0047506868
-0.0050631858
-0.0053756847
-0.0050631858
-0.0060006826
-0.0053756847
-0.0047506868
-0.0038131900
-0.0028756932
-0.0022506953
-0.0025631942
-0.0025631942
-0.0019381963
-0.0006882005
0.0008742942
0.0021242900
0.0030617868
0.0030617868
0.0014992921
0.0008742942
0.0002492963
0.0005617952
0.0008742942
0.0002492963
-0.0003757016
-0.0006882005
-0.0016256974
-0.0016256974
-0.0016256974
-0.0022506953
-0.0025631942
-0.0022506953
-0.0016256974
-0.0000632027
0.0030617868
0.0046242815
0.0058742773
0.0071242731
0.0068117741
0.0061867762
0.0052492794
0.0039992836
0.0030617868
0.0033742857
0.0036867847
0.0039992836
0.0043117826
0.0043117826
0.0027492878
0.0008742942
-0.0000632027
-0.0010006995
-0.0019381963
-0.0025631942
-0.0035006910
-0.0044381879
-0.0038131900
-0.0025631942
-0.0006882005
0.0005617952
0.0008742942
-0.0000632027
-0.0016256974
-0.0038131900
-0.0056881836
-0.0094381710
-0.0122506614
-0.0131881583
-0.0119381625
-0.0081881752
-0.0031881921
0.0005617952
0.0039992836
0.0068117741
0.0086867678
0.0089992668
0.0074367720
0.0043117826
0.0005617952
-0.0028756932
-0.0050631858
-0.0069381794
-0.0066256805
-0.0053756847
-0.0044381879
-0.0028756932
-0.0019381963
-0.0016256974
-0.0031881921
-0.0053756847
-0.0081881752
-0.0097506699
-0.0106881667
-0.0088131731
-0.0044381879
-0.0010006995
0.0014992921
0.0018117910
0.0002492963
-0.0016256974
-0.0047506868
-0.0063131815
-0.0060006826
-0.0053756847
-0.0025631942
-0.0010006995
0.0005617952
0.0011867931
0.0018117910
0.0018117910
0.0024367889
0.0036867847
0.0049367805
0.0061867762
0.0064992752
0.0068117741
0.0068117741
0.0052492794
0.0033742857
0.0018117910
0.0002492963
-0.0013131984
-0.0028756932
-0.0038131900
-0.0050631858
-0.0066256805
-0.0075631773
-0.0072506784
-0.0066256805
-0.0066256805
-0.0066256805
-0.0075631773
-0.0085006741
-0.0085006741
-0.0069381794
-0.0041256889
-0.0016256974
-0.0006882005
-0.0013131984
-0.0022506953
-0.0041256889
-0.0053756847
-0.0063131815
-0.0060006826
-0.0044381879
-0.0016256974
0.0018117910
0.0030617868
0.0030617868
0.0011867931
-0.0010006995
-0.0028756932
-0.0035006910
-0.0031881921
-0.0028756932
-0.0028756932
-0.0044381879
-0.0060006826
-0.0060006826
-0.0053756847
-0.0022506953
0.0008742942
0.0036867847
0.0049367805
0.0033742857
-0.0000632027
-0.0041256889
-0.0066256805
-0.0078756762
-0.0075631773
-0.0060006826
-0.0038131900
-0.0019381963
-0.0003757016
-0.0003757016
-0.0013131984
-0.0022506953
-0.0031881921
-0.0035006910
-0.0038131900
-0.0025631942
-0.0000632027
0.0018117910
0.0018117910
0.0005617952
-0.0006882005
-0.0025631942
-0.0044381879
-0.0050631858
-0.0050631858
-0.0050631858
-0.0041256889
-0.0019381963
-0.0000632027
0.0011867931
0.0027492878
0.0027492878
0.0024367889
0.0027492878
0.0030617868
0.0039992836
0.0039992836
0.0046242815
0.0046242815
0.0046242815
0.0039992836
0.0039992836
0.0027492878
0.0030617868
0.0027492878
0.0024367889
0.0024367889
0.0027492878
0.0030617868
0.0030617868
0.0024367889
0.0021242900
0.0021242900
0.0039992836
0.0055617784
0.0064992752
0.0074367720
0.0080617699
0.0080617699
0.0071242731
0.0071242731
0.0052492794
0.0021242900
-0.0006882005
-0.0022506953
-0.0031881921
-0.0038131900
-0.0038131900
-0.0047506868
-0.0056881836
-0.0063131815
-0.0066256805
-0.0060006826
-0.0060006826
-0.0063131815
-0.0066256805
-0.0075631773
-0.0078756762
-0.0085006741
-0.0078756762
-0.0069381794
-0.0053756847
-0.0038131900
-0.0028756932
-0.0019381963
-0.0025631942
-0.0019381963
-0.0019381963
-0.0003757016
0.0002492963
0.0008742942
0.0002492963
-0.0010006995
-0.0025631942
-0.0050631858
-0.0066256805
-0.0091256720
-0.0106881667
-0.0116256636
-0.0113131646
-0.0106881667
-0.0094381710
-0.0072506784
-0.0044381879
-0.0031881921
-0.0025631942
-0.0019381963
-0.0006882005
0.0018117910
0.0055617784
0.0086867678
0.0099367636
0.0105617615
0.0089992668
0.0071242731
0.0071242731
0.0083742689
0.0093117657
0.0102492625
0.0099367636
0.0089992668
0.0074367720
0.0061867762
0.0046242815
0.0030617868
0.0024367889
0.0008742942
0.0002492963
0.0005617952
-0.0016256974
-0.0038131900
-0.0056881836
-0.0078756762
-0.0085006741
-0.0075631773
-0.0050631858
-0.0022506953
-0.0013131984
-0.0006882005
-0.0016256974
-0.0025631942
-0.0044381879
-0.0053756847
-0.0056881836
-0.0047506868
-0.0038131900
-0.0022506953
-0.0010006995
0.0008742942
0.0011867931
0.0014992921
0.0005617952
-0.0006882005
-0.0016256974
-0.0016256974
-0.0010006995
-0.0003757016
-0.0000632027
0.0002492963
0.0011867931
0.0014992921
0.0027492878
0.0030617868
0.0033742857
0.0033742857
0.0036867847
0.0024367889
0.0018117910
-0.0000632027
-0.0025631942
-0.0041256889
-0.0066256805
-0.0078756762
-0.0091256720
-0.0088131731
-0.0078756762
-0.0066256805
-0.0044381879
-0.0031881921
-0.0016256974
-0.0006882005
0.0002492963
0.0014992921
0.0014992921
0.0002492963
-0.0006882005
-0.0019381963
-0.0038131900
-0.0056881836
-0.0072506784
-0.0085006741
-0.0097506699
-0.0097506699
-0.0078756762
-0.0050631858
-0.0025631942
-0.0000632027
0.0011867931
0.0021242900
0.0027492878
0.0033742857
0.0046242815
0.0058742773
0.0071242731
0.0074367720
0.0083742689
0.0096242646
0.0108742604
0.0108742604
0.0093117657
0.0077492710
0.0055617784
0.0055617784
0.0049367805
0.0046242815
0.0055617784
0.0049367805
0.0036867847
0.0018117910
-0.0010006995
-0.0050631858
-0.0078756762
-0.0100631688
-0.0119381625
-0.0128756593
-0.0141256551
-0.0141256551
-0.0122506614
-0.0085006741
-0.0060006826
-0.0038131900
-0.0016256974
-0.0000632027
0.0005617952
-0.0003757016
-0.0016256974
-0.0013131984
-0.0010006995
-0.0016256974
-0.0031881921
-0.0031881921
-0.0010006995
0.0011867931
0.0018117910
0.0018117910
0.0030617868
0.0033742857
0.0002492963
-0.0041256889
-0.0056881836
-0.0053756847
-0.0053756847
-0.0028756932
-0.0000632027
0.0008742942
0.0002492963
-0.0022506953
-0.0022506953
-0.0016256974
-0.0022506953
-0.0041256889
-0.0031881921
-0.0010006995
-0.0000632027
-0.0003757016
-0.0016256974
-0.0019381963
-0.0022506953
-0.0022506953
0.2405610033
2.3671201204
4.3083784641
