-0.0081881752
-0.0031881921
0.0005617952
0.0039992836
0.0068117741
0.0086867678
0.0089992668
0.0074367720
0.0043117826
0.0005617952
-0.0028756932
-0.0050631858
-0.0069381794
-0.0066256805
-0.0053756847
-0.0044381879
-0.0028756932
-0.0019381963
-0.0016256974
-0.0031881921
-0.0053756847
-0.0081881752
-0.0097506699
-0.0106881667
-0.0088131731
-0.0044381879
-0.0010006995
0.0014992921
0.0018117910
0.0002492963
-0.0016256974
-0.0047506868
-0.0063131815
-0.0060006826
-0.0053756847
-0.0025631942
-0.0010006995
0.0005617952
0.0011867931
0.0018117910
0.0018117910
0.0024367889
0.0036867847
0.0049367805
0.0061867762
0.0064992752
0.0068117741
0.0068117741
0.0052492794
0.0033742857
0.0018117910
0.0002492963
-0.0013131984
-0.0028756932
-0.0038131900
-0.0050631858
-0.0066256805
-0.0075631773
-0.0072506784
-0.0066256805
-0.0066256805
-0.0066256805
-0.0075631773
-0.0085006741
-0.0085006741
-0.0069381794
-0.0041256889
-0.0016256974
-0.0006882005
-0.0013131984
-0.0022506953
-0.0041256889
-0.0053756847
-0.0063131815
-0.0060006826
-0.0044381879
-0.0016256974
0.0018117910
0.0030617868
0.0030617868
0.0011867931
-0.0010006995
-0.0028756932
-0.0035006910
-0.0031881921
-0.0028756932
-0.0028756932
-0.0044381879
-0.0060006826
-0.0060006826
-0.0053756847
-0.0022506953
0.0008742942
0.0036867847
0.0049367805
0.0033742857
-0.0000632027
-0.0041256889
-0.0066256805
-0.0078756762
-0.0075631773
-0.0060006826
-0.0038131900
-0.0019381963
-0.0003757016
-0.0003757016
-0.0013131984
-0.0022506953
-0.0031881921
-0.0035006910
-0.0038131900
-0.0025631942
-0.0000632027
0.0018117910
0.0018117910
0.0005617952
-0.0006882005
-0.0025631942
-0.0044381879
-0.0050631858
-0.0050631858
-0.0050631858
-0.0041256889
-0.0019381963
-0.0000632027
0.0011867931
0.0027492878
0.0027492878
0.0024367889
0.0027492878
0.0030617868
0.0039992836
0.0039992836
0.0046242815
0.0046242815
0.0046242815
0.0039992836
0.0039992836
0.0027492878
0.0030617868
0.0027492878
0.0024367889
0.0024367889
0.0027492878
0.0030617868
0.0030617868
0.0024367889
0.0021242900
0.0021242900
0.0039992836
0.0055617784
0.0064992752
0.0074367720
0.0080617699
0.0080617699
0.0071242731
0.0071242731
0.0052492794
0.0021242900
-0.0006882005
-0.0022506953
-0.0031881921
-0.0038131900
-0.0038131900
-0.0047506868
-0.0056881836
-0.0063131815
-0.0066256805
-0.0060006826
-0.0060006826
-0.0063131815
-0.0066256805
-0.0075631773
-0.0078756762
-0.0085006741
-0.0078756762
-0.0069381794
-0.0053756847
-0.0038131900
-0.0028756932
-0.0019381963
-0.0025631942
-0.0019381963
-0.0019381963
-0.0003757016
0.0002492963
0.0008742942
0.0002492963
-0.0010006995
-0.0025631942
-0.0050631858
-0.0066256805
-0.0091256720
-0.0106881667
-0.0116256636
-0.0113131646
-0.0106881667
-0.0094381710
-0.0072506784
-0.0044381879
-0.0031881921
-0.0025631942
-0.0019381963
-0.0006882005
0.0018117910
0.0055617784
0.0086867678
0.0099367636
0.0105617615
0.0089992668
0.0071242731
0.0071242731
0.0083742689
0.0093117657
0.0102492625
0.0099367636
0.0089992668
0.0074367720
0.0061867762
0.0046242815
0.0030617868
0.0024367889
0.0008742942
0.0002492963
0.0005617952
-0.0016256974
-0.0038131900
-0.0056881836
-0.0078756762
-0.0085006741
-0.0075631773
-0.0050631858
-0.0022506953
-0.0013131984
-0.0006882005
-0.0016256974
-0.0025631942
-0.0044381879
-0.0053756847
-0.0056881836
-0.0047506868
-0.0038131900
-0.0022506953
-0.0010006995
0.0008742942
0.0011867931
0.0014992921
0.0005617952
-0.0006882005
-0.0016256974
-0.0016256974
-0.0010006995
-0.0003757016
-0.0000632027
0.0002492963
0.0011867931
0.0014992921
0.0027492878
0.0030617868
0.0033742857
0.0033742857
0.0036867847
0.0024367889
0.0018117910
-0.0000632027
-0.0025631942
-0.0041256889
-0.0066256805
-0.0078756762
-0.0091256720
-0.0088131731
-0.0078756762
-0.0066256805
-0.0044381879
-0.0031881921
-0.0016256974
-0.0006882005
0.0002492963
0.0014992921
0.0014992921
0.0002492963
-0.0006882005
-0.0019381963
-0.0038131900
-0.0056881836
-0.0072506784
-0.0085006741
-0.0097506699
-0.0097506699
-0.0078756762
-0.0050631858
-0.0025631942
-0.0000632027
0.0011867931
0.0021242900
0.0027492878
0.0033742857
0.0046242815
0.0058742773
0.0071242731
0.0074367720
0.0083742689
0.0096242646
0.0108742604
0.0108742604
0.0093117657
0.0077492710
0.0055617784
0.0055617784
0.0049367805
0.0046242815
0.0055617784
0.0049367805
0.0036867847
0.0018117910
-0.0010006995
-0.0050631858
-0.0078756762
-0.0100631688
-0.0119381625
-0.0128756593
-0.0141256551
-0.0141256551
-0.0122506614
-0.0085006741
-0.0060006826
-0.0038131900
-0.0016256974
-0.0000632027
0.0005617952
-0.0003757016
-0.0016256974
-0.0013131984
-0.0010006995
-0.0016256974
-0.0031881921
-0.0031881921
-0.0010006995
0.0011867931
0.0018117910
0.0018117910
0.0030617868
0.0033742857
0.0002492963
-0.0041256889
-0.0056881836
-0.0053756847
-0.0053756847
-0.0028756932
-0.0000632027
0.0008742942
0.0002492963
-0.0022506953
-0.0022506953
-0.0016256974
-0.0022506953
-0.0041256889
-0.0031881921
-0.0010006995
-0.0000632027
-0.0003757016
-0.0016256974
-0.0019381963
-0.0022506953
-0.0022506953
0.2405610033
2.3671201204
4.3083784641
4.6721318670
3.6777490786
1.5368078855
-0.3806868853
-0.5653737331
-0.5763111945
-0.5763111945
-0.5744362011
-0.5731862055
0.1021239553
2.1049325113
2.8093082746
2.2796200623
1.1080586308
0.0005617952
-0.4869365105
-0.5722487088
-0.4063117950
0.1133739181
0.6811846807
0.9655589510
0.9236840512
0.6586847431
0.3002483130
-0.0403755660
-0.2869372143
-0.3884993578
-0.3803743864
-0.2828747285
-0.1631876448
-0.0691254681
-0.0319380947
-0.0319380947
-0.0378755745
-0.0441255533
-0.0500630331
-0.0544380182
-0.0522505256
-0.0444380522
-0.0538130203
-0.0750629478
-0.1091253311
-0.1353752408
-0.1456877053
-0.1475626988
-0.1363127376
-0.1088128322
-0.0681879713
-0.0400630671
-0.0303756000
-0.0353755830
-0.0500630331
-0.0622504915
-0.0828754211
-0.0919378901
-0.0810004275
-0.0600629990
-0.0472505427
-0.0416255618
-0.0456880480
-0.0522505256
-0.0613129947
-0.0775629393
-0.0928753868
-0.0963128751
-0.0919378901
-0.0813129264
-0.0713129606
-0.0644379841
-0.0625629905
-0.0563130118
-0.0556880139
-0.0613129947
-0.0700629649
-0.0800629307
-0.0806879286
-0.0794379328
-0.0822504232
-0.0897503976
-0.0966253740
-0.0913128922
-0.0878754040
-0.0838129179
-0.0725629563
-0.0578755065
-0.0466255448
-0.0472505427
-0.0556880139
-0.0681879713
-0.0791254339
-0.0853754125
-0.0810004275
-0.0713129606
-0.0544380182
-0.0491255363
-0.0550630160
-0.0635004873
-0.0597505001
-0.0478755405
-0.0453755490
-0.0560005129
-0.0581880054
-0.0600629990
-0.0613129947
-0.0706879627
-0.0891253997
-0.1035003504
-0.1035003504
-0.0919378901
-0.0722504574
-0.0510005299
-0.0394380692
-0.0450630501
-0.0563130118
-0.0716254595
-0.0772504403
-0.0722504574
-0.0566255107
-0.0360005809
-0.0119381625
0.0155617446
0.2961858259
1.6427452583
2.6846205265
2.8664959060
2.1971200276
0.9446215008
-0.2581873148
-0.5781861878
-0.5966236226
-0.5969361215
-0.5956861260
-0.5944361304
-0.5925611370
0.0289991994
1.0383712833
1.3583706529
0.9821214121
0.4105604697
0.0193117320
-0.2153749639
-0.2341248987
-0.2013125128
-0.0847504147
0.0186867341
0.0136867510
-0.0253756170
-0.0738129521
-0.1178753011
-0.1256877742
-0.1106878257
-0.0803754296
-0.0969378729
-0.1988125215
-0.2331874020
-0.2088124867
-0.1397502258
-0.0438130543
0.0436866501
0.1289988665
0.1796237005
0.1639987515
0.0746240467
-0.0466255448
-0.1300627591
-0.1913125475
-0.2063124954
-0.1541251762
-0.1066253397
-0.0381880735
0.0202492289
0.0736865498
0.0808740259
0.0536866166
0.0086867678
-0.0647504830
-0.1238127806
-0.1550626729
-0.1366252365
-0.1178753011
-0.1556876708
-0.1878750594
-0.2125624737
-0.2016250117
-0.1953750334
-0.2044375019
-0.1925625431
-0.1535001783
-0.0572505086
0.0314991910
0.0389991658
0.0374366711
0.0539991156
0.0624365874
0.0474366376
-0.0060006826
-0.0010006995
0.0411866585
0.0980614688
0.1477488048
0.1396238315
0.0980614688
0.0736865498
0.0421241554
0.0083742689
0.0096242646
0.0161867425
-0.0091256720
-0.0485005384
-0.0788129350
-0.0831879200
-0.0816254254
-0.1135003161
-0.2294374150
-0.3528744831
-0.4106867796
-0.3922493446
-0.2975621771
-0.1728751113
-0.0638129862
0.0458741428
0.0958739760
0.0880615020
0.0261867089
-0.0700629649
-0.1294377613
-0.1347502430
-0.1181878000
-0.1028753526
-0.0794379328
-0.0206881329
0.0480616355
0.0699365623
0.0371241721
-0.0328755915
-0.1100628279
-0.1460002042
-0.1881875583
-0.2175624563
-0.2194374498
-0.2247499313
-0.2122499748
-0.1775625951
-0.1522501826
-0.1031878515
-0.0660004787
-0.0172506445
0.0124367552
0.0102492625
0.0236867173
0.0455616438
0.0230617194
-0.0110006657
-0.0616254937
-0.1035003504
-0.1378752322
-0.1575626643
-0.1013128579
0.0114992583
0.1293113654
0.1536862853
0.0711865582
-0.0350630841
-0.1660001351
-0.3328745533
-0.4522491330
-0.4813115303
-0.4013118126
-0.2388123824
-0.0535005214
0.1149364129
0.2130610919
0.2418109993
0.1461863099
-0.0310005979
-0.1769375973
-0.2563123213
-0.3188121027
-0.3381870347
-0.3178746060
-0.2309999096
-0.0944378815
0.0358741763
0.1271238726
0.1514987925
0.1683737372
0.1805611974
0.1764987107
0.1314988582
0.0877490030
0.0458741428
0.0186867341
0.0486866334
0.1555612792
0.2783733824
0.3746230803
0.4389978830
0.4439978679
0.3236857391
0.1164989077
-0.0910003933
-0.2597498093
-0.3800618875
-0.4622490977
-0.4913114950
-0.4688115745
-0.4153742631
-0.3313120588
-0.2294374150
-0.1325627505
-0.0222506276
0.0789990321
0.1499362976
0.1721237250
0.1699362321
0.1449363140
0.0868115061
0.0339991826
0.0152492457
0.0121242562
0.0102492625
0.0089992668
-0.0044381879
-0.0206881329
-0.0291256043
-0.0594380011
-0.0828754211
-0.1144378129
-0.1497501913
-0.2072499922
-0.2563123213
-0.2319374063
-0.1488126945
-0.0506880309
0.0064992752
0.0036867847
0.0239992162
0.0808740259
0.1168114067
0.0771240384
-0.0397505682
-0.1556876708
-0.2241249335
-0.2284999183
-0.1560001697
-0.0878754040
-0.0856879115
-0.1263127720
-0.1797500875
-0.2116249770
-0.1797500875
-0.1056878429
-0.0260006149
0.0402491616
0.0777490363
0.0693115644
0.0139992499
-0.0491255363
-0.0813129264
-0.0994378644
-0.0963128751
-0.0969378729
-0.0997503633
-0.1072503376
-0.1222502860
-0.1188127978
-0.1100628279
-0.1050628451
-0.0628754894
0.0361866753
0.1330613531
0.1514987925
0.0899364958
0.0180617362
-0.0466255448
-0.0981878686
-0.1347502430
-0.1225627849
-0.0631879883
0.0302491952
0.0977489698
0.0933739843
0.0530616187
0.0121242562
-0.0422505597
-0.0700629649
-0.1000628622
-0.1263127720
-0.1228752839
-0.0838129179
0.0114992583
0.1664987434
0.3183732558
0.4011854984
0.3543106433
0.1989986375
-0.0116256636
-0.1856875670
-0.2784997438
-0.2947496870
-0.2353748943
-0.1575626643
-0.1166253053
-0.0988128665
-0.0778754382
-0.0188131392
0.0633740842
0.1689987352
0.2527484642
0.3061857943
0.2949358298
0.2180610758
0.0730615519
-0.0781879371
-0.1635001438
-0.1700626211
-0.1144378129
-0.0563130118
-0.0088131731
0.0230617194
0.0352491784
-0.0078756762
-0.1053753440
-0.2159999618
-0.2850622209
-0.3031871574
-0.2741247591
-0.2153749639
-0.1510001869
-0.0844379157
-0.0150631519
0.0289991994
0.0514991240
0.0521241219
0.0139992499
-0.0488130373
-0.1094378300
-0.1488126945
-0.1297502602
-0.0644379841
-0.0260006149
-0.0138131562
0.0221242225
0.0780615353
0.1399363305
0.1705612301
0.1289988665
0.0427491533
-0.0591255022
-0.1591251589
-0.2266249248
-0.2219374411
-0.1772500962
-0.1200627935
-0.0575630075
-0.0181881413
0.0149367467
0.0633740842
0.1033739512
0.0889989989
0.0549366124
0.0349366795
0.0218117236
-0.0106881667
-0.0260006149
0.0071242731
0.0718115561
0.0999364626
0.0361866753
-0.0963128751
-0.2416248726
-0.3678744304
-0.4403741749
-0.4394366782
-0.3819368809
-0.2928746936
-0.1956875323
-0.0806879286
0.0352491784
0.1261863757
0.1752487148
0.1927486578
0.1636862525
0.0849365124
-0.0169381456
-0.1031878515
-0.1728751113
-0.2156874628
-0.2181874542
-0.1931875410
-0.1766250984
-0.1300627591
-0.0894378986
-0.0700629649
-0.0663129777
-0.0410005639
0.0102492625
0.0839990155
0.1636862525
0.2396235063
0.2614984362
0.2024361263
0.0902489947
-0.0266256127
-0.1010003590
-0.1438127117
-0.1778750940
-0.2078749900
-0.2244374324
-0.2035000052
-0.1591251589
-0.1028753526
-0.0600629990
-0.0275631096
0.0027492878
0.0264992078
0.0533741177
0.0927489864
0.1255613778
0.1330613531
0.1043114481
0.0702490613
0.0455616438
0.0205617278
-0.0016256974
-0.0225631265
-0.0297506021
-0.0510005299
-0.0900628965
-0.1325627505
-0.1378752322
-0.0747504489
0.0239992162
0.0899364958
0.1036864501
0.0824365207
0.0483741344
-0.0038131900
-0.0488130373
-0.0947503804
-0.1578751632
-0.1953750334
-0.1960000312
-0.1860000659
-0.1788125908
-0.1641251416
-0.1416252193
-0.1206877914
-0.0869379072
-0.0541255192
-0.0347505852
-0.0463130458
-0.0703754638
-0.0956878772
-0.1213127892
-0.1347502430
-0.1291252624
-0.0885004018
-0.0100631688
0.0764990405
0.1543112833
0.1824361913
0.1583737699
0.1158739098
0.0630615853
-0.0135006572
-0.1085003333
-0.1775625951
-0.1900625518
-0.1550626729
-0.1006878601
-0.0478755405
-0.0363130798
-0.0472505427
-0.0319380947
0.0293116984
0.0693115644
0.0686865665
0.0258742099
-0.0497505341
-0.0938128836
-0.0916253911
-0.0616254937
-0.0172506445
0.0224367215
0.0418116564
0.0130617531
-0.0316255958
-0.0703754638
-0.0897503976
-0.0966253740
-0.0822504232
-0.0119381625
0.0777490363
0.1077489367
0.0358741763
-0.0697504659
-0.1303752580
-0.1422502171
-0.1478751977
-0.1291252624
-0.0691254681
0.0196242310
0.0936864833
0.1274363716
0.1211863922
0.0955614771
0.0533741177
0.0086867678
-0.0041256889
0.0077492710
0.0249367131
0.0330616858
0.0121242562
-0.0194381371
-0.0472505427
-0.0444380522
-0.0460005469
-0.0578755065
-0.0488130373
0.0083742689
0.0896239968
0.1305613613
0.0933739843
0.0149367467
-0.0566255107
-0.0991253654
-0.0769379414
-0.0203756339
0.0596240968
0.1255613778
0.1468113079
0.1139989160
0.0452491449
-0.0328755915
-0.1216252882
-0.2231874368
-0.2963121815
-0.3216245928
-0.3072496432
-0.2828747285
-0.2363123911
-0.1344377441
0.0227492204
0.1183739015
0.1055614439
0.0227492204
-0.0638129862
-0.1363127376
-0.1863125648
-0.2206874455
-0.2050624998
-0.1294377613
-0.0150631519
0.0680615686
0.0924364874
0.0811865249
0.0527491198
0.0161867425
-0.0091256720
-0.0010006995
0.0424366543
0.0946239802
0.1155614108
0.1036864501
0.0693115644
0.0218117236
-0.0169381456
-0.0316255958
-0.0097506699
0.0408741596
0.0889989989
0.0896239968
0.0586865999
0.0168117404
-0.0178756424
-0.0541255192
-0.0741254510
-0.0822504232
-0.0541255192
-0.0103756678
0.0258742099
0.0418116564
0.0589990989
0.0608740926
0.0471241386
-0.0047506868
-0.0547505171
-0.0744379499
-0.0547505171
-0.0291256043
-0.0200631350
-0.0297506021
-0.0397505682
-0.0441255533
-0.0491255363
-0.0828754211
-0.1275627677
-0.1569376664
-0.1691251243
-0.1731876103
-0.1560001697
-0.1031878515
-0.0291256043
0.0458741428
0.1258738768
0.2139985889
0.2824358695
0.3155607647
0.2908733427
0.2224360616
0.1508737945
0.0761865415
0.0168117404
-0.0281881074
-0.0535005214
-0.0378755745
-0.0288131053
-0.0688129691
-0.1672501308
-0.2553748246
-0.2822497307
-0.2503748421
-0.1869375626
-0.0975628708
-0.0138131562
0.0539991156
0.0830615186
0.0683740676
0.0202492289
-0.0435005554
-0.0978753697
-0.1294377613
-0.1463127031
-0.1519376837
-0.1410002214
-0.1022503547
-0.0447505512
0.0118117573
0.0702490613
0.1014989574
0.0908739926
0.0549366124
0.0202492289
-0.0172506445
-0.0556880139
-0.0891253997
-0.1035003504
-0.0841254168
-0.0378755745
0.0258742099
0.0764990405
0.1077489367
0.1299363634
0.1414988253
0.1202488953
0.0514991240
-0.0447505512
-0.1085003333
-0.1210002903
-0.0847504147
-0.0450630501
0.0074367720
0.0527491198
0.0727490530
0.0480616355
-0.0038131900
-0.0672504745
-0.1128753182
-0.1513126859
-0.1513126859
-0.1353752408
-0.1163128064
-0.1038128493
-0.0847504147
-0.0497505341
-0.0125631604
0.0018117910
0.0052492794
0.0014992921
-0.0081881752
-0.0294381032
-0.0541255192
-0.0644379841
-0.0663129777
-0.0338130883
0.0268117068
0.0802490280
0.1011864584
0.0936864833
0.0630615853
0.0299366963
0.0202492289
0.0105617615
-0.0256881159
-0.0778754382
-0.1144378129
-0.1278752667
-0.1281877656
-0.1178753011
-0.0947503804
-0.0435005554
0.0071242731
0.0211867257
0.0002492963
-0.0303756000
-0.0569380097
-0.0716254595
-0.0810004275
-0.0797504318
-0.0706879627
-0.0622504915
-0.0575630075
-0.0700629649
-0.1053753440
-0.1569376664
-0.2013125128
-0.2350623954
-0.2484998486
-0.2441248638
-0.2169374585
-0.1694376232
-0.1053753440
-0.0516255278
0.0111867594
0.0714990571
0.1243113819
0.1611862607
0.1818111934
0.1821236924
0.1764987107
0.1693112342
0.1849361832
0.2233735586
0.2568109512
0.2611859372
0.2083736071
0.1239988830
0.0489991323
0.0008742942
-0.0247506191
-0.0428755575
-0.0766254425
-0.1056878429
-0.1478751977
-0.1906875496
-0.2225624389
-0.2213124433
-0.1906875496
-0.1303752580
-0.0850629136
-0.0744379499
-0.1006878601
-0.1256877742
-0.1385002301
-0.1360002387
-0.1222502860
-0.0850629136
-0.0313130968
0.0221242225
0.0239992162
0.0036867847
0.0061867762
0.0421241554
0.0799365290
0.0980614688
0.0983739677
0.0849365124
0.0405616606
-0.0056881836
-0.0353755830
-0.0113131646
0.0464991407
0.1158739098
0.1671237413
0.1689987352
0.0993114646
0.0033742857
-0.0822504232
-0.1266252710
-0.1363127376
-0.1113128236
-0.0575630075
-0.0081881752
0.0183742352
0.0158742436
-0.0066256805
-0.0194381371
-0.0250631180
-0.0347505852
-0.0485005384
-0.0641254851
-0.0906878943
-0.1153753096
-0.1372502344
-0.1450627074
-0.1556876708
-0.1725626124
-0.1775625951
-0.1269377699
-0.0538130203
0.0036867847
0.0346241805
0.0708740592
0.0977489698
0.1183739015
0.1011864584
0.0789990321
0.0614990905
0.0546241135
0.0480616355
0.0883740009
0.1618112587
0.2218110637
0.1868111771
0.0996239636
0.0152492457
-0.0135006572
-0.0275631096
-0.0510005299
-0.0925628879
-0.1103753268
-0.0838129179
-0.0113131646
0.0568116062
0.1061864418
0.1089989325
0.0830615186
0.0274367047
-0.0222506276
-0.0606879969
-0.0441255533
-0.0025631942
0.0393116648
0.0571241051
0.0549366124
0.0096242646
-0.0322505936
-0.0606879969
-0.0494380352
-0.0375630756
-0.0247506191
-0.0278756085
-0.0356880820
-0.0597505001
-0.0769379414
-0.0900628965
-0.0897503976
-0.0903753954
-0.0810004275
-0.0716254595
-0.0594380011
-0.0297506021
0.0158742436
0.0552491114
0.0758740425
0.0718115561
0.0471241386
0.0155617446
-0.0153756509
-0.0413130628
-0.0597505001
-0.0785004360
-0.0706879627
-0.0263131138
0.0221242225
0.0436866501
0.0399366627
0.0239992162
-0.0163131477
-0.0613129947
-0.0903753954
-0.0900628965
-0.0675629734
-0.0578755065
-0.0675629734
-0.0578755065
-0.0022506953
0.0624365874
0.0924364874
0.0777490363
0.0436866501
0.0008742942
-0.0222506276
-0.0313130968
-0.0278756085
-0.0278756085
-0.0494380352
-0.0766254425
-0.1003753611
-0.0835004189
-0.0394380692
0.0093117657
0.0502491281
0.0571241051
0.0461866417
0.0618115895
0.1002489615
0.1005614605
0.0508741260
0.0102492625
0.0324366879
0.0911864916
0.1277488706
0.1327488541
0.1208738933
0.1043114481
0.0758740425
0.0108742604
-0.0528755235
-0.0913128922
-0.1028753526
-0.1069378386
-0.1219377871
-0.1381877311
-0.1425627161
-0.1188127978
-0.0944378815
-0.0769379414
-0.0438130543
0.0074367720
0.0389991658
0.0436866501
0.0218117236
-0.0010006995
-0.0285006064
-0.0547505171
-0.0603754979
-0.0500630331
-0.0353755830
-0.0138131562
0.0174367383
0.0443116480
0.0471241386
0.0246242141
-0.0028756932
-0.0303756000
-0.0672504745
-0.1000628622
-0.1206877914
-0.1260002731
-0.1047503461
-0.0616254937
0.0199367299
0.1030614522
0.1168114067
0.0549366124
-0.0319380947
-0.0941253826
-0.1238127806
-0.1391252279
-0.1281877656
-0.0847504147
-0.0491255363
-0.0347505852
-0.0413130628
-0.0285006064
-0.0016256974
0.0127492541
-0.0010006995
-0.0203756339
-0.0316255958
-0.0210006318
-0.0053756847
0.0186867341
0.0536866166
0.0830615186
0.0818115228
0.0427491533
-0.0197506360
-0.0753754467
-0.1003753611
-0.0853754125
-0.0350630841
0.0327491868
0.0771240384
0.0843115145
0.0671240717
0.0489991323
0.0093117657
-0.0619379926
-0.1285002645
-0.1431877139
-0.0997503633
-0.0210006318
0.0864990072
0.1824361913
0.2193110717
0.1880611730
0.1043114481
0.0043117826
-0.0853754125
-0.1410002214
-0.1347502430
-0.0863129093
-0.0328755915
-0.0078756762
0.0008742942
0.0193117320
0.0427491533
0.0464991407
0.0202492289
-0.0125631604
-0.0222506276
0.0039992836
0.0493116313
0.0905614937
0.1096239305
0.1096239305
0.0877490030
0.0330616858
-0.0310005979
-0.0816254254
-0.1147503118
-0.1256877742
-0.1241252796
-0.1244377785
-0.1225627849
-0.1219377871
-0.1210002903
-0.1213127892
-0.1047503461
-0.0647504830
-0.0163131477
0.0239992162
0.0477491365
0.0524366208
0.0468116396
0.0274367047
0.0074367720
0.0093117657
0.0458741428
0.0946239802
0.1289988665
0.1318113572
0.0993114646
0.0546241135
0.0249367131
0.0136867510
0.0136867510
0.0118117573
0.0077492710
0.0130617531
0.0280617026
0.0458741428
0.0477491365
0.0389991658
0.0246242141
0.0055617784
-0.0210006318
-0.0494380352
-0.0528755235
-0.0331880905
-0.0172506445
-0.0260006149
-0.0406880650
-0.0356880820
-0.0100631688
0.0036867847
0.0046242815
-0.0038131900
0.0018117910
0.0052492794
0.0033742857
-0.0191256382
-0.0563130118
-0.0863129093
-0.0925628879
-0.0866254083
-0.0760004446
-0.0603754979
-0.0285006064
0.0252492120
0.0793115311
0.1118114232
0.1118114232
0.0908739926
0.0702490613
0.0593115978
0.0527491198
0.0224367215
-0.0053756847
-0.0150631519
-0.0241256212
-0.0356880820
-0.0378755745
-0.0266256127
-0.0160006487
-0.0253756170
-0.0272506106
-0.0219381286
-0.0069381794
0.0161867425
0.0474366376
0.0549366124
0.0527491198
0.0474366376
0.0311866921
-0.0103756678
-0.0653754809
-0.1144378129
-0.1200627935
-0.1038128493
-0.0825629222
-0.0591255022
-0.0344380862
-0.0269381117
-0.0341255873
-0.0535005214
-0.0650629819
-0.0697504659
-0.0647504830
-0.0603754979
-0.0472505427
-0.0272506106
0.0158742436
0.0724365540
0.1208738933
0.1346238479
0.1283738685
0.0861865082
0.0249367131
-0.0253756170
-0.0494380352
-0.0622504915
-0.0572505086
-0.0550630160
-0.0553755150
-0.0622504915
-0.0597505001
-0.0416255618
-0.0160006487
0.0046242815
0.0296241973
0.0493116313
0.0618115895
0.0605615936
0.0489991323
0.0277492036
0.0189992331
0.0161867425
0.0027492878
-0.0272506106
-0.0613129947
-0.0785004360
-0.0663129777
-0.0431880565
-0.0397505682
-0.0447505512
-0.0531880224
-0.0635004873
-0.0656879798
-0.0431880565
-0.0010006995
0.0452491449
0.0721240550
0.0758740425
0.0693115644
0.0558741093
0.0393116648
0.0236867173
0.0024367889
-0.0128756593
-0.0128756593
-0.0128756593
-0.0294381032
-0.0425630586
-0.0535005214
-0.0613129947
-0.0835004189
-0.1016253569
-0.0922503890
-0.0519380267
-0.0119381625
0.0114992583
0.0164992415
0.0099367636
-0.0094381710
-0.0353755830
-0.0538130203
-0.0544380182
-0.0419380607
-0.0116256636
0.0214992246
0.0411866585
0.0402491616
0.0268117068
0.0108742604
0.0071242731
0.0186867341
0.0364991742
0.0496241302
0.0521241219
0.0511866250
0.0474366376
0.0480616355
0.0330616858
0.0093117657
-0.0044381879
0.0121242562
0.0411866585
0.0511866250
0.0418116564
0.0243117152
0.0102492625
0.0014992921
0.0002492963
-0.0050631858
-0.0106881667
-0.0206881329
-0.0397505682
-0.0388130713
-0.0066256805
0.0318116900
0.0408741596
0.0168117404
-0.0131881583
-0.0356880820
-0.0488130373
-0.0616254937
-0.0660004787
-0.0578755065
-0.0460005469
-0.0447505512
-0.0585005043
-0.0722504574
-0.0685004702
-0.0572505086
-0.0603754979
-0.0678754723
-0.0697504659
-0.0538130203
-0.0188131392
0.0071242731
0.0214992246
0.0311866921
0.0433741512
0.0671240717
0.0899364958
0.1055614439
0.1199363964
0.1227488871
0.1108739263
0.0789990321
0.0436866501
0.0186867341
-0.0038131900
-0.0250631180
-0.0375630756
-0.0391255703
-0.0500630331
-0.0735004531
-0.0938128836
-0.0903753954
-0.0694379670
-0.0441255533
-0.0181881413
0.0143117488
0.0424366543
0.0596240968
0.0480616355
0.0255617110
0.0102492625
0.0036867847
-0.0022506953
-0.0094381710
-0.0050631858
0.0102492625
0.0183742352
0.0124367552
-0.0016256974
-0.0072506784
-0.0116256636
-0.0244381202
-0.0422505597
-0.0413130628
-0.0160006487
0.0208742267
0.0536866166
0.0777490363
0.0908739926
0.0927489864
0.0811865249
0.0589990989
0.0280617026
-0.0075631773
-0.0435005554
-0.0619379926
-0.0516255278
-0.0269381117
0.0002492963
0.0221242225
0.0383741679
0.0449366459
0.0349366795
0.0143117488
-0.0031881921
-0.0313130968
-0.0641254851
-0.0888129008
-0.0925628879
-0.0753754467
-0.0463130458
-0.0185006403
0.0058742773
0.0414991575
0.0733740509
0.0896239968
0.0849365124
0.0621240884
0.0364991742
0.0196242310
0.0080617699
-0.0072506784
-0.0306880989
-0.0588130033
-0.0760004446
-0.0710004617
-0.0469380437
-0.0203756339
-0.0019381963
0.0133742520
0.0308741931
0.0374366711
0.0246242141
0.0024367889
-0.0119381625
-0.0163131477
-0.0166256466
-0.0278756085
-0.0381880735
-0.0410005639
-0.0313130968
-0.0316255958
-0.0203756339
-0.0116256636
-0.0075631773
-0.0163131477
-0.0228756255
-0.0363130798
-0.0394380692
-0.0378755745
-0.0328755915
-0.0338130883
-0.0266256127
-0.0203756339
-0.0150631519
-0.0219381286
-0.0316255958
-0.0419380607
-0.0306880989
0.0052492794
0.0505616271
0.0836865165
0.0936864833
0.0918114895
0.0943114812
0.0843115145
0.0549366124
0.0205617278
-0.0100631688
-0.0303756000
-0.0481880395
-0.0553755150
-0.0494380352
-0.0322505936
-0.0122506614
-0.0003757016
-0.0081881752
-0.0316255958
-0.0513130288
-0.0463130458
-0.0247506191
0.0096242646
0.0393116648
0.0583741010
0.0596240968
0.0393116648
0.0046242815
-0.0256881159
-0.0450630501
-0.0538130203
-0.0613129947
-0.0478755405
-0.0181881413
0.0218117236
0.0446241470
0.0386866669
-0.0003757016
-0.0535005214
-0.1031878515
-0.1235002817
-0.1066253397
-0.0650629819
-0.0272506106
0.0058742773
0.0396241637
0.0721240550
0.0889989989
0.0946239802
0.0964989740
0.0927489864
0.0739990488
0.0521241219
0.0430616522
0.0518116229
0.0618115895
0.0649365790
0.0499366292
0.0246242141
-0.0106881667
-0.0450630501
-0.0778754382
-0.0881879029
-0.0803754296
-0.0588130033
-0.0435005554
-0.0422505597
-0.0550630160
-0.0663129777
-0.0769379414
-0.0903753954
-0.1072503376
-0.1110003247
-0.1050628451
-0.0825629222
-0.0538130203
-0.0091256720
0.0333741847
0.0689990655
0.0852490113
0.0789990321
0.0614990905
0.0549366124
0.0577491030
0.0633740842
0.0530616187
0.0427491533
0.0330616858
0.0158742436
-0.0097506699
-0.0388130713
-0.0547505171
-0.0535005214
-0.0488130373
-0.0385005724
-0.0275631096
-0.0125631604
0.0018117910
0.0118117573
0.0168117404
0.0271242057
0.0302491952
0.0349366795
0.0333741847
0.0161867425
-0.0050631858
-0.0153756509
-0.0113131646
-0.0003757016
-0.0003757016
-0.0003757016
0.0071242731
0.0183742352
0.0258742099
0.0164992415
-0.0025631942
-0.0172506445
-0.0172506445
-0.0072506784
0.0002492963
0.0111867594
0.0218117236
0.0361866753
0.0427491533
0.0271242057
0.0074367720
-0.0013131984
0.0018117910
0.0002492963
-0.0094381710
-0.0188131392
-0.0203756339
-0.0122506614
-0.0069381794
-0.0003757016
0.0108742604
0.0202492289
0.0127492541
-0.0103756678
-0.0344380862
-0.0410005639
-0.0278756085
-0.0088131731
0.0064992752
0.0205617278
0.0321241889
0.0424366543
0.0361866753
0.0230617194
0.0174367383
0.0211867257
0.0208742267
0.0055617784
-0.0194381371
-0.0381880735
-0.0469380437
-0.0556880139
-0.0706879627
-0.0841254168
-0.0775629393
-0.0535005214
-0.0156881498
0.0189992331
0.0549366124
0.0780615353
0.0836865165
0.0733740509
0.0527491198
0.0193117320
-0.0169381456
-0.0510005299
-0.0769379414
-0.0913128922
-0.0869379072
-0.0625629905
-0.0297506021
-0.0028756932
0.0168117404
0.0283742015
0.0349366795
0.0293116984
0.0099367636
-0.0206881329
-0.0460005469
-0.0544380182
-0.0378755745
-0.0066256805
0.0193117320
0.0261867089
0.0155617446
0.0018117910
-0.0150631519
-0.0378755745
-0.0572505086
-0.0606879969
-0.0500630331
-0.0316255958
-0.0163131477
0.0005617952
0.0258742099
0.0499366292
0.0721240550
0.0902489947
0.1018114563
0.0989989657
0.0777490363
0.0458741428
0.0161867425
-0.0075631773
-0.0185006403
-0.0256881159
-0.0397505682
-0.0572505086
-0.0644379841
-0.0519380267
-0.0219381286
0.0052492794
0.0243117152
0.0405616606
0.0433741512
0.0224367215
-0.0197506360
-0.0638129862
-0.0891253997
-0.0878754040
-0.0578755065
-0.0160006487
0.0221242225
0.0414991575
0.0396241637
0.0339991826
0.0305616942
0.0136867510
-0.0131881583
-0.0397505682
-0.0544380182
-0.0566255107
-0.0413130628
-0.0153756509
0.0214992246
0.0458741428
0.0458741428
0.0277492036
0.0168117404
0.0064992752
-0.0128756593
-0.0410005639
-0.0569380097
-0.0575630075
-0.0485005384
-0.0485005384
-0.0519380267
-0.0513130288
-0.0463130458
-0.0353755830
-0.0197506360
-0.0044381879
0.0124367552
0.0339991826
0.0621240884
0.0896239968
0.0971239719
0.0836865165
0.0614990905
0.0380616690
0.0164992415
0.0005617952
-0.0081881752
-0.0219381286
-0.0463130458
-0.0750629478
-0.1000628622
-0.1053753440
-0.0910003933
-0.0681879713
-0.0444380522
-0.0172506445
0.0121242562
0.0308741931
0.0243117152
0.0005617952
-0.0094381710
0.0008742942
0.0255617110
0.0452491449
0.0539991156
0.0458741428
0.0230617194
-0.0078756762
-0.0225631265
-0.0153756509
0.0074367720
0.0199367299
0.0211867257
0.0108742604
-0.0016256974
-0.0191256382
-0.0285006064
-0.0325630926
-0.0313130968
-0.0335005894
-0.0325630926
-0.0328755915
-0.0356880820
-0.0481880395
-0.0531880224
-0.0403755660
-0.0113131646
0.0171242394
0.0389991658
0.0508741260
0.0608740926
0.0689990655
0.0752490446
0.0702490613
0.0524366208
0.0283742015
0.0018117910
-0.0144381540
-0.0194381371
-0.0088131731
0.0064992752
0.0268117068
0.0371241721
0.0343116816
0.0202492289
0.0058742773
-0.0119381625
-0.0235006233
-0.0228756255
-0.0053756847
0.0089992668
0.0183742352
0.0214992246
0.0158742436
0.0052492794
-0.0016256974
0.0024367889
0.0133742520
0.0171242394
0.0158742436
0.0080617699
-0.0103756678
-0.0385005724
-0.0731879542
-0.1022503547
-0.1144378129
-0.1060003418
-0.0775629393
-0.0475630416
-0.0216256297
-0.0006882005
0.0177492373
0.0289991994
0.0318116900
0.0277492036
0.0214992246
0.0174367383
0.0227492204
0.0361866753
0.0518116229
0.0555616104
0.0439991491
0.0286867005
0.0174367383
0.0058742773
-0.0075631773
-0.0285006064
-0.0481880395
-0.0453755490
-0.0222506276
0.0008742942
0.0155617446
0.0186867341
0.0230617194
0.0246242141
0.0243117152
0.0202492289
0.0196242310
0.0221242225
0.0174367383
-0.0010006995
-0.0181881413
-0.0272506106
-0.0166256466
0.0058742773
0.0208742267
0.0189992331
0.0108742604
-0.0003757016
-0.0075631773
-0.0153756509
-0.0225631265
-0.0241256212
-0.0169381456
-0.0072506784
0.0021242900
0.0052492794
0.0027492878
-0.0031881921
-0.0078756762
-0.0100631688
-0.0003757016
0.0149367467
0.0299366963
0.0333741847
0.0183742352
-0.0019381963
-0.0128756593
-0.0138131562
-0.0019381963
0.0168117404
0.0293116984
0.0264992078
0.0099367636
-0.0116256636
-0.0294381032
-0.0397505682
-0.0422505597
-0.0397505682
-0.0347505852
-0.0331880905
-0.0316255958
-0.0260006149
-0.0166256466
-0.0019381963
0.0083742689
0.0102492625
0.0136867510
0.0205617278
0.0193117320
0.0093117657
-0.0066256805
-0.0069381794
0.0099367636
0.0299366963
0.0393116648
0.0418116564
0.0411866585
0.0352491784
0.0249367131
0.0052492794
-0.0172506445
-0.0269381117
-0.0272506106
-0.0244381202
-0.0253756170
-0.0294381032
-0.0331880905
-0.0416255618
-0.0516255278
-0.0575630075
-0.0544380182
-0.0419380607
-0.0253756170
-0.0119381625
0.0058742773
0.0302491952
0.0555616104
0.0749365457
0.0833740176
0.0780615353
0.0683740676
0.0589990989
0.0461866417
0.0221242225
-0.0116256636
-0.0444380522
-0.0697504659
-0.0813129264
-0.0878754040
-0.0935003847
-0.0863129093
-0.0641254851
-0.0353755830
-0.0116256636
0.0055617784
0.0174367383
0.0243117152
0.0258742099
0.0183742352
0.0127492541
0.0080617699
0.0046242815
0.0058742773
0.0124367552
0.0199367299
0.0218117236
0.0068117741
-0.0135006572
-0.0297506021
-0.0372505767
-0.0356880820
-0.0328755915
-0.0363130798
-0.0447505512
-0.0553755150
-0.0625629905
-0.0566255107
-0.0438130543
-0.0300631011
-0.0222506276
-0.0103756678
0.0039992836
0.0089992668
-0.0028756932
-0.0181881413
-0.0247506191
-0.0144381540
-0.0022506953
0.0089992668
0.0152492457
0.0152492457
0.0064992752
-0.0060006826
-0.0194381371
-0.0294381032
-0.0360005809
-0.0272506106
-0.0088131731
0.0143117488
0.0368116732
0.0564991072
0.0746240467
0.0846240134
0.0761865415
0.0496241302
0.0199367299
-0.0019381963
-0.0125631604
-0.0160006487
-0.0056881836
0.0121242562
0.0208742267
0.0105617615
-0.0103756678
-0.0235006233
-0.0275631096
-0.0306880989
-0.0381880735
-0.0419380607
-0.0341255873
-0.0244381202
-0.0206881329
-0.0210006318
-0.0213131307
-0.0160006487
-0.0103756678
-0.0050631858
-0.0003757016
0.0083742689
0.0193117320
0.0264992078
0.0336866837
0.0358741763
0.0305616942
0.0111867594
-0.0144381540
-0.0363130798
-0.0431880565
-0.0385005724
-0.0253756170
-0.0100631688
0.0030617868
0.0102492625
0.0136867510
0.0077492710
-0.0047506868
-0.0144381540
-0.0138131562
-0.0047506868
0.0071242731
0.0105617615
0.0102492625
0.0068117741
-0.0010006995
-0.0128756593
-0.0278756085
-0.0425630586
-0.0485005384
-0.0450630501
-0.0316255958
-0.0116256636
0.0102492625
0.0230617194
0.0202492289
0.0005617952
-0.0238131223
-0.0441255533
-0.0550630160
-0.0560005129
-0.0485005384
-0.0341255873
-0.0175631435
-0.0075631773
0.0039992836
0.0221242225
0.0433741512
0.0549366124
0.0586865999
0.0546241135
0.0508741260
0.0455616438
0.0439991491
0.0530616187
0.0702490613
0.0814990238
0.0783740342
0.0593115978
0.0336866837
0.0033742857
-0.0238131223
-0.0460005469
-0.0528755235
-0.0494380352
-0.0450630501
-0.0441255533
-0.0425630586
-0.0322505936
-0.0160006487
-0.0063131815
-0.0085006741
-0.0138131562
-0.0160006487
-0.0116256636
-0.0041256889
0.0033742857
0.0086867678
0.0136867510
0.0168117404
0.0224367215
0.0261867089
0.0333741847
0.0377491700
0.0464991407
0.0518116229
0.0499366292
0.0333741847
0.0168117404
-0.0050631858
-0.0244381202
-0.0466255448
-0.0622504915
-0.0675629734
-0.0569380097
-0.0375630756
-0.0131881583
0.0036867847
0.0099367636
0.0055617784
-0.0022506953
-0.0103756678
-0.0125631604
-0.0144381540
-0.0166256466
-0.0194381371
-0.0235006233
-0.0238131223
-0.0222506276
-0.0197506360
-0.0231881244
-0.0325630926
-0.0494380352
-0.0694379670
-0.0875629050
-0.0928753868
-0.0831879200
-0.0631879883
-0.0350630841
-0.0028756932
0.0293116984
0.0580616020
0.0818115228
0.0936864833
0.0889989989
0.0708740592
0.0493116313
0.0261867089
0.0071242731
-0.0088131731
-0.0172506445
-0.0191256382
-0.0156881498
-0.0085006741
0.0046242815
0.0139992499
0.0130617531
0.0052492794
-0.0050631858
-0.0181881413
-0.0350630841
-0.0519380267
-0.0585005043
-0.0513130288
-0.0391255703
-0.0306880989
-0.0250631180
-0.0163131477
-0.0041256889
0.0039992836
0.0033742857
-0.0016256974
-0.0060006826
-0.0060006826
-0.0031881921
0.0011867931
0.0068117741
0.0180617362
0.0277492036
0.0339991826
0.0336866837
0.0286867005
0.0164992415
0.0021242900
-0.0147506530
-0.0238131223
-0.0241256212
-0.0160006487
-0.0128756593
-0.0125631604
-0.0166256466
-0.0175631435
-0.0203756339
-0.0219381286
-0.0244381202
-0.0222506276
-0.0160006487
-0.0063131815
-0.0003757016
-0.0003757016
-0.0063131815
-0.0138131562
-0.0219381286
-0.0213131307
-0.0122506614
0.0043117826
0.0227492204
0.0333741847
0.0343116816
0.0296241973
0.0224367215
0.0139992499
0.0039992836
-0.0075631773
-0.0181881413
-0.0247506191
-0.0288131053
-0.0328755915
-0.0385005724
-0.0360005809
-0.0238131223
-0.0078756762
0.0080617699
0.0224367215
0.0296241973
0.0277492036
0.0174367383
0.0055617784
-0.0041256889
-0.0141256551
-0.0241256212
-0.0297506021
-0.0313130968
-0.0281881074
-0.0197506360
-0.0060006826
0.0111867594
0.0296241973
0.0436866501
0.0524366208
0.0555616104
0.0518116229
0.0411866585
0.0302491952
0.0271242057
0.0302491952
0.0289991994
0.0214992246
0.0114992583
0.0068117741
0.0011867931
-0.0066256805
-0.0138131562
-0.0144381540
-0.0125631604
-0.0097506699
-0.0047506868
0.0039992836
0.0080617699
0.0055617784
0.0027492878
0.0055617784
0.0152492457
0.0249367131
0.0271242057
0.0252492120
0.0202492289
0.0149367467
0.0102492625
0.0099367636
0.0149367467
0.0224367215
0.0289991994
0.0364991742
0.0430616522
0.0464991407
0.0374366711
0.0183742352
-0.0035006910
-0.0185006403
-0.0247506191
-0.0266256127
-0.0244381202
-0.0166256466
-0.0044381879
0.0118117573
0.0224367215
0.0280617026
0.0318116900
0.0283742015
0.0193117320
0.0071242731
-0.0028756932
-0.0097506699
-0.0153756509
-0.0247506191
-0.0394380692
-0.0528755235
-0.0597505001
-0.0569380097
-0.0444380522
-0.0228756255
0.0058742773
0.0402491616
0.0655615769
0.0774365373
0.0739990488
0.0577491030
0.0339991826
0.0124367552
-0.0035006910
-0.0116256636
-0.0106881667
-0.0028756932
0.0077492710
0.0143117488
0.0083742689
-0.0097506699
-0.0294381032
-0.0410005639
-0.0469380437
-0.0503755320
-0.0541255192
-0.0519380267
-0.0435005554
-0.0319380947
-0.0238131223
-0.0160006487
-0.0072506784
0.0024367889
0.0102492625
0.0139992499
0.0139992499
0.0136867510
0.0202492289
0.0280617026
0.0327491868
0.0321241889
0.0239992162
0.0108742604
-0.0060006826
-0.0206881329
-0.0247506191
-0.0188131392
-0.0078756762
0.0036867847
0.0086867678
0.0108742604
0.0127492541
0.0280617026
0.0755615436
0.1152489119
0.1161864088
0.0808740259
0.0158742436
-0.0528755235
-0.0988128665
-0.1144378129
-0.1000628622
-0.0766254425
-0.0569380097
-0.0441255533
-0.0366255788
-0.0313130968
-0.0281881074
-0.0150631519
0.0427491533
0.1133739181
0.1552487802
0.1533737863
0.1058739429
0.0327491868
-0.0356880820
-0.0831879200
-0.1006878601
-0.0941253826
-0.0706879627
-0.0378755745
-0.0041256889
0.0183742352
0.0249367131
0.0186867341
0.0118117573
0.0024367889
-0.0069381794
-0.0116256636
-0.0075631773
0.0043117826
0.0218117236
0.0324366879
0.0330616858
0.0264992078
0.0164992415
0.0033742857
-0.0075631773
-0.0163131477
-0.0169381456
-0.0119381625
-0.0022506953
0.0011867931
-0.0041256889
-0.0166256466
-0.0303756000
-0.0419380607
-0.0466255448
-0.0447505512
-0.0350630841
-0.0300631011
-0.0266256127
-0.0228756255
-0.0141256551
-0.0028756932
0.0096242646
0.0171242394
0.0196242310
0.0118117573
0.0024367889
-0.0013131984
0.0043117826
0.0124367552
0.0168117404
0.0189992331
0.0221242225
0.0202492289
0.0108742604
-0.0047506868
-0.0185006403
-0.0275631096
-0.0303756000
-0.0294381032
-0.0206881329
-0.0081881752
0.0018117910
0.0018117910
-0.0031881921
-0.0113131646
-0.0219381286
-0.0360005809
-0.0463130458
-0.0485005384
-0.0413130628
-0.0256881159
-0.0028756932
0.0189992331
0.0364991742
0.0505616271
0.0618115895
0.0724365540
0.0774365373
0.0730615519
0.0639990822
0.0543116145
0.0411866585
0.0230617194
0.0027492878
-0.0141256551
-0.0238131223
-0.0275631096
-0.0247506191
-0.0181881413
-0.0113131646
-0.0069381794
-0.0110006657
-0.0200631350
-0.0238131223
-0.0175631435
-0.0041256889
0.0068117741
0.0171242394
0.0264992078
0.0346241805
0.0358741763
0.0302491952
0.0264992078
0.0268117068
0.0258742099
0.0189992331
0.0068117741
-0.0085006741
-0.0210006318
-0.0285006064
-0.0266256127
-0.0188131392
-0.0078756762
-0.0022506953
-0.0035006910
-0.0072506784
-0.0085006741
-0.0038131900
0.0027492878
0.0061867762
0.0080617699
0.0105617615
0.0168117404
0.0189992331
0.0155617446
0.0068117741
0.0036867847
0.0021242900
0.0027492878
0.0005617952
-0.0006882005
0.0002492963
0.0049367805
0.0121242562
0.0205617278
0.0271242057
0.0308741931
0.0308741931
0.0283742015
0.0227492204
0.0130617531
0.0018117910
-0.0022506953
0.0002492963
0.0052492794
0.0027492878
-0.0081881752
-0.0266256127
-0.0391255703
-0.0410005639
-0.0331880905
-0.0225631265
-0.0125631604
-0.0047506868
-0.0006882005
0.0024367889
0.0046242815
0.0080617699
0.0174367383
0.0277492036
0.0343116816
0.0327491868
0.0243117152
0.0114992583
0.0018117910
-0.0022506953
-0.0013131984
0.0033742857
0.0080617699
0.0136867510
0.0218117236
0.0230617194
0.0202492289
0.0146242478
0.0108742604
0.0074367720
0.0046242815
0.0043117826
0.0158742436
0.0333741847
0.0493116313
0.0514991240
0.0439991491
0.0246242141
0.0068117741
-0.0075631773
-0.0181881413
-0.0313130968
-0.0450630501
-0.0566255107
-0.0528755235
-0.0394380692
-0.0272506106
-0.0194381371
-0.0125631604
-0.0050631858
0.0036867847
0.0086867678
0.0168117404
0.0221242225
0.0258742099
0.0258742099
0.0268117068
0.0286867005
0.0314991910
0.0311866921
0.0271242057
0.0239992162
0.0196242310
0.0111867594
-0.0006882005
-0.0066256805
-0.0050631858
0.0011867931
0.0033742857
0.0008742942
-0.0044381879
-0.0097506699
-0.0185006403
-0.0275631096
-0.0310005979
-0.0256881159
-0.0178756424
-0.0091256720
-0.0031881921
0.0011867931
-0.0010006995
-0.0085006741
-0.0213131307
-0.0316255958
-0.0344380862
-0.0313130968
-0.0250631180
-0.0191256382
-0.0135006572
-0.0088131731
-0.0047506868
-0.0047506868
-0.0072506784
-0.0094381710
-0.0075631773
-0.0003757016
0.0124367552
0.0274367047
0.0374366711
0.0377491700
0.0339991826
0.0286867005
0.0274367047
0.0277492036
0.0289991994
0.0255617110
0.0164992415
0.0046242815
-0.0035006910
-0.0094381710
-0.0131881583
-0.0153756509
-0.0160006487
-0.0178756424
-0.0216256297
-0.0266256127
-0.0300631011
-0.0294381032
-0.0241256212
-0.0150631519
-0.0031881921
0.0108742604
0.0227492204
0.0327491868
0.0402491616
0.0439991491
0.0455616438
0.0424366543
0.0314991910
0.0186867341
0.0102492625
0.0068117741
0.0033742857
-0.0056881836
-0.0181881413
-0.0269381117
-0.0313130968
-0.0356880820
-0.0385005724
-0.0397505682
-0.0403755660
-0.0391255703
-0.0381880735
-0.0363130798
-0.0344380862
-0.0294381032
-0.0200631350
-0.0081881752
0.0061867762
0.0177492373
0.0224367215
0.0183742352
0.0080617699
-0.0019381963
-0.0081881752
-0.0106881667
-0.0041256889
0.0071242731
0.0177492373
0.0255617110
0.0277492036
0.0252492120
0.0171242394
0.0064992752
-0.0022506953
-0.0053756847
-0.0013131984
0.0052492794
0.0074367720
0.0068117741
0.0074367720
0.0111867594
0.0161867425
0.0218117236
0.0255617110
0.0277492036
0.0239992162
0.0136867510
-0.0022506953
-0.0175631435
-0.0306880989
-0.0410005639
-0.0447505512
-0.0397505682
-0.0303756000
-0.0222506276
-0.0153756509
-0.0038131900
0.0108742604
0.0208742267
0.0196242310
0.0130617531
0.0068117741
0.0068117741
0.0105617615
0.0177492373
0.0214992246
0.0227492204
0.0189992331
0.0143117488
0.0093117657
0.0030617868
-0.0035006910
-0.0060006826
-0.0075631773
-0.0050631858
0.0002492963
0.0086867678
0.0146242478
0.0171242394
0.0183742352
0.0202492289
0.0208742267
0.0180617362
0.0061867762
-0.0094381710
-0.0241256212
-0.0322505936
-0.0338130883
-0.0275631096
-0.0163131477
-0.0050631858
0.0033742857
0.0102492625
0.0168117404
0.0208742267
0.0196242310
0.0152492457
0.0089992668
0.0061867762
0.0064992752
0.0086867678
0.0114992583
0.0111867594
0.0086867678
0.0024367889
-0.0053756847
-0.0100631688
-0.0119381625
-0.0097506699
-0.0069381794
-0.0035006910
-0.0022506953
-0.0056881836
-0.0131881583
-0.0194381371
-0.0216256297
-0.0178756424
-0.0085006741
0.0027492878
0.0089992668
0.0055617784
-0.0044381879
-0.0138131562
-0.0188131392
-0.0188131392
-0.0141256551
-0.0028756932
0.0108742604
0.0224367215
0.0261867089
0.0249367131
0.0224367215
0.0183742352
0.0127492541
0.0074367720
0.0052492794
0.0083742689
0.0152492457
0.0211867257
0.0252492120
0.0239992162
0.0183742352
0.0111867594
0.0021242900
-0.0088131731
-0.0160006487
-0.0194381371
-0.0200631350
-0.0191256382
-0.0194381371
-0.0185006403
-0.0147506530
-0.0116256636
-0.0085006741
-0.0063131815
-0.0041256889
0.0002492963
0.0068117741
0.0083742689
0.0036867847
-0.0022506953
-0.0041256889
-0.0022506953
0.0036867847
0.0096242646
0.0146242478
0.0171242394
0.0164992415
0.0099367636
0.0014992921
-0.0022506953
-0.0025631942
-0.0010006995
0.0080617699
0.0183742352
0.0274367047
0.0261867089
0.0155617446
0.0027492878
-0.0085006741
-0.0181881413
-0.0294381032
-0.0385005724
-0.0428755575
-0.0425630586
-0.0431880565
-0.0453755490
-0.0463130458
-0.0431880565
-0.0347505852
-0.0206881329
-0.0022506953
0.0168117404
0.0330616858
0.0436866501
0.0474366376
0.0468116396
0.0452491449
0.0424366543
0.0393116648
0.0336866837
0.0283742015
0.0214992246
0.0146242478
0.0093117657
0.0068117741
0.0052492794
0.0021242900
-0.0053756847
-0.0144381540
-0.0200631350
-0.0172506445
-0.0085006741
0.0030617868
0.0146242478
0.0230617194
0.0255617110
0.0246242141
0.0202492289
0.0130617531
0.0061867762
0.0021242900
-0.0013131984
-0.0013131984
-0.0000632027
0.0021242900
0.0102492625
0.0230617194
0.0355616774
0.0427491533
0.0424366543
0.0355616774
0.0230617194
0.0102492625
0.0027492878
0.0018117910
0.0043117826
0.0049367805
0.0039992836
0.0021242900
0.0018117910
-0.0006882005
0.0011867931
0.0074367720
0.0152492457
0.0146242478
0.0105617615
0.0077492710
0.0124367552
0.0227492204
0.0327491868
0.0377491700
0.0396241637
0.0339991826
0.0224367215
0.0061867762
-0.0069381794
-0.0197506360
-0.0278756085
-0.0328755915
-0.0338130883
-0.0316255958
-0.0300631011
-0.0306880989
-0.0285006064
-0.0235006233
-0.0144381540
-0.0103756678
-0.0122506614
-0.0147506530
-0.0106881667
-0.0010006995
0.0127492541
0.0274367047
0.0377491700
0.0399366627
0.0330616858
0.0196242310
0.0080617699
0.0005617952
-0.0028756932
-0.0072506784
-0.0141256551
-0.0210006318
-0.0316255958
-0.0453755490
-0.0578755065
-0.0613129947
-0.0528755235
-0.0378755745
-0.0235006233
-0.0116256636
-0.0006882005
0.0086867678
0.0177492373
0.0268117068
0.0361866753
0.0411866585
0.0377491700
0.0286867005
0.0152492457
-0.0025631942
-0.0238131223
-0.0435005554
-0.0566255107
-0.0591255022
-0.0544380182
-0.0466255448
-0.0391255703
-0.0350630841
-0.0331880905
-0.0310005979
-0.0294381032
-0.0294381032
-0.0303756000
-0.0316255958
-0.0278756085
-0.0178756424
-0.0053756847
-0.0003757016
-0.0056881836
-0.0153756509
-0.0194381371
-0.0178756424
-0.0147506530
-0.0122506614
-0.0063131815
0.0018117910
0.0086867678
0.0096242646
0.0058742773
0.0002492963
-0.0006882005
0.0024367889
0.0080617699
0.0149367467
0.0180617362
0.0171242394
0.0096242646
-0.0003757016
-0.0106881667
-0.0191256382
-0.0247506191
-0.0272506106
-0.0269381117
-0.0238131223
-0.0197506360
-0.0166256466
-0.0150631519
-0.0185006403
-0.0238131223
-0.0281881074
-0.0281881074
-0.0247506191
-0.0185006403
-0.0122506614
-0.0044381879
-0.0025631942
-0.0053756847
-0.0097506699
-0.0081881752
-0.0041256889
0.0005617952
-0.0016256974
-0.0053756847
-0.0103756678
-0.0153756509
-0.0203756339
-0.0210006318
-0.0153756509
-0.0031881921
0.0083742689
0.0177492373
0.0243117152
0.0302491952
0.0302491952
0.0218117236
0.0071242731
-0.0063131815
-0.0153756509
-0.0219381286
-0.0275631096
-0.0331880905
-0.0341255873
-0.0297506021
-0.0222506276
-0.0119381625
-0.0010006995
0.0068117741
0.0102492625
0.0111867594
0.0111867594
0.0093117657
0.0030617868
-0.0053756847
-0.0103756678
-0.0125631604
-0.0122506614
-0.0119381625
-0.0088131731
-0.0041256889
-0.0010006995
-0.0060006826
-0.0200631350
-0.0353755830
-0.0453755490
-0.0485005384
-0.0453755490
-0.0372505767
-0.0225631265
-0.0091256720
-0.0006882005
0.0024367889
0.0055617784
0.0086867678
0.0118117573
0.0136867510
0.0136867510
0.0099367636
0.0052492794
-0.0006882005
-0.0047506868
-0.0097506699
-0.0144381540
-0.0172506445
-0.0197506360
-0.0225631265
-0.0247506191
-0.0275631096
-0.0285006064
-0.0306880989
-0.0341255873
-0.0356880820
-0.0313130968
-0.0213131307
-0.0097506699
0.0005617952
0.0077492710
0.0099367636
0.0096242646
0.0086867678
0.0111867594
0.0158742436
0.0208742267
0.0246242141
0.0264992078
0.0233742183
0.0152492457
0.0068117741
0.0018117910
0.0011867931
-0.0003757016
-0.0025631942
-0.0031881921
-0.0056881836
-0.0103756678
-0.0166256466
-0.0228756255
-0.0288131053
-0.0344380862
-0.0381880735
-0.0391255703
-0.0353755830
-0.0269381117
-0.0181881413
-0.0056881836
0.0080617699
0.0255617110
0.0418116564
0.0543116145
0.0599365957
0.0596240968
0.0536866166
0.0446241470
0.0352491784
0.0246242141
0.0111867594
0.0005617952
-0.0047506868
-0.0053756847
-0.0038131900
-0.0035006910
-0.0025631942
-0.0016256974
-0.0022506953
-0.0022506953
-0.0006882005
0.0046242815
0.0124367552
0.0211867257
0.0277492036
0.0321241889
0.0349366795
0.0349366795
0.0305616942
0.0246242141
0.0174367383
0.0099367636
0.0027492878
-0.0044381879
-0.0100631688
-0.0122506614
-0.0094381710
-0.0063131815
-0.0006882005
0.0039992836
0.0099367636
0.0155617446
0.0196242310
0.0208742267
0.0174367383
0.0089992668
0.0021242900
-0.0010006995
0.0008742942
0.0074367720
0.0161867425
0.0261867089
0.0336866837
0.0352491784
0.0289991994
0.0171242394
0.0018117910
-0.0156881498
-0.0319380947
-0.0425630586
-0.0438130543
-0.0344380862
-0.0210006318
-0.0072506784
0.0036867847
0.0121242562
0.0171242394
0.0174367383
0.0155617446
0.0143117488
0.0164992415
0.0177492373
0.0180617362
0.0183742352
0.0196242310
0.0214992246
0.0208742267
0.0189992331
0.0177492373
0.0168117404
0.0164992415
0.0164992415
0.0202492289
0.0236867173
0.0286867005
0.0314991910
0.0346241805
0.0368116732
0.0349366795
0.0289991994
0.0239992162
0.0202492289
0.0171242394
0.0155617446
0.0143117488
0.0118117573
0.0099367636
0.0086867678
0.0052492794
-0.0000632027
-0.0056881836
-0.0075631773
-0.0056881836
0.0008742942
0.0114992583
0.0230617194
0.0333741847
0.0405616606
0.0411866585
0.0355616774
0.0283742015
0.0230617194
0.0227492204
0.0264992078
0.0308741931
0.0296241973
0.0230617194
0.0114992583
-0.0006882005
-0.0078756762
-0.0066256805
0.0014992921
0.0099367636
0.0143117488
0.0161867425
0.0171242394
0.0158742436
0.0136867510
0.0083742689
0.0043117826
0.0030617868
0.0014992921
-0.0000632027
0.0014992921
0.0068117741
0.0130617531
0.0158742436
0.0158742436
0.0136867510
0.0114992583
0.0074367720
0.0005617952
-0.0035006910
-0.0050631858
-0.0072506784
-0.0122506614
-0.0178756424
-0.0213131307
-0.0200631350
-0.0169381456
-0.0147506530
-0.0147506530
-0.0166256466
-0.0194381371
-0.0238131223
-0.0272506106
-0.0272506106
-0.0238131223
-0.0150631519
-0.0044381879
0.0058742773
0.0143117488
0.0218117236
0.0268117068
0.0293116984
0.0296241973
0.0277492036
0.0261867089
0.0255617110
0.0258742099
0.0239992162
0.0199367299
0.0139992499
0.0089992668
0.0043117826
0.0011867931
0.0018117910
0.0055617784
0.0118117573
0.0168117404
0.0168117404
0.0130617531
0.0055617784
-0.0028756932
-0.0113131646
-0.0156881498
-0.0191256382
-0.0210006318
-0.0231881244
-0.0260006149
-0.0281881074
-0.0281881074
-0.0263131138
-0.0247506191
-0.0231881244
-0.0231881244
-0.0222506276
-0.0172506445
-0.0122506614
-0.0069381794
-0.0028756932
-0.0025631942
-0.0013131984
0.0008742942
0.0049367805
0.0064992752
0.0077492710
0.0086867678
0.0108742604
0.0118117573
0.0093117657
0.0027492878
-0.0016256974
-0.0022506953
-0.0041256889
-0.0081881752
-0.0128756593
-0.0181881413
-0.0210006318
-0.0241256212
-0.0266256127
-0.0272506106
-0.0241256212
-0.0194381371
-0.0150631519
-0.0085006741
-0.0000632027
0.0089992668
0.0149367467
0.0161867425
0.0136867510
0.0093117657
0.0055617784
0.0058742773
0.0093117657
0.0124367552
0.0114992583
0.0077492710
0.0021242900
-0.0041256889
-0.0116256636
-0.0185006403
-0.0238131223
-0.0266256127
-0.0291256043
-0.0322505936
-0.0344380862
-0.0325630926
-0.0275631096
-0.0178756424
-0.0075631773
0.0021242900
0.0083742689
0.0099367636
0.0105617615
0.0130617531
0.0202492289
0.0299366963
0.0386866669
0.0436866501
0.0439991491
0.0393116648
0.0299366963
0.0164992415
0.0024367889
-0.0113131646
-0.0222506276
-0.0310005979
-0.0394380692
-0.0460005469
-0.0494380352
-0.0491255363
-0.0444380522
-0.0378755745
-0.0322505936
-0.0253756170
-0.0172506445
-0.0088131731
-0.0019381963
0.0039992836
0.0096242646
0.0168117404
0.0230617194
0.0264992078
0.0268117068
0.0243117152
0.0214992246
0.0155617446
0.0071242731
-0.0022506953
-0.0069381794
-0.0103756678
-0.0131881583
-0.0169381456
-0.0203756339
-0.0210006318
-0.0188131392
-0.0163131477
-0.0135006572
-0.0078756762
-0.0003757016
0.0049367805
0.0068117741
0.0071242731
0.0061867762
0.0011867931
-0.0063131815
-0.0122506614
-0.0138131562
-0.0116256636
-0.0066256805
-0.0019381963
0.0036867847
0.0083742689
0.0099367636
0.0086867678
0.0061867762
0.0046242815
0.0061867762
0.0102492625
0.0139992499
0.0158742436
0.0164992415
0.0155617446
0.0093117657
-0.0022506953
-0.0169381456
-0.0294381032
-0.0347505852
-0.0310005979
-0.0228756255
-0.0135006572
-0.0063131815
-0.0028756932
-0.0003757016
0.0014992921
0.0036867847
0.0046242815
0.0064992752
0.0093117657
0.0118117573
0.0111867594
0.0068117741
-0.0003757016
-0.0063131815
-0.0097506699
-0.0091256720
-0.0072506784
-0.0041256889
-0.0035006910
-0.0060006826
-0.0106881667
-0.0150631519
-0.0178756424
-0.0178756424
-0.0150631519
-0.0113131646
-0.0066256805
-0.0003757016
0.0068117741
0.0139992499
0.0180617362
0.0155617446
0.0086867678
0.0027492878
-0.0013131984
-0.0035006910
-0.0053756847
-0.0066256805
-0.0078756762
-0.0097506699
-0.0125631604
-0.0166256466
-0.0210006318
-0.0238131223
-0.0222506276
-0.0166256466
-0.0063131815
0.0052492794
0.0133742520
0.0180617362
0.0221242225
0.0258742099
0.0296241973
0.0308741931
0.0296241973
0.0261867089
0.0208742267
0.0121242562
0.0011867931
-0.0106881667
-0.0200631350
-0.0278756085
-0.0338130883
-0.0350630841
-0.0316255958
-0.0231881244
-0.0141256551
-0.0044381879
0.0018117910
0.0021242900
-0.0016256974
-0.0038131900
-0.0047506868
-0.0035006910
-0.0038131900
-0.0060006826
-0.0091256720
-0.0122506614
-0.0160006487
-0.0206881329
-0.0231881244
-0.0238131223
-0.0219381286
-0.0206881329
-0.0194381371
-0.0175631435
-0.0113131646
-0.0035006910
0.0036867847
0.0080617699
0.0118117573
0.0149367467
0.0152492457
0.0118117573
0.0027492878
-0.0078756762
-0.0178756424
-0.0250631180
-0.0285006064
-0.0278756085
-0.0250631180
-0.0206881329
-0.0172506445
-0.0141256551
-0.0110006657
-0.0085006741
-0.0081881752
-0.0078756762
-0.0060006826
-0.0022506953
0.0033742857
0.0099367636
0.0164992415
0.0205617278
0.0218117236
0.0202492289
0.0158742436
0.0077492710
-0.0019381963
-0.0094381710
-0.0147506530
-0.0175631435
-0.0194381371
-0.0216256297
-0.0231881244
-0.0244381202
-0.0253756170
-0.0250631180
-0.0244381202
-0.0219381286
-0.0172506445
-0.0110006657
-0.0047506868
0.0018117910
0.0061867762
0.0083742689
0.0080617699
0.0064992752
0.0055617784
0.0058742773
0.0083742689
0.0118117573
0.0158742436
0.0199367299
0.0233742183
0.0246242141
0.0255617110
0.0230617194
0.0183742352
0.0127492541
0.0083742689
0.0052492794
0.0008742942
-0.0056881836
-0.0125631604
-0.0191256382
-0.0219381286
-0.0241256212
-0.0244381202
-0.0228756255
-0.0197506360
-0.0181881413
-0.0206881329
-0.0260006149
-0.0278756085
-0.0253756170
-0.0191256382
-0.0097506699
-0.0013131984
0.0058742773
0.0108742604
0.0133742520
0.0161867425
0.0186867341
0.0196242310
0.0174367383
0.0139992499
0.0099367636
0.0055617784
-0.0006882005
-0.0085006741
-0.0181881413
-0.0247506191
-0.0272506106
-0.0263131138
-0.0235006233
-0.0206881329
-0.0188131392
-0.0185006403
-0.0169381456
-0.0131881583
-0.0069381794
0.0033742857
0.0155617446
0.0293116984
0.0418116564
0.0493116313
0.0493116313
0.0414991575
0.0274367047
0.0121242562
-0.0031881921
-0.0163131477
-0.0269381117
-0.0356880820
-0.0416255618
-0.0428755575
-0.0400630671
-0.0338130883
-0.0269381117
-0.0203756339
-0.0144381540
-0.0100631688
-0.0088131731
-0.0066256805
-0.0031881921
0.0018117910
0.0052492794
0.0055617784
0.0021242900
-0.0022506953
-0.0088131731
-0.0138131562
-0.0153756509
-0.0141256551
-0.0128756593
-0.0125631604
-0.0116256636
-0.0097506699
-0.0088131731
-0.0075631773
-0.0053756847
-0.0000632027
0.0074367720
0.0143117488
0.0171242394
0.0158742436
0.0118117573
0.0064992752
0.0005617952
-0.0041256889
-0.0075631773
-0.0088131731
-0.0088131731
-0.0091256720
-0.0078756762
-0.0050631858
-0.0025631942
-0.0016256974
-0.0047506868
-0.0116256636
-0.0203756339
-0.0278756085
-0.0319380947
-0.0303756000
-0.0256881159
-0.0169381456
-0.0060006826
0.0055617784
0.0171242394
0.0261867089
0.0311866921
0.0321241889
0.0302491952
0.0236867173
0.0158742436
0.0068117741
-0.0022506953
-0.0088131731
-0.0128756593
-0.0144381540
-0.0147506530
-0.0163131477
-0.0194381371
-0.0225631265
-0.0235006233
-0.0222506276
-0.0185006403
-0.0113131646
-0.0025631942
0.0064992752
0.0136867510
0.0199367299
0.0236867173
0.0249367131
0.0214992246
0.0164992415
0.0114992583
0.0064992752
0.0011867931
-0.0013131984
0.0005617952
0.0043117826
0.0068117741
0.0058742773
0.0008742942
-0.0060006826
-0.0125631604
-0.0172506445
-0.0197506360
-0.0188131392
-0.0150631519
-0.0097506699
-0.0031881921
0.0036867847
0.0139992499
0.0236867173
0.0361866753
0.0474366376
0.0555616104
0.0586865999
0.0596240968
0.0602490947
0.0608740926
0.0608740926
0.0605615936
0.0589990989
0.0558741093
0.0505616271
0.0449366459
0.0405616606
0.0399366627
0.0396241637
0.0377491700
0.0327491868
0.0274367047
0.0224367215
0.0218117236
0.0249367131
0.0311866921
0.0386866669
0.0443116480
0.0464991407
0.0458741428
0.0436866501
0.0405616606
0.0380616690
