-0.0013131984
-0.0010006995
-0.0013131984
-0.0013131984
-0.0013131984
-0.0013131984
-0.0006882005
-0.0010006995
-0.0010006995
-0.0013131984
-0.0010006995
-0.0013131984
-0.0016256974
-0.0013131984
-0.0013131984
-0.0013131984
-0.0013131984
-0.0010006995
-0.0016256974
-0.0013131984
-0.0013131984
-0.0010006995
-0.0010006995
-0.0013131984
-0.0010006995
-0.0010006995
-0.0010006995
-0.0016256974
-0.0013131984
-0.0006882005
-0.0010006995
-0.0013131984
-0.0013131984
-0.0016256974
-0.0006882005
-0.0010006995
-0.0016256974
-0.0010006995
-0.0016256974
-0.0013131984
-0.0013131984
-0.0010006995
-0.0013131984
-0.0010006995
-0.0013131984
-0.0016256974
-0.0013131984
-0.0013131984
-0.0016256974
-0.0013131984
-0.0013131984
-0.0013131984
-0.0013131984
-0.0013131984
-0.0010006995
-0.0016256974
-0.0013131984
-0.0010006995
-0.0013131984
-0.0016256974
-0.0010006995
-0.0010006995
-0.0010006995
-0.0010006995
-0.0010006995
-0.0016256974
-0.0016256974
-0.0013131984
-0.0016256974
-0.0013131984
-0.0013131984
-0.0013131984
-0.0013131984
-0.0013131984
-0.0013131984
-0.0010006995
-0.0006882005
-0.0016256974
-0.0013131984
-0.0013131984
-0.0013131984
-0.0013131984
-0.0010006995
-0.0010006995
-0.0013131984
-0.0010006995
-0.0013131984
-0.0013131984
-0.0016256974
-0.0016256974
-0.0016256974
-0.0013131984
-0.0013131984
-0.0010006995
-0.0010006995
-0.0013131984
-0.0010006995
-0.0016256974
-0.0016256974
-0.0010006995
-0.0013131984
-0.0013131984
-0.0019381963
-0.0013131984
-0.0010006995
-0.0010006995
-0.0010006995
-0.0016256974
-0.0010006995
-0.0010006995
-0.0016256974
-0.0013131984
-0.0013131984
-0.0013131984
-0.0013131984
-0.0010006995
-0.0013131984
-0.0013131984
-0.0010006995
-0.0010006995
-0.0013131984
-0.0013131984
-0.0010006995
-0.0016256974
-0.0016256974
-0.0016256974
-0.0013131984
-0.0016256974
-0.0006882005
-0.0010006995
-0.0016256974
-0.0016256974
-0.0006882005
-0.0010006995
-0.0010006995
-0.0006882005
-0.0010006995
-0.0016256974
-0.0013131984
-0.0013131984
-0.0013131984
-0.0010006995
-0.0016256974
-0.0013131984
-0.0006882005
-0.0010006995
-0.0013131984
-0.0013131984
-0.0013131984
-0.0013131984
-0.0013131984
-0.0010006995
-0.0016256974
-0.0006882005
-0.0013131984
-0.0013131984
-0.0013131984
-0.0010006995
-0.0010006995
-0.0013131984
-0.0016256974
-0.0010006995
-0.0010006995
-0.0013131984
-0.0013131984
-0.0010006995
-0.0010006995
-0.0010006995
-0.0013131984
-0.0013131984
-0.0013131984
-0.0013131984
-0.0016256974
-0.0010006995
-0.0010006995
-0.0010006995
-0.0010006995
-0.0016256974
-0.0013131984
-0.0010006995
-0.0010006995
-0.0013131984
-0.0010006995
-0.0013131984
-0.0016256974
-0.0013131984
-0.0016256974
-0.0013131984
-0.0013131984
-0.0013131984
-0.0013131984
-0.0013131984
-0.0010006995
-0.0013131984
-0.0013131984
-0.0010006995
-0.0010006995
-0.0010006995
-0.0010006995
-0.0013131984
-0.0013131984
-0.0010006995
-0.0010006995
-0.0013131984
-0.0013131984
-0.0010006995
-0.0013131984
-0.0013131984
-0.0013131984
-0.0010006995
-0.0013131984
-0.0016256974
-0.0010006995
-0.0013131984
-0.0013131984
-0.0010006995
-0.0016256974
-0.0016256974
-0.0013131984
-0.0013131984
-0.0013131984
-0.0010006995
-0.0013131984
-0.0013131984
-0.0016256974
-0.0013131984
-0.0013131984
-0.0013131984
-0.0013131984
-0.0010006995
-0.0013131984
-0.0016256974
-0.0013131984
-0.0010006995
-0.0010006995
-0.0013131984
-0.0010006995
-0.0013131984
-0.0010006995
-0.0013131984
-0.0016256974
-0.0013131984
-0.0010006995
-0.0010006995
-0.0013131984
-0.0010006995
-0.0013131984
-0.0016256974
-0.0016256974
-0.0010006995
-0.0016256974
-0.0013131984
-0.0013131984
-0.0013131984
-0.0010006995
-0.0013131984
-0.0013131984
-0.0010006995
-0.0010006995
-0.0010006995
-0.0013131984
-0.0013131984
-0.0013131984
-0.0013131984
-0.0013131984
-0.0010006995
-0.0010006995
-0.0010006995
-0.0006882005
-0.0013131984
-0.0016256974
-0.0016256974
-0.0006882005
-0.0013131984
-0.0010006995
-0.0010006995
-0.0013131984
-0.0013131984
-0.0013131984
-0.0013131984
-0.0010006995
-0.0016256974
-0.0019381963
-0.0010006995
-0.0019381963
-0.0016256974
-0.0010006995
-0.0006882005
-0.0010006995
-0.0010006995
-0.0016256974
-0.0013131984
-0.0013131984
-0.0010006995
-0.0016256974
-0.0013131984
-0.0013131984
-0.0010006995
-0.0013131984
-0.0016256974
-0.0013131984
-0.0016256974
-0.0016256974
-0.0013131984
-0.0010006995
-0.0013131984
-0.0013131984
-0.0010006995
-0.0013131984
-0.0013131984
-0.0013131984
-0.0013131984
-0.0010006995
-0.0006882005
-0.0016256974
-0.0013131984
-0.0013131984
-0.0016256974
-0.0022506953
-0.0016256974
-0.0006882005
-0.0003757016
-0.0010006995
-0.0022506953
-0.0019381963
-0.0006882005
-0.0000632027
-0.0010006995
-0.0025631942
-0.0025631942
-0.0000632027
0.0011867931
-0.0003757016
-0.0028756932
-0.0025631942
-0.0003757016
0.0011867931
-0.0006882005
-0.0019381963
-0.0031881921
-0.0010006995
-0.0000632027
-0.0000632027
-0.0025631942
-0.0035006910
-0.0022506953
-0.0016256974
-0.0006882005
-0.0000632027
-0.0010006995
-0.0019381963
-0.0028756932
-0.0025631942
-0.0006882005
0.0005617952
-0.0016256974
-0.0028756932
-0.0019381963
0.0002492963
-0.0000632027
-0.0006882005
-0.0028756932
-0.0025631942
-0.0010006995
0.0046242815
0.6271223316
2.4146201614
3.5630609715
3.6846241168
2.7333706174
1.0286838051
-0.4078742895
-0.5628737420
-0.5725612077
-0.5722487088
-0.5716237110
-0.5694362188
-0.5681862232
0.7243095630
1.9621200308
2.0433700131
1.2949332632
0.3389981911
-0.2606873061
-0.4581866120
-0.3844368721
-0.0535005214
0.3889980359
0.7211845714
0.8061843461
0.6774346911
0.4308729077
0.1474363058
-0.1066253397
-0.2734997613
-0.3281870698
-0.2872497132
-0.1947500356
-0.1025628536
-0.0413130628
-0.0091256720
-0.0116256636
-0.0125631604
-0.0141256551
-0.0175631435
-0.0200631350
-0.0263131138
-0.0403755660
-0.0619379926
-0.0847504147
-0.1025628536
-0.1122503204
-0.1172503032
-0.1088128322
-0.0863129093
-0.0641254851
-0.0428755575
-0.0322505936
-0.0291256043
-0.0328755915
-0.0410005639
-0.0494380352
-0.0563130118
-0.0544380182
-0.0472505427
-0.0410005639
-0.0416255618
-0.0453755490
-0.0525630246
-0.0638129862
-0.0697504659
-0.0685004702
-0.0666254766
-0.0663129777
-0.0628754894
-0.0603754979
-0.0606879969
-0.0631879883
-0.0653754809
-0.0703754638
-0.0744379499
-0.0760004446
-0.0753754467
-0.0731879542
-0.0666254766
-0.0585005043
-0.0525630246
-0.0478755405
-0.0416255618
-0.0356880820
-0.0347505852
-0.0347505852
-0.0397505682
-0.0450630501
-0.0503755320
-0.0535005214
-0.0531880224
-0.0513130288
-0.0460005469
-0.0388130713
-0.0347505852
-0.0335005894
-0.0375630756
-0.0450630501
-0.0491255363
-0.0519380267
-0.0494380352
-0.0406880650
-0.0331880905
-0.0313130968
-0.0331880905
-0.0413130628
-0.0472505427
-0.0538130203
-0.0591255022
-0.0628754894
-0.0641254851
-0.0588130033
-0.0510005299
-0.0456880480
-0.0428755575
-0.0410005639
-0.0403755660
-0.0375630756
-0.0347505852
-0.0322505936
-0.0294381032
-0.0203756339
0.3968105118
1.5411828798
2.1671200197
2.2083700312
1.6077452976
0.7011846258
-0.1431877139
-0.5534987751
-0.5859986602
-0.5875611547
-0.5863111591
-0.5850611635
-0.5831861702
-0.5572487619
0.2521234662
0.8789966610
0.9649339525
0.7311845444
0.3946230186
0.1177489036
-0.0363130798
-0.1375627333
-0.2010000139
-0.2338123998
-0.2428748682
-0.2916246979
-0.3034996564
-0.2719372668
-0.1719376146
-0.0491255363
0.0414991575
0.1283738685
0.1646237495
0.1730612219
0.1296238644
0.0858740093
0.0193117320
-0.0547505171
-0.0850629136
-0.0741254510
-0.0425630586
-0.0585005043
-0.0469380437
-0.0603754979
-0.0747504489
-0.0741254510
-0.0866254083
-0.0922503890
-0.0675629734
-0.0469380437
-0.0319380947
-0.0206881329
-0.0185006403
-0.0066256805
0.0327491868
0.0399366627
0.0114992583
-0.0710004617
-0.1553751718
-0.2044375019
-0.2122499748
-0.1463127031
-0.0316255958
0.0905614937
0.1477488048
0.1477488048
0.0780615353
-0.0272506106
-0.1128753182
-0.2047500008
-0.2325624041
-0.1913125475
-0.0941253826
-0.0188131392
0.0339991826
0.0446241470
-0.0263131138
-0.1160003075
-0.1966250290
-0.2103749813
-0.1963125301
-0.1519376837
-0.0844379157
-0.0125631604
0.0371241721
0.0252492120
-0.0181881413
-0.0838129179
-0.1250627763
-0.1397502258
-0.1160003075
-0.0928753868
-0.0891253997
-0.0688129691
-0.0431880565
-0.0160006487
0.0136867510
0.0236867173
0.0089992668
-0.0153756509
-0.0306880989
-0.0475630416
-0.0569380097
-0.0831879200
-0.1141253139
-0.1219377871
-0.0981878686
-0.0506880309
-0.0041256889
0.0439991491
0.0708740592
0.0930614854
0.0843115145
0.0493116313
-0.0072506784
-0.0753754467
-0.1375627333
-0.1906875496
-0.2153749639
-0.1966250290
-0.1466252020
-0.0769379414
-0.0010006995
0.0583741010
0.0696240634
0.0555616104
0.0474366376
0.0271242057
-0.0056881836
-0.0444380522
-0.0616254937
-0.0513130288
-0.0225631265
0.0024367889
0.0411866585
0.0721240550
0.0696240634
0.0377491700
-0.0153756509
-0.0925628879
-0.1838125735
-0.2513123388
-0.2844372231
-0.2853747198
-0.2578748159
-0.2038125041
-0.1316252537
-0.0603754979
0.0005617952
0.0489991323
0.0793115311
0.0974364709
0.0789990321
0.0480616355
0.0189992331
0.0114992583
0.0364991742
0.0477491365
0.0280617026
-0.0128756593
-0.0544380182
-0.0800629307
-0.0960003761
-0.0588130033
0.0005617952
0.0480616355
0.0571241051
0.0218117236
-0.0425630586
-0.1113128236
-0.1560001697
-0.1416252193
-0.0678754723
0.0121242562
0.0480616355
0.0455616438
0.0068117741
-0.0528755235
-0.1031878515
-0.1225627849
-0.1022503547
-0.0872504061
-0.0941253826
-0.1228752839
-0.1391252279
-0.1606876535
-0.1806875843
-0.1741251070
-0.1494376923
-0.1172503032
-0.0828754211
-0.0166256466
0.0455616438
0.0746240467
0.0702490613
0.0393116648
0.0118117573
-0.0160006487
-0.0272506106
-0.0153756509
-0.0078756762
-0.0088131731
0.0046242815
0.0346241805
0.0493116313
0.0343116816
0.0146242478
0.0049367805
-0.0094381710
-0.0253756170
-0.0525630246
-0.0610004958
-0.0506880309
-0.0541255192
-0.0669379755
-0.0803754296
-0.0813129264
-0.0656879798
-0.0285006064
0.0008742942
-0.0069381794
-0.0513130288
-0.0941253826
-0.1356877398
-0.1703751200
-0.1875625605
-0.1756876016
-0.1231877828
-0.0556880139
0.0214992246
0.0964989740
0.1361863428
0.1218113902
0.0677490696
0.0146242478
-0.0247506191
-0.0450630501
-0.0456880480
-0.0100631688
0.0464991407
0.0674365707
0.0530616187
0.0196242310
-0.0481880395
-0.1228752839
-0.1794375886
-0.1972500269
-0.1831875756
-0.1456877053
-0.1103753268
-0.0656879798
-0.0185006403
0.0143117488
0.0218117236
0.0202492289
0.0111867594
0.0046242815
0.0068117741
0.0139992499
0.0189992331
0.0121242562
0.0061867762
0.0005617952
-0.0103756678
-0.0156881498
-0.0235006233
-0.0275631096
-0.0247506191
-0.0269381117
-0.0469380437
-0.0681879713
-0.0838129179
-0.0860004104
-0.0675629734
-0.0325630926
-0.0081881752
0.0111867594
0.0227492204
0.0139992499
-0.0172506445
-0.0581880054
-0.0853754125
-0.1135003161
-0.1269377699
-0.1156878086
-0.0747504489
-0.0260006149
0.0111867594
0.0408741596
0.0524366208
0.0555616104
0.0502491281
0.0255617110
-0.0050631858
-0.0410005639
-0.0731879542
-0.0785004360
-0.0581880054
-0.0413130628
-0.0322505936
-0.0247506191
-0.0319380947
-0.0453755490
-0.0531880224
-0.0491255363
-0.0522505256
-0.0594380011
-0.0603754979
-0.0594380011
-0.0569380097
-0.0525630246
-0.0591255022
-0.0722504574
-0.0950628794
-0.1113128236
-0.1081878343
-0.0722504574
-0.0222506276
0.0333741847
0.0780615353
0.0924364874
0.0883740009
0.0680615686
0.0411866585
0.0155617446
-0.0044381879
-0.0131881583
-0.0191256382
-0.0078756762
0.0058742773
0.0052492794
-0.0028756932
-0.0135006572
-0.0253756170
-0.0369380777
-0.0441255533
-0.0466255448
-0.0500630331
-0.0616254937
-0.0663129777
-0.0660004787
-0.0675629734
-0.0735004531
-0.0847504147
-0.0719379585
-0.0488130373
-0.0391255703
-0.0481880395
-0.0753754467
-0.1119378215
-0.1444377096
-0.1391252279
-0.1019378558
-0.0500630331
0.0118117573
0.0711865582
0.1296238644
0.1568112751
0.1414988253
0.0977489698
0.0433741512
-0.0131881583
-0.0569380097
-0.0910003933
-0.1131878172
-0.1241252796
-0.1225627849
-0.1122503204
-0.1019378558
-0.0947503804
-0.0756879457
-0.0444380522
-0.0056881836
0.0246242141
0.0468116396
0.0611865916
0.0471241386
0.0096242646
-0.0360005809
-0.0653754809
-0.0866254083
-0.0972503719
-0.0903753954
-0.0638129862
-0.0278756085
0.0102492625
0.0349366795
0.0436866501
0.0371241721
0.0243117152
0.0146242478
0.0030617868
0.0068117741
0.0364991742
0.0627490863
0.0721240550
0.0614990905
0.0186867341
-0.0338130883
-0.0781879371
-0.1138128150
-0.1291252624
-0.1241252796
-0.1044378472
-0.0735004531
-0.0453755490
-0.0375630756
-0.0428755575
-0.0519380267
-0.0588130033
-0.0635004873
-0.0535005214
-0.0338130883
-0.0106881667
0.0102492625
0.0327491868
0.0489991323
0.0474366376
0.0324366879
0.0064992752
-0.0285006064
-0.0556880139
-0.0672504745
-0.0594380011
-0.0456880480
-0.0300631011
-0.0203756339
-0.0088131731
-0.0016256974
-0.0097506699
-0.0247506191
-0.0447505512
-0.0603754979
-0.0672504745
-0.0628754894
-0.0428755575
-0.0175631435
0.0061867762
0.0246242141
0.0330616858
0.0261867089
0.0033742857
-0.0163131477
-0.0288131053
-0.0388130713
-0.0425630586
-0.0485005384
-0.0547505171
-0.0510005299
-0.0381880735
-0.0250631180
-0.0225631265
-0.0272506106
-0.0341255873
-0.0319380947
-0.0188131392
-0.0060006826
0.0027492878
0.0083742689
0.0068117741
0.0080617699
0.0033742857
-0.0038131900
-0.0116256636
-0.0210006318
-0.0222506276
-0.0197506360
-0.0200631350
-0.0206881329
-0.0181881413
-0.0160006487
-0.0244381202
-0.0360005809
-0.0444380522
-0.0472505427
-0.0425630586
-0.0338130883
-0.0272506106
-0.0197506360
-0.0097506699
-0.0022506953
-0.0000632027
-0.0013131984
-0.0066256805
-0.0138131562
-0.0181881413
-0.0244381202
-0.0300631011
-0.0391255703
-0.0488130373
-0.0528755235
-0.0447505512
-0.0272506106
-0.0131881583
-0.0078756762
-0.0116256636
-0.0256881159
-0.0369380777
-0.0347505852
-0.0263131138
-0.0138131562
0.0002492963
0.0068117741
0.0111867594
0.0283742015
0.0493116313
0.0564991072
0.0458741428
0.0233742183
-0.0022506953
-0.0350630841
-0.0588130033
-0.0716254595
-0.0766254425
-0.0828754211
-0.0844379157
-0.0719379585
-0.0522505256
-0.0313130968
-0.0122506614
-0.0006882005
0.0008742942
-0.0078756762
-0.0147506530
-0.0131881583
-0.0085006741
-0.0035006910
-0.0019381963
0.0030617868
0.0080617699
0.0046242815
-0.0063131815
-0.0188131392
-0.0300631011
-0.0363130798
-0.0450630501
-0.0541255192
-0.0563130118
-0.0516255278
-0.0360005809
-0.0122506614
0.0121242562
0.0239992162
0.0218117236
0.0105617615
-0.0028756932
-0.0241256212
-0.0435005554
-0.0538130203
-0.0500630331
-0.0291256043
-0.0113131646
-0.0003757016
0.0046242815
0.0043117826
0.0018117910
-0.0006882005
-0.0019381963
0.0021242900
0.0021242900
-0.0028756932
-0.0110006657
-0.0172506445
-0.0219381286
-0.0350630841
-0.0497505341
-0.0556880139
-0.0541255192
-0.0447505512
-0.0191256382
0.0052492794
0.0136867510
0.0130617531
0.0046242815
-0.0006882005
-0.0013131984
-0.0047506868
-0.0060006826
0.0008742942
0.0036867847
-0.0016256974
-0.0091256720
-0.0122506614
-0.0197506360
-0.0328755915
-0.0500630331
-0.0631879883
-0.0656879798
-0.0603754979
-0.0544380182
-0.0488130373
-0.0375630756
-0.0278756085
-0.0128756593
0.0061867762
0.0130617531
0.0111867594
0.0052492794
-0.0031881921
-0.0091256720
-0.0056881836
-0.0031881921
0.0002492963
0.0049367805
0.0105617615
0.0055617784
-0.0110006657
-0.0241256212
-0.0291256043
-0.0291256043
-0.0247506191
-0.0203756339
-0.0185006403
-0.0128756593
-0.0110006657
-0.0138131562
-0.0219381286
-0.0397505682
-0.0519380267
-0.0566255107
-0.0522505256
-0.0406880650
-0.0278756085
-0.0166256466
-0.0147506530
-0.0153756509
-0.0106881667
-0.0019381963
0.0096242646
0.0183742352
0.0233742183
0.0196242310
0.0058742773
-0.0116256636
-0.0275631096
-0.0400630671
-0.0447505512
-0.0378755745
-0.0272506106
-0.0197506360
-0.0191256382
-0.0197506360
-0.0203756339
-0.0185006403
-0.0141256551
-0.0163131477
-0.0144381540
-0.0072506784
-0.0041256889
-0.0028756932
0.0011867931
0.0108742604
0.0199367299
0.0205617278
0.0108742604
-0.0100631688
-0.0363130798
-0.0600629990
-0.0716254595
-0.0725629563
-0.0631879883
-0.0488130373
-0.0297506021
-0.0056881836
0.0136867510
0.0280617026
0.0361866753
0.0355616774
0.0239992162
0.0052492794
-0.0160006487
-0.0325630926
-0.0419380607
-0.0413130628
-0.0328755915
-0.0260006149
-0.0241256212
-0.0222506276
-0.0185006403
-0.0138131562
-0.0106881667
-0.0056881836
0.0018117910
0.0039992836
0.0068117741
0.0096242646
0.0083742689
0.0083742689
0.0077492710
0.0064992752
-0.0010006995
-0.0122506614
-0.0278756085
-0.0428755575
-0.0472505427
-0.0441255533
-0.0410005639
-0.0341255873
-0.0256881159
-0.0166256466
-0.0097506699
0.0024367889
0.0239992162
0.0433741512
0.0505616271
0.0414991575
0.0214992246
-0.0060006826
-0.0328755915
-0.0519380267
-0.0635004873
-0.0725629563
-0.0700629649
-0.0513130288
-0.0228756255
0.0043117826
0.0211867257
0.0233742183
0.0180617362
0.0089992668
-0.0022506953
-0.0131881583
-0.0210006318
-0.0216256297
-0.0172506445
-0.0097506699
-0.0022506953
0.0027492878
0.0108742604
0.0183742352
0.0180617362
0.0118117573
0.0005617952
-0.0110006657
-0.0185006403
-0.0225631265
-0.0281881074
-0.0350630841
-0.0406880650
-0.0381880735
-0.0310005979
-0.0225631265
-0.0166256466
-0.0116256636
-0.0116256636
-0.0138131562
-0.0163131477
-0.0216256297
-0.0250631180
-0.0288131053
-0.0269381117
-0.0163131477
-0.0041256889
0.0052492794
0.0105617615
0.0152492457
0.0118117573
-0.0006882005
-0.0175631435
-0.0272506106
-0.0285006064
-0.0206881329
-0.0122506614
-0.0088131731
-0.0131881583
-0.0219381286
-0.0250631180
-0.0175631435
-0.0050631858
-0.0003757016
-0.0022506953
-0.0000632027
0.0052492794
0.0068117741
-0.0035006910
-0.0153756509
-0.0225631265
-0.0219381286
-0.0163131477
-0.0103756678
-0.0047506868
-0.0041256889
-0.0091256720
-0.0178756424
-0.0247506191
-0.0278756085
-0.0247506191
-0.0172506445
-0.0088131731
-0.0038131900
-0.0056881836
-0.0069381794
0.0002492963
0.0074367720
0.0093117657
0.0089992668
0.0096242646
0.0127492541
0.0143117488
0.0046242815
-0.0160006487
-0.0422505597
-0.0653754809
-0.0750629478
-0.0628754894
-0.0350630841
-0.0038131900
0.0180617362
0.0236867173
0.0174367383
0.0077492710
-0.0000632027
-0.0006882005
0.0024367889
0.0030617868
0.0018117910
-0.0022506953
-0.0081881752
-0.0197506360
-0.0360005809
-0.0556880139
-0.0825629222
-0.0966253740
-0.0788129350
-0.0350630841
0.0146242478
0.0483741344
0.0636865832
0.0624365874
0.0499366292
0.0336866837
0.0199367299
0.0124367552
0.0139992499
0.0158742436
0.0099367636
-0.0144381540
-0.0497505341
-0.0766254425
-0.0838129179
-0.0663129777
-0.0410005639
-0.0238131223
-0.0097506699
0.0049367805
0.0258742099
0.0458741428
0.0558741093
0.0536866166
0.0396241637
0.0177492373
-0.0041256889
-0.0147506530
-0.0135006572
-0.0085006741
-0.0044381879
-0.0025631942
-0.0056881836
-0.0144381540
-0.0210006318
-0.0238131223
-0.0213131307
-0.0172506445
-0.0144381540
-0.0135006572
-0.0216256297
-0.0356880820
-0.0456880480
-0.0428755575
-0.0241256212
0.0036867847
0.0318116900
0.0502491281
0.0564991072
0.0443116480
0.0136867510
-0.0235006233
-0.0575630075
-0.0763129435
-0.0710004617
-0.0447505512
-0.0150631519
0.0080617699
0.0211867257
0.0224367215
0.0180617362
0.0133742520
0.0058742773
-0.0003757016
-0.0044381879
-0.0081881752
-0.0144381540
-0.0169381456
-0.0194381371
-0.0253756170
-0.0328755915
-0.0360005809
-0.0360005809
-0.0322505936
-0.0260006149
-0.0160006487
-0.0000632027
0.0155617446
0.0255617110
0.0221242225
0.0130617531
0.0058742773
0.0018117910
-0.0013131984
-0.0047506868
-0.0128756593
-0.0231881244
-0.0285006064
-0.0281881074
-0.0250631180
-0.0225631265
-0.0181881413
-0.0138131562
-0.0153756509
-0.0160006487
-0.0116256636
-0.0041256889
-0.0000632027
0.0014992921
0.0011867931
-0.0013131984
-0.0035006910
-0.0013131984
0.0018117910
0.0046242815
0.0014992921
-0.0078756762
-0.0147506530
-0.0191256382
-0.0191256382
-0.0131881583
-0.0066256805
-0.0016256974
0.0036867847
0.0074367720
0.0046242815
-0.0050631858
-0.0138131562
-0.0156881498
-0.0166256466
-0.0147506530
-0.0072506784
-0.0010006995
0.0027492878
0.0049367805
0.0014992921
-0.0044381879
-0.0094381710
-0.0103756678
-0.0103756678
-0.0103756678
-0.0088131731
-0.0041256889
0.0014992921
0.0071242731
0.0105617615
0.0086867678
0.0002492963
-0.0072506784
-0.0166256466
-0.0228756255
-0.0250631180
-0.0206881329
-0.0119381625
-0.0022506953
-0.0000632027
-0.0035006910
-0.0110006657
-0.0181881413
-0.0210006318
-0.0144381540
-0.0047506868
0.0018117910
0.0030617868
0.0021242900
-0.0003757016
-0.0025631942
-0.0025631942
-0.0000632027
-0.0003757016
-0.0022506953
-0.0038131900
-0.0041256889
-0.0019381963
0.0005617952
-0.0028756932
-0.0110006657
-0.0163131477
-0.0163131477
-0.0153756509
-0.0153756509
-0.0160006487
-0.0122506614
-0.0063131815
0.0024367889
0.0124367552
0.0143117488
0.0080617699
-0.0016256974
-0.0072506784
-0.0078756762
-0.0053756847
-0.0041256889
-0.0081881752
-0.0131881583
-0.0147506530
-0.0122506614
-0.0069381794
-0.0019381963
-0.0031881921
-0.0094381710
-0.0150631519
-0.0128756593
-0.0088131731
-0.0016256974
0.0049367805
0.0096242646
0.0149367467
0.0186867341
0.0164992415
0.0068117741
-0.0063131815
-0.0206881329
-0.0335005894
-0.0431880565
-0.0463130458
-0.0394380692
-0.0275631096
-0.0128756593
0.0018117910
0.0130617531
0.0211867257
0.0230617194
0.0168117404
0.0036867847
-0.0063131815
-0.0144381540
-0.0197506360
-0.0194381371
-0.0138131562
-0.0035006910
0.0043117826
0.0052492794
-0.0003757016
-0.0081881752
-0.0160006487
-0.0225631265
-0.0260006149
-0.0250631180
-0.0191256382
-0.0128756593
-0.0072506784
-0.0041256889
-0.0025631942
-0.0038131900
-0.0031881921
0.0018117910
0.0080617699
0.0111867594
0.0102492625
0.0058742773
-0.0028756932
-0.0131881583
-0.0216256297
-0.0238131223
-0.0219381286
-0.0153756509
-0.0038131900
0.0064992752
0.0127492541
0.0139992499
0.0064992752
-0.0078756762
-0.0213131307
-0.0297506021
-0.0347505852
-0.0356880820
-0.0291256043
-0.0169381456
-0.0006882005
0.0174367383
0.0324366879
0.0414991575
0.0393116648
0.0258742099
0.0083742689
-0.0069381794
-0.0169381456
-0.0228756255
-0.0275631096
-0.0297506021
-0.0300631011
-0.0256881159
-0.0169381456
-0.0053756847
0.0033742857
0.0086867678
0.0102492625
0.0086867678
0.0052492794
0.0018117910
0.0021242900
0.0011867931
-0.0044381879
-0.0103756678
-0.0141256551
-0.0156881498
-0.0128756593
-0.0128756593
-0.0163131477
-0.0197506360
-0.0216256297
-0.0169381456
-0.0078756762
0.0002492963
0.0046242815
0.0049367805
0.0061867762
0.0086867678
0.0127492541
0.0130617531
0.0083742689
0.0005617952
-0.0088131731
-0.0135006572
-0.0125631604
-0.0097506699
-0.0056881836
-0.0028756932
-0.0013131984
-0.0031881921
-0.0069381794
-0.0122506614
-0.0153756509
-0.0169381456
-0.0185006403
-0.0200631350
-0.0191256382
-0.0150631519
-0.0085006741
-0.0013131984
0.0039992836
0.0064992752
0.0068117741
0.0049367805
-0.0000632027
-0.0044381879
-0.0063131815
-0.0063131815
-0.0044381879
-0.0025631942
-0.0010006995
0.0005617952
0.0055617784
0.0114992583
0.0149367467
0.0168117404
0.0152492457
0.0089992668
-0.0006882005
-0.0091256720
-0.0163131477
-0.0203756339
-0.0206881329
-0.0200631350
-0.0178756424
-0.0135006572
-0.0088131731
-0.0053756847
-0.0025631942
0.0027492878
0.0077492710
0.0083742689
0.0058742773
0.0021242900
0.0002492963
0.0018117910
0.0043117826
0.0061867762
0.0039992836
0.0011867931
-0.0006882005
-0.0035006910
-0.0078756762
-0.0122506614
-0.0147506530
-0.0153756509
-0.0141256551
-0.0091256720
-0.0041256889
0.0008742942
0.0046242815
0.0083742689
0.0114992583
0.0105617615
0.0058742773
-0.0038131900
-0.0166256466
-0.0275631096
-0.0322505936
-0.0322505936
-0.0288131053
-0.0219381286
-0.0125631604
-0.0016256974
0.0099367636
0.0164992415
0.0164992415
0.0136867510
0.0089992668
0.0024367889
-0.0035006910
-0.0044381879
-0.0047506868
-0.0063131815
-0.0103756678
-0.0169381456
-0.0241256212
-0.0244381202
-0.0188131392
-0.0122506614
-0.0047506868
0.0027492878
0.0058742773
0.0058742773
0.0043117826
0.0011867931
-0.0028756932
-0.0066256805
-0.0078756762
-0.0106881667
-0.0110006657
-0.0075631773
-0.0041256889
-0.0013131984
0.0002492963
0.0036867847
0.0068117741
0.0074367720
0.0049367805
0.0011867931
-0.0006882005
-0.0006882005
-0.0000632027
-0.0006882005
-0.0010006995
-0.0025631942
-0.0056881836
-0.0100631688
-0.0125631604
-0.0119381625
-0.0063131815
-0.0016256974
0.0005617952
-0.0022506953
-0.0078756762
-0.0116256636
-0.0125631604
-0.0110006657
-0.0075631773
-0.0035006910
-0.0016256974
-0.0016256974
-0.0031881921
-0.0044381879
-0.0031881921
-0.0019381963
-0.0010006995
-0.0000632027
-0.0000632027
-0.0028756932
-0.0044381879
-0.0025631942
0.0011867931
0.0014992921
-0.0022506953
-0.0088131731
-0.0156881498
-0.0203756339
-0.0191256382
-0.0138131562
-0.0066256805
0.0005617952
0.0061867762
0.0096242646
0.0102492625
0.0083742689
0.0043117826
0.0011867931
0.0002492963
-0.0000632027
-0.0003757016
-0.0035006910
-0.0078756762
-0.0110006657
-0.0100631688
-0.0066256805
-0.0016256974
0.0008742942
0.0005617952
-0.0022506953
-0.0041256889
-0.0053756847
-0.0060006826
-0.0075631773
-0.0097506699
-0.0072506784
-0.0025631942
0.0008742942
0.0018117910
0.0002492963
-0.0013131984
-0.0031881921
-0.0028756932
-0.0025631942
-0.0035006910
-0.0053756847
-0.0075631773
-0.0072506784
-0.0035006910
-0.0000632027
0.0046242815
0.0080617699
0.0071242731
0.0011867931
-0.0075631773
-0.0138131562
-0.0147506530
-0.0097506699
-0.0013131984
0.0036867847
0.0039992836
0.0002492963
-0.0056881836
-0.0113131646
-0.0131881583
-0.0125631604
-0.0110006657
-0.0100631688
-0.0088131731
-0.0069381794
-0.0031881921
-0.0000632027
0.0052492794
0.0083742689
0.0086867678
0.0049367805
0.0024367889
0.0030617868
0.0111867594
0.0196242310
0.0227492204
0.0208742267
0.0111867594
-0.0019381963
-0.0166256466
-0.0281881074
-0.0316255958
-0.0266256127
-0.0160006487
-0.0041256889
0.0080617699
0.0133742520
0.0152492457
0.0130617531
0.0071242731
-0.0000632027
-0.0050631858
-0.0066256805
-0.0075631773
-0.0094381710
-0.0088131731
-0.0072506784
-0.0075631773
-0.0103756678
-0.0150631519
-0.0188131392
-0.0185006403
-0.0147506530
-0.0072506784
-0.0010006995
0.0008742942
0.0005617952
0.0002492963
0.0027492878
0.0064992752
0.0086867678
0.0099367636
0.0105617615
0.0074367720
0.0021242900
-0.0056881836
-0.0144381540
-0.0219381286
-0.0272506106
-0.0303756000
-0.0285006064
-0.0188131392
-0.0031881921
0.0136867510
0.0252492120
0.0286867005
0.0261867089
0.0199367299
0.0139992499
0.0077492710
0.0021242900
-0.0000632027
0.0011867931
0.0024367889
0.0036867847
0.0036867847
0.0024367889
-0.0003757016
-0.0041256889
-0.0072506784
-0.0103756678
-0.0150631519
-0.0210006318
-0.0238131223
-0.0247506191
-0.0222506276
-0.0185006403
-0.0116256636
-0.0028756932
0.0055617784
0.0089992668
0.0074367720
0.0024367889
-0.0006882005
-0.0019381963
-0.0019381963
-0.0025631942
-0.0022506953
-0.0010006995
0.0014992921
0.0049367805
0.0058742773
0.0018117910
-0.0031881921
-0.0075631773
-0.0097506699
-0.0094381710
-0.0081881752
-0.0038131900
0.0005617952
0.0055617784
0.0083742689
0.0077492710
0.0033742857
-0.0013131984
-0.0047506868
-0.0085006741
-0.0094381710
-0.0066256805
-0.0013131984
0.0033742857
0.0039992836
0.0002492963
-0.0056881836
-0.0097506699
-0.0088131731
-0.0041256889
0.0021242900
0.0055617784
0.0055617784
0.0030617868
-0.0000632027
-0.0025631942
-0.0019381963
-0.0013131984
0.0002492963
0.0021242900
0.0027492878
0.0018117910
0.0002492963
-0.0028756932
-0.0060006826
-0.0085006741
-0.0119381625
-0.0141256551
-0.0147506530
-0.0119381625
-0.0072506784
-0.0006882005
0.0033742857
0.0043117826
0.0033742857
0.0024367889
0.0011867931
0.0002492963
-0.0028756932
-0.0053756847
-0.0069381794
-0.0075631773
-0.0063131815
-0.0047506868
-0.0025631942
-0.0003757016
0.0008742942
0.0008742942
-0.0025631942
-0.0053756847
-0.0075631773
-0.0085006741
-0.0091256720
-0.0094381710
-0.0097506699
-0.0097506699
-0.0094381710
-0.0094381710
-0.0091256720
-0.0078756762
-0.0053756847
-0.0035006910
-0.0019381963
-0.0000632027
0.0030617868
0.0058742773
0.0071242731
0.0061867762
0.0046242815
0.0043117826
0.0046242815
0.0033742857
-0.0025631942
-0.0088131731
-0.0144381540
-0.0169381456
-0.0153756509
-0.0103756678
-0.0044381879
0.0036867847
0.0121242562
0.0168117404
0.0161867425
0.0124367552
0.0058742773
-0.0019381963
-0.0069381794
-0.0075631773
-0.0060006826
-0.0041256889
-0.0022506953
-0.0006882005
0.0005617952
0.0021242900
0.0049367805
0.0077492710
0.0080617699
0.0068117741
0.0049367805
0.0024367889
-0.0006882005
-0.0028756932
-0.0038131900
-0.0041256889
-0.0044381879
-0.0056881836
-0.0088131731
-0.0119381625
-0.0138131562
-0.0113131646
-0.0060006826
-0.0003757016
0.0036867847
0.0036867847
0.0021242900
0.0008742942
-0.0003757016
-0.0010006995
-0.0010006995
-0.0016256974
-0.0035006910
-0.0066256805
-0.0075631773
-0.0072506784
-0.0053756847
-0.0013131984
0.0027492878
0.0052492794
0.0071242731
0.0083742689
0.0083742689
0.0068117741
0.0021242900
-0.0035006910
-0.0097506699
-0.0138131562
-0.0144381540
-0.0119381625
-0.0063131815
-0.0003757016
0.0046242815
0.0068117741
0.0071242731
0.0064992752
0.0064992752
0.0052492794
0.0008742942
-0.0028756932
-0.0053756847
-0.0066256805
-0.0069381794
-0.0041256889
-0.0035006910
-0.0050631858
-0.0075631773
-0.0100631688
-0.0103756678
-0.0088131731
-0.0050631858
0.0005617952
0.0055617784
0.0071242731
0.0080617699
0.0074367720
0.0064992752
0.0064992752
0.0068117741
0.0046242815
-0.0000632027
-0.0050631858
-0.0069381794
-0.0063131815
-0.0031881921
-0.0003757016
0.0014992921
0.0011867931
0.0021242900
0.0027492878
0.0033742857
0.0024367889
0.0008742942
-0.0016256974
-0.0047506868
-0.0066256805
-0.0078756762
-0.0094381710
-0.0091256720
-0.0088131731
-0.0063131815
-0.0038131900
-0.0003757016
0.0039992836
0.0068117741
0.0074367720
0.0033742857
-0.0031881921
-0.0091256720
-0.0119381625
-0.0110006657
-0.0066256805
-0.0019381963
0.0021242900
0.0036867847
0.0033742857
0.0021242900
-0.0003757016
-0.0019381963
-0.0025631942
-0.0025631942
-0.0028756932
-0.0047506868
-0.0081881752
-0.0122506614
-0.0138131562
-0.0131881583
-0.0106881667
-0.0072506784
-0.0044381879
-0.0013131984
0.0021242900
0.0055617784
0.0068117741
0.0052492794
0.0030617868
-0.0006882005
-0.0028756932
-0.0035006910
-0.0047506868
-0.0041256889
-0.0044381879
-0.0035006910
-0.0022506953
-0.0013131984
-0.0019381963
-0.0028756932
-0.0035006910
-0.0044381879
-0.0056881836
-0.0060006826
-0.0056881836
-0.0038131900
-0.0022506953
0.0008742942
0.0030617868
0.0055617784
0.0055617784
0.0055617784
0.0033742857
-0.0006882005
-0.0050631858
-0.0078756762
-0.0081881752
-0.0063131815
-0.0031881921
-0.0019381963
-0.0031881921
-0.0066256805
-0.0085006741
-0.0081881752
-0.0060006826
-0.0022506953
0.0008742942
0.0036867847
0.0049367805
0.0043117826
0.0024367889
0.0005617952
0.0002492963
0.0014992921
0.0024367889
0.0018117910
-0.0000632027
-0.0006882005
-0.0013131984
-0.0016256974
-0.0035006910
-0.0060006826
-0.0088131731
-0.0085006741
-0.0066256805
-0.0047506868
-0.0028756932
-0.0000632027
0.0011867931
0.0030617868
0.0030617868
0.0021242900
0.0008742942
-0.0003757016
-0.0006882005
-0.0003757016
-0.0000632027
-0.0000632027
0.0008742942
0.0008742942
0.0002492963
-0.0013131984
-0.0016256974
-0.0003757016
-0.0003757016
0.0005617952
-0.0000632027
-0.0003757016
-0.0003757016
-0.0013131984
-0.0025631942
-0.0056881836
-0.0091256720
-0.0122506614
-0.0122506614
-0.0091256720
-0.0056881836
-0.0038131900
-0.0016256974
-0.0000632027
0.0024367889
0.0046242815
0.0064992752
0.0083742689
0.0102492625
0.0108742604
0.0089992668
0.0046242815
-0.0000632027
-0.0028756932
-0.0044381879
-0.0056881836
-0.0060006826
-0.0072506784
-0.0072506784
-0.0060006826
-0.0031881921
-0.0003757016
0.0014992921
0.0036867847
0.0043117826
0.0046242815
0.0027492878
-0.0003757016
-0.0044381879
-0.0078756762
-0.0094381710
-0.0094381710
-0.0066256805
-0.0031881921
-0.0006882005
0.0018117910
0.0043117826
0.0061867762
0.0046242815
0.0008742942
-0.0031881921
-0.0066256805
-0.0075631773
-0.0081881752
-0.0081881752
-0.0053756847
-0.0016256974
0.0027492878
0.0058742773
0.0074367720
0.0068117741
0.0043117826
0.0002492963
-0.0031881921
-0.0060006826
-0.0081881752
-0.0088131731
-0.0072506784
-0.0041256889
0.0002492963
0.0043117826
0.0058742773
0.0043117826
0.0008742942
-0.0006882005
-0.0013131984
-0.0019381963
-0.0013131984
-0.0000632027
0.0011867931
0.0027492878
0.0039992836
0.0043117826
0.0033742857
0.0011867931
-0.0010006995
-0.0035006910
-0.0060006826
-0.0069381794
-0.0066256805
-0.0044381879
-0.0035006910
-0.0035006910
-0.0035006910
-0.0041256889
-0.0041256889
-0.0031881921
-0.0019381963
-0.0006882005
-0.0006882005
-0.0028756932
-0.0053756847
-0.0072506784
-0.0066256805
-0.0031881921
0.0011867931
0.0055617784
0.0093117657
0.0108742604
0.0099367636
0.0074367720
0.0033742857
-0.0000632027
-0.0038131900
-0.0085006741
-0.0113131646
-0.0113131646
-0.0094381710
-0.0060006826
-0.0016256974
0.0018117910
0.0055617784
0.0061867762
0.0055617784
0.0049367805
0.0055617784
0.0058742773
0.0055617784
0.0046242815
0.0036867847
0.0011867931
-0.0028756932
-0.0072506784
-0.0097506699
-0.0094381710
-0.0078756762
-0.0063131815
-0.0031881921
-0.0010006995
0.0014992921
0.0030617868
0.0039992836
0.0046242815
0.0043117826
0.0021242900
-0.0010006995
-0.0044381879
-0.0047506868
-0.0050631858
-0.0035006910
-0.0025631942
-0.0022506953
-0.0022506953
-0.0028756932
-0.0035006910
-0.0038131900
-0.0035006910
-0.0025631942
-0.0010006995
0.0005617952
0.0033742857
0.0036867847
0.0033742857
0.0024367889
0.0014992921
-0.0000632027
0.0002492963
-0.0006882005
0.0002492963
0.0014992921
0.0024367889
0.0014992921
-0.0000632027
-0.0010006995
-0.0013131984
-0.0006882005
0.0008742942
0.0036867847
0.0058742773
0.0068117741
0.0068117741
0.0043117826
0.0011867931
-0.0010006995
-0.0019381963
-0.0019381963
-0.0016256974
-0.0025631942
-0.0028756932
-0.0022506953
-0.0022506953
-0.0031881921
-0.0053756847
-0.0075631773
-0.0081881752
-0.0066256805
-0.0031881921
0.0005617952
0.0027492878
0.0036867847
0.0024367889
0.0018117910
0.0008742942
0.0005617952
-0.0000632027
-0.0016256974
-0.0025631942
-0.0038131900
-0.0050631858
-0.0050631858
-0.0038131900
-0.0013131984
0.0008742942
0.0033742857
0.0058742773
0.0068117741
0.0074367720
0.0068117741
0.0074367720
0.0061867762
0.0036867847
-0.0010006995
-0.0038131900
-0.0075631773
-0.0085006741
-0.0081881752
-0.0069381794
-0.0053756847
-0.0038131900
-0.0022506953
-0.0000632027
0.0011867931
0.0024367889
0.0024367889
0.0021242900
0.0018117910
0.0002492963
-0.0006882005
-0.0025631942
-0.0060006826
-0.0097506699
-0.0094381710
-0.0075631773
-0.0047506868
-0.0025631942
-0.0003757016
0.0002492963
0.0008742942
0.0005617952
0.0011867931
0.0027492878
0.0046242815
0.0043117826
0.0027492878
-0.0000632027
-0.0022506953
-0.0047506868
-0.0063131815
-0.0072506784
-0.0075631773
-0.0053756847
-0.0038131900
-0.0013131984
0.0014992921
0.0033742857
0.0046242815
0.0036867847
0.0008742942
-0.0010006995
-0.0031881921
-0.0031881921
-0.0016256974
-0.0006882005
-0.0006882005
-0.0003757016
-0.0013131984
-0.0010006995
-0.0010006995
0.0008742942
0.0024367889
0.0021242900
0.0005617952
-0.0016256974
-0.0031881921
-0.0041256889
-0.0044381879
-0.0044381879
-0.0031881921
-0.0022506953
-0.0019381963
-0.0013131984
-0.0019381963
-0.0013131984
-0.0016256974
-0.0013131984
-0.0003757016
0.0005617952
0.0005617952
-0.0000632027
0.0008742942
0.0011867931
0.0018117910
0.0018117910
0.0018117910
0.0018117910
0.0008742942
-0.0000632027
-0.0019381963
-0.0031881921
-0.0041256889
-0.0031881921
-0.0028756932
-0.0019381963
-0.0019381963
-0.0016256974
-0.0006882005
0.0005617952
0.0011867931
0.0011867931
0.0008742942
0.0002492963
-0.0019381963
-0.0038131900
-0.0050631858
-0.0056881836
-0.0050631858
-0.0050631858
-0.0031881921
0.0002492963
0.0052492794
0.0108742604
0.0133742520
0.0143117488
0.0118117573
0.0074367720
0.0021242900
-0.0035006910
-0.0088131731
-0.0119381625
-0.0128756593
-0.0110006657
-0.0072506784
-0.0028756932
0.0008742942
0.0036867847
0.0049367805
0.0061867762
0.0055617784
0.0046242815
0.0021242900
-0.0013131984
-0.0038131900
-0.0038131900
-0.0031881921
-0.0006882005
0.0014992921
0.0030617868
0.0039992836
0.0039992836
0.0033742857
0.0024367889
-0.0003757016
-0.0031881921
-0.0056881836
-0.0056881836
-0.0056881836
-0.0056881836
-0.0053756847
-0.0053756847
-0.0072506784
-0.0088131731
-0.0088131731
-0.0078756762
-0.0060006826
-0.0035006910
-0.0010006995
0.0014992921
0.0033742857
0.0058742773
0.0074367720
0.0086867678
0.0083742689
0.0058742773
0.0030617868
0.0002492963
-0.0019381963
-0.0044381879
-0.0063131815
-0.0085006741
-0.0091256720
-0.0081881752
-0.0060006826
-0.0038131900
-0.0016256974
-0.0000632027
0.0008742942
0.0033742857
0.0043117826
0.0039992836
0.0024367889
0.0005617952
-0.0016256974
-0.0025631942
-0.0025631942
-0.0013131984
0.0002492963
0.0005617952
0.0011867931
0.0008742942
0.0014992921
0.0021242900
0.0024367889
0.0024367889
0.0011867931
-0.0022506953
-0.0060006826
-0.0031881921
0.0155617446
0.0383741679
0.0533741177
0.0561866083
0.0402491616
0.0108742604
-0.0228756255
-0.0497505341
-0.0616254937
-0.0569380097
-0.0422505597
-0.0244381202
-0.0103756678
-0.0078756762
-0.0178756424
-0.0294381032
-0.0200631350
0.0061867762
0.0346241805
0.0499366292
0.0455616438
0.0211867257
-0.0078756762
-0.0322505936
-0.0450630501
-0.0419380607
-0.0281881074
-0.0069381794
0.0139992499
0.0249367131
0.0246242141
0.0164992415
0.0105617615
0.0068117741
-0.0006882005
-0.0100631688
-0.0172506445
-0.0166256466
-0.0125631604
-0.0066256805
-0.0000632027
0.0033742857
0.0021242900
0.0005617952
-0.0003757016
0.0021242900
0.0074367720
0.0136867510
0.0186867341
0.0202492289
0.0202492289
0.0186867341
0.0183742352
0.0183742352
0.0161867425
0.0114992583
0.0055617784
-0.0016256974
-0.0050631858
-0.0060006826
-0.0053756847
-0.0044381879
-0.0022506953
-0.0010006995
0.0005617952
-0.0010006995
-0.0047506868
-0.0072506784
-0.0069381794
-0.0056881836
-0.0022506953
0.0005617952
0.0021242900
0.0011867931
-0.0000632027
-0.0013131984
-0.0010006995
-0.0006882005
-0.0000632027
-0.0006882005
-0.0003757016
-0.0000632027
-0.0006882005
-0.0016256974
-0.0010006995
-0.0010006995
-0.0006882005
-0.0035006910
-0.0050631858
-0.0060006826
-0.0053756847
-0.0035006910
-0.0019381963
-0.0003757016
-0.0010006995
-0.0025631942
-0.0038131900
-0.0022506953
-0.0006882005
0.0002492963
0.0008742942
0.0011867931
0.0014992921
0.0018117910
0.0018117910
0.0024367889
0.0039992836
0.0027492878
-0.0000632027
-0.0038131900
-0.0085006741
-0.0135006572
-0.0156881498
-0.0141256551
-0.0106881667
-0.0050631858
0.0002492963
0.0039992836
0.0061867762
0.0074367720
0.0074367720
0.0064992752
0.0077492710
0.0077492710
0.0049367805
0.0011867931
-0.0028756932
-0.0047506868
-0.0056881836
-0.0044381879
-0.0050631858
-0.0060006826
-0.0063131815
-0.0081881752
-0.0103756678
-0.0116256636
-0.0119381625
-0.0119381625
-0.0088131731
-0.0031881921
0.0027492878
0.0083742689
0.0127492541
0.0146242478
0.0130617531
0.0102492625
0.0055617784
0.0014992921
-0.0000632027
-0.0000632027
0.0005617952
0.0024367889
0.0033742857
0.0014992921
-0.0022506953
-0.0066256805
-0.0100631688
-0.0122506614
-0.0141256551
-0.0135006572
-0.0100631688
-0.0063131815
-0.0019381963
0.0021242900
0.0052492794
0.0061867762
0.0080617699
0.0096242646
0.0114992583
0.0127492541
0.0136867510
0.0127492541
0.0102492625
0.0052492794
0.0008742942
-0.0025631942
-0.0047506868
-0.0047506868
-0.0041256889
-0.0031881921
-0.0035006910
-0.0047506868
-0.0056881836
-0.0066256805
-0.0066256805
-0.0056881836
-0.0044381879
-0.0035006910
-0.0016256974
0.0005617952
0.0014992921
0.0005617952
-0.0013131984
-0.0047506868
-0.0072506784
-0.0081881752
-0.0072506784
-0.0053756847
-0.0022506953
-0.0006882005
-0.0006882005
0.0002492963
0.0024367889
0.0061867762
0.0093117657
0.0105617615
0.0089992668
0.0071242731
0.0058742773
0.0058742773
0.0083742689
0.0124367552
0.0139992499
0.0139992499
0.0111867594
0.0083742689
0.0068117741
0.0074367720
0.0093117657
0.0121242562
0.0121242562
0.0089992668
0.0005617952
-0.0091256720
-0.0206881329
-0.0297506021
-0.0356880820
-0.0350630841
-0.0303756000
-0.0253756170
-0.0219381286
-0.0194381371
-0.0163131477
-0.0113131646
-0.0044381879
0.0043117826
0.0130617531
0.0214992246
0.0277492036
0.0293116984
0.0239992162
0.0139992499
0.0018117910
-0.0056881836
-0.0066256805
-0.0053756847
-0.0063131815
-0.0094381710
-0.0156881498
-0.0228756255
-0.0288131053
-0.0306880989
-0.0310005979
-0.0281881074
-0.0216256297
-0.0125631604
-0.0047506868
0.0021242900
0.0064992752
0.0118117573
0.0183742352
0.0246242141
0.0296241973
0.0333741847
0.0324366879
0.0283742015
0.0236867173
0.0193117320
0.0152492457
0.0133742520
0.0121242562
0.0105617615
0.0080617699
0.0049367805
0.0005617952
-0.0050631858
-0.0110006657
-0.0156881498
-0.0191256382
-0.0188131392
-0.0166256466
-0.0128756593
-0.0072506784
-0.0028756932
-0.0003757016
0.0008742942
0.0008742942
-0.0000632027
-0.0016256974
-0.0022506953
-0.0028756932
-0.0022506953
-0.0019381963
-0.0016256974
-0.0022506953
-0.0035006910
-0.0035006910
-0.0041256889
-0.0047506868
-0.0035006910
-0.0006882005
0.0024367889
0.0055617784
0.0068117741
0.0058742773
0.0052492794
0.0039992836
0.0027492878
0.0018117910
0.0002492963
-0.0010006995
-0.0031881921
-0.0044381879
-0.0063131815
-0.0072506784
-0.0056881836
-0.0041256889
-0.0013131984
0.0014992921
0.0030617868
0.0039992836
0.0030617868
0.0002492963
-0.0016256974
-0.0041256889
-0.0044381879
-0.0044381879
-0.0035006910
-0.0019381963
-0.0013131984
0.0005617952
0.0014992921
0.0008742942
0.0008742942
0.0011867931
0.0027492878
0.0036867847
0.0036867847
0.0008742942
-0.0022506953
-0.0044381879
-0.0050631858
-0.0056881836
-0.0050631858
-0.0066256805
-0.0085006741
-0.0094381710
-0.0078756762
-0.0050631858
-0.0003757016
0.0046242815
0.0089992668
0.0108742604
0.0105617615
0.0093117657
0.0080617699
0.0049367805
0.0018117910
-0.0006882005
-0.0022506953
-0.0035006910
-0.0060006826
-0.0088131731
-0.0103756678
-0.0103756678
-0.0103756678
-0.0094381710
-0.0060006826
-0.0019381963
0.0011867931
0.0030617868
0.0043117826
0.0033742857
0.0018117910
0.0005617952
-0.0000632027
-0.0003757016
-0.0013131984
-0.0006882005
-0.0000632027
0.0005617952
0.0030617868
0.0049367805
0.0055617784
0.0055617784
0.0046242815
0.0030617868
0.0021242900
0.0011867931
0.0024367889
0.0024367889
0.0011867931
-0.0000632027
-0.0019381963
-0.0031881921
-0.0038131900
-0.0035006910
-0.0022506953
-0.0006882005
0.0002492963
0.0002492963
-0.0006882005
-0.0016256974
-0.0031881921
-0.0041256889
-0.0044381879
-0.0041256889
-0.0035006910
-0.0028756932
-0.0022506953
-0.0035006910
-0.0044381879
-0.0044381879
-0.0044381879
-0.0041256889
-0.0041256889
-0.0031881921
-0.0019381963
-0.0016256974
-0.0006882005
0.0002492963
0.0024367889
0.0033742857
0.0039992836
0.0036867847
0.0027492878
0.0011867931
0.0002492963
-0.0016256974
-0.0044381879
-0.0072506784
-0.0100631688
-0.0097506699
-0.0072506784
-0.0028756932
0.0008742942
0.0049367805
0.0080617699
0.0099367636
0.0108742604
0.0086867678
0.0055617784
-0.0000632027
-0.0047506868
-0.0081881752
-0.0088131731
-0.0078756762
-0.0056881836
-0.0041256889
-0.0025631942
-0.0028756932
-0.0022506953
-0.0025631942
-0.0028756932
-0.0028756932
-0.0016256974
0.0014992921
0.0039992836
0.0046242815
0.0036867847
0.0011867931
-0.0019381963
-0.0038131900
-0.0053756847
-0.0056881836
-0.0044381879
-0.0044381879
-0.0028756932
-0.0022506953
-0.0013131984
0.0011867931
0.0049367805
0.0089992668
0.0121242562
0.0139992499
0.0136867510
0.0105617615
0.0061867762
0.0014992921
-0.0031881921
-0.0063131815
-0.0072506784
-0.0066256805
-0.0053756847
-0.0044381879
-0.0047506868
-0.0044381879
-0.0031881921
-0.0016256974
0.0002492963
0.0018117910
0.0027492878
0.0033742857
0.0033742857
0.0033742857
0.0024367889
0.0008742942
-0.0010006995
-0.0028756932
-0.0038131900
-0.0047506868
-0.0056881836
-0.0063131815
-0.0063131815
-0.0056881836
-0.0050631858
-0.0047506868
-0.0050631858
-0.0063131815
-0.0075631773
-0.0081881752
-0.0072506784
-0.0056881836
-0.0038131900
-0.0022506953
-0.0016256974
-0.0013131984
-0.0000632027
0.0008742942
0.0030617868
0.0039992836
0.0033742857
0.0011867931
-0.0003757016
-0.0022506953
-0.0019381963
-0.0006882005
0.0011867931
0.0021242900
0.0030617868
0.0033742857
0.0027492878
0.0030617868
0.0033742857
0.0033742857
0.0036867847
0.0043117826
0.0030617868
0.0011867931
-0.0022506953
-0.0031881921
-0.0035006910
-0.0019381963
-0.0000632027
0.0011867931
-0.0000632027
-0.0019381963
-0.0053756847
-0.0075631773
-0.0091256720
-0.0085006741
-0.0069381794
-0.0060006826
-0.0053756847
-0.0047506868
-0.0047506868
-0.0044381879
-0.0041256889
-0.0038131900
-0.0028756932
-0.0013131984
0.0008742942
0.0024367889
0.0046242815
0.0061867762
0.0071242731
0.0077492710
0.0064992752
0.0046242815
0.0030617868
0.0014992921
0.0005617952
-0.0010006995
-0.0019381963
-0.0038131900
-0.0047506868
-0.0053756847
-0.0063131815
-0.0060006826
-0.0044381879
-0.0035006910
-0.0010006995
0.0030617868
0.0058742773
0.0086867678
0.0083742689
0.0071242731
0.0033742857
-0.0003757016
-0.0035006910
-0.0063131815
-0.0060006826
-0.0047506868
-0.0028756932
-0.0016256974
-0.0000632027
0.0014992921
0.0014992921
0.0011867931
0.0005617952
-0.0003757016
-0.0003757016
-0.0000632027
0.0002492963
0.0002492963
0.0005617952
0.0005617952
0.0005617952
0.0011867931
0.0021242900
0.0039992836
0.0055617784
0.0058742773
0.0052492794
0.0027492878
0.0021242900
0.0008742942
0.0005617952
0.0002492963
0.0005617952
-0.0003757016
-0.0016256974
-0.0025631942
-0.0028756932
-0.0028756932
-0.0025631942
-0.0022506953
-0.0019381963
-0.0022506953
-0.0028756932
-0.0028756932
-0.0031881921
-0.0025631942
-0.0016256974
-0.0006882005
-0.0003757016
-0.0016256974
-0.0041256889
-0.0060006826
-0.0060006826
-0.0050631858
-0.0031881921
-0.0003757016
0.0018117910
0.0024367889
0.0018117910
0.0014992921
0.0018117910
0.0033742857
0.0061867762
0.0083742689
0.0089992668
0.0083742689
0.0058742773
0.0039992836
0.0021242900
-0.0003757016
-0.0022506953
-0.0041256889
-0.0035006910
-0.0031881921
-0.0028756932
-0.0025631942
-0.0028756932
-0.0038131900
-0.0047506868
-0.0041256889
-0.0044381879
-0.0050631858
-0.0056881836
-0.0056881836
-0.0072506784
-0.0075631773
-0.0066256805
-0.0060006826
-0.0053756847
-0.0044381879
-0.0044381879
-0.0025631942
-0.0006882005
0.0014992921
0.0036867847
0.0049367805
0.0055617784
0.0061867762
0.0061867762
0.0071242731
0.0086867678
0.0093117657
0.0077492710
0.0043117826
0.0005617952
-0.0028756932
-0.0050631858
-0.0063131815
-0.0060006826
-0.0047506868
-0.0031881921
-0.0025631942
-0.0031881921
-0.0044381879
-0.0047506868
-0.0056881836
-0.0066256805
-0.0066256805
-0.0056881836
-0.0041256889
-0.0006882005
0.0018117910
0.0036867847
0.0043117826
0.0043117826
0.0030617868
0.0030617868
0.0030617868
0.0033742857
0.0043117826
0.0039992836
0.0014992921
-0.0016256974
-0.0050631858
-0.0063131815
-0.0047506868
-0.0025631942
-0.0019381963
-0.0016256974
-0.0019381963
-0.0031881921
-0.0047506868
-0.0063131815
-0.0072506784
-0.0072506784
-0.0069381794
-0.0060006826
-0.0047506868
-0.0038131900
-0.0022506953
-0.0013131984
0.0002492963
0.0008742942
0.0014992921
0.0011867931
0.0008742942
0.0002492963
0.0014992921
0.0024367889
0.0033742857
0.0024367889
0.0018117910
0.0018117910
0.0011867931
-0.0000632027
-0.0013131984
-0.0028756932
-0.0031881921
-0.0028756932
-0.0025631942
-0.0013131984
-0.0003757016
0.0005617952
-0.0000632027
-0.0016256974
-0.0038131900
-0.0044381879
-0.0044381879
-0.0028756932
-0.0010006995
0.0005617952
0.0011867931
0.0002492963
-0.0010006995
-0.0019381963
-0.0016256974
0.0005617952
0.0033742857
0.0055617784
0.0071242731
0.0061867762
0.0039992836
0.0024367889
0.0011867931
0.0011867931
0.0018117910
0.0024367889
0.0021242900
0.0021242900
0.0021242900
0.0021242900
0.0018117910
-0.0000632027
-0.0028756932
-0.0063131815
-0.0100631688
-0.0122506614
-0.0131881583
-0.0122506614
-0.0091256720
-0.0060006826
-0.0016256974
0.0014992921
0.0036867847
0.0061867762
0.0080617699
0.0074367720
0.0077492710
0.0068117741
0.0049367805
0.0024367889
0.0002492963
-0.0010006995
-0.0010006995
0.0005617952
0.0021242900
0.0036867847
0.0043117826
0.0043117826
0.0043117826
0.0027492878
0.0008742942
-0.0016256974
-0.0022506953
-0.0019381963
-0.0016256974
-0.0006882005
-0.0010006995
-0.0019381963
-0.0031881921
-0.0053756847
-0.0066256805
-0.0060006826
-0.0041256889
-0.0031881921
-0.0031881921
-0.0031881921
-0.0038131900
-0.0044381879
-0.0053756847
-0.0063131815
-0.0060006826
-0.0050631858
-0.0041256889
-0.0025631942
0.0005617952
0.0033742857
0.0058742773
0.0074367720
0.0080617699
0.0080617699
0.0074367720
0.0061867762
0.0033742857
0.0011867931
-0.0010006995
-0.0022506953
-0.0028756932
-0.0025631942
-0.0019381963
-0.0010006995
-0.0013131984
-0.0013131984
-0.0016256974
-0.0016256974
-0.0022506953
-0.0019381963
-0.0019381963
-0.0019381963
-0.0028756932
-0.0028756932
-0.0025631942
-0.0019381963
-0.0010006995
-0.0013131984
-0.0013131984
-0.0016256974
-0.0016256974
-0.0013131984
-0.0006882005
0.0002492963
-0.0000632027
0.0008742942
0.0027492878
0.0055617784
0.0074367720
0.0077492710
0.0058742773
0.0027492878
-0.0010006995
-0.0060006826
-0.0085006741
-0.0097506699
-0.0103756678
-0.0097506699
-0.0094381710
-0.0088131731
-0.0081881752
-0.0063131815
-0.0035006910
0.0002492963
0.0046242815
0.0068117741
0.0077492710
0.0074367720
0.0055617784
0.0033742857
-0.0000632027
-0.0013131984
-0.0019381963
-0.0016256974
-0.0013131984
-0.0013131984
-0.0022506953
-0.0025631942
-0.0003757016
0.0033742857
0.0052492794
0.0049367805
0.0036867847
0.0011867931
0.0005617952
0.0008742942
0.0011867931
0.0014992921
0.0008742942
-0.0000632027
-0.0013131984
-0.0028756932
-0.0028756932
-0.0031881921
-0.0028756932
-0.0035006910
-0.0031881921
-0.0028756932
-0.0016256974
-0.0000632027
0.0021242900
0.0046242815
0.0058742773
0.0064992752
0.0071242731
0.0071242731
0.0074367720
0.0071242731
0.0068117741
0.0064992752
0.0052492794
0.0030617868
0.0002492963
-0.0022506953
-0.0038131900
-0.0053756847
-0.0072506784
-0.0085006741
-0.0097506699
-0.0094381710
-0.0091256720
-0.0069381794
-0.0056881836
-0.0041256889
-0.0025631942
-0.0016256974
-0.0022506953
-0.0025631942
-0.0022506953
-0.0019381963
-0.0022506953
-0.0019381963
-0.0022506953
-0.0022506953
-0.0019381963
-0.0013131984
0.0005617952
0.0030617868
0.0052492794
0.0055617784
0.0058742773
0.0058742773
0.0055617784
0.0046242815
0.0046242815
0.0046242815
0.0033742857
0.0027492878
0.0008742942
-0.0022506953
-0.0044381879
-0.0060006826
-0.0072506784
-0.0069381794
-0.0063131815
-0.0047506868
-0.0044381879
-0.0031881921
-0.0019381963
-0.0010006995
-0.0003757016
0.0005617952
0.0011867931
0.0027492878
0.0036867847
0.0033742857
0.0036867847
0.0039992836
0.0055617784
0.0071242731
0.0077492710
0.0089992668
0.0077492710
0.0058742773
0.0018117910
-0.0019381963
-0.0044381879
-0.0072506784
-0.0091256720
-0.0116256636
-0.0138131562
-0.0147506530
-0.0138131562
-0.0122506614
-0.0085006741
-0.0047506868
-0.0003757016
0.0030617868
0.0046242815
0.0049367805
0.0039992836
0.0033742857
0.0030617868
0.0024367889
0.0018117910
0.0005617952
-0.0006882005
-0.0016256974
-0.0006882005
-0.0006882005
0.0002492963
0.0008742942
0.0021242900
0.0027492878
0.0027492878
0.0033742857
0.0036867847
0.0043117826
0.0039992836
0.0030617868
-0.0000632027
-0.0025631942
-0.0047506868
-0.0050631858
-0.0053756847
-0.0056881836
-0.0063131815
-0.0075631773
-0.0063131815
-0.0035006910
-0.0000632027
0.0039992836
0.0058742773
0.0039992836
-0.0003757016
-0.0028756932
-0.0028756932
-0.0019381963
-0.0019381963
-0.0038131900
-0.0069381794
-0.0094381710
-0.0100631688
-0.0066256805
-0.0006882005
0.0064992752
0.0121242562
0.0130617531
0.0108742604
0.0074367720
0.0030617868
-0.0019381963
-0.0053756847
-0.0072506784
-0.0085006741
-0.0085006741
-0.0066256805
-0.0028756932
0.0024367889
0.0064992752
0.0077492710
0.0089992668
0.0080617699
0.0064992752
0.0024367889
-0.0010006995
-0.0044381879
-0.0088131731
-0.0113131646
-0.0103756678
-0.0072506784
-0.0006882005
0.0046242815
0.0080617699
0.0089992668
0.0099367636
0.0096242646
0.0096242646
0.0074367720
0.0049367805
0.0011867931
-0.0013131984
-0.0031881921
-0.0041256889
-0.0047506868
-0.0056881836
-0.0066256805
-0.0053756847
-0.0022506953
0.0036867847
0.0096242646
0.0114992583
0.0055617784
-0.0031881921
-0.0100631688
-0.0156881498
-0.0178756424
-0.0178756424
-0.0138131562
-0.0088131731
-0.0053756847
-0.0025631942
0.0011867931
0.0086867678
0.0174367383
0.0224367215
0.0199367299
0.0127492541
0.0036867847
-0.0053756847
-0.0113131646
-0.0116256636
-0.0063131815
0.0002492963
0.0030617868
0.0030617868
0.0024367889
0.0011867931
-0.0003757016
-0.0006882005
-0.0006882005
-0.0000632027
-0.0003757016
-0.0031881921
-0.0063131815
-0.0091256720
-0.0097506699
-0.0085006741
-0.0060006826
-0.0025631942
0.0002492963
0.0027492878
0.0046242815
0.0043117826
0.0039992836
0.0033742857
0.0018117910
0.0005617952
-0.0003757016
-0.0006882005
-0.0003757016
-0.0000632027
0.0008742942
0.0011867931
0.0005617952
-0.0006882005
-0.0028756932
-0.0038131900
-0.0050631858
-0.0050631858
-0.0044381879
-0.0041256889
-0.0022506953
-0.0013131984
-0.0000632027
0.0008742942
0.0008742942
0.0008742942
0.0011867931
0.0014992921
0.0018117910
0.0018117910
0.0021242900
0.0014992921
0.0002492963
-0.0010006995
-0.0019381963
-0.0019381963
-0.0013131984
-0.0003757016
-0.0000632027
-0.0006882005
-0.0025631942
-0.0038131900
-0.0038131900
-0.0035006910
-0.0035006910
-0.0028756932
-0.0003757016
0.0018117910
0.0021242900
0.0021242900
0.0011867931
0.0008742942
0.0008742942
0.0024367889
0.0033742857
0.0049367805
0.0055617784
0.0036867847
0.0008742942
-0.0019381963
-0.0041256889
-0.0047506868
-0.0044381879
-0.0044381879
-0.0038131900
-0.0047506868
-0.0056881836
-0.0060006826
-0.0053756847
-0.0041256889
-0.0006882005
0.0021242900
0.0055617784
0.0077492710
0.0086867678
0.0077492710
0.0058742773
0.0030617868
-0.0006882005
-0.0025631942
-0.0047506868
-0.0066256805
-0.0075631773
-0.0085006741
-0.0091256720
-0.0085006741
-0.0072506784
-0.0050631858
-0.0025631942
0.0011867931
0.0046242815
0.0077492710
0.0096242646
0.0108742604
0.0114992583
0.0102492625
0.0083742689
0.0061867762
0.0030617868
0.0008742942
-0.0010006995
-0.0022506953
-0.0035006910
-0.0060006826
-0.0094381710
-0.0128756593
-0.0150631519
-0.0147506530
-0.0122506614
-0.0072506784
-0.0010006995
0.0046242815
0.0105617615
0.0146242478
0.0174367383
0.0199367299
0.0214992246
0.0224367215
0.0224367215
0.0205617278
0.0158742436
0.0089992668
0.0002492963
-0.0097506699
-0.0166256466
-0.0219381286
-0.0247506191
-0.0260006149
-0.0285006064
-0.0303756000
-0.0328755915
-0.0335005894
-0.0306880989
-0.0244381202
-0.0163131477
-0.0056881836
0.0033742857
0.0108742604
0.0158742436
0.0168117404
0.0155617446
0.0133742520
0.0118117573
0.0111867594
0.0099367636
0.0083742689
0.0055617784
0.0033742857
0.0008742942
0.0008742942
0.0005617952
0.0021242900
0.0027492878
0.0027492878
0.0027492878
0.0033742857
0.0036867847
0.0046242815
0.0049367805
0.0046242815
0.0036867847
0.0014992921
-0.0003757016
-0.0019381963
-0.0031881921
-0.0031881921
-0.0031881921
-0.0031881921
-0.0028756932
-0.0038131900
-0.0044381879
-0.0050631858
-0.0044381879
-0.0038131900
-0.0028756932
-0.0019381963
-0.0016256974
-0.0022506953
-0.0031881921
-0.0047506868
-0.0050631858
-0.0053756847
-0.0041256889
-0.0028756932
-0.0013131984
-0.0010006995
0.0002492963
0.0011867931
0.0024367889
0.0024367889
0.0030617868
0.0027492878
0.0043117826
0.0046242815
0.0043117826
0.0030617868
0.0014992921
-0.0000632027
-0.0025631942
-0.0041256889
-0.0056881836
-0.0072506784
-0.0075631773
-0.0069381794
-0.0053756847
-0.0047506868
-0.0041256889
-0.0035006910
-0.0035006910
-0.0038131900
-0.0035006910
-0.0025631942
-0.0022506953
-0.0000632027
0.0018117910
0.0046242815
0.0055617784
0.0055617784
0.0043117826
0.0036867847
0.0030617868
0.0039992836
0.0043117826
0.0046242815
0.0039992836
0.0021242900
0.0005617952
-0.0022506953
-0.0053756847
-0.0088131731
-0.0103756678
-0.0091256720
-0.0056881836
-0.0006882005
0.0033742857
0.0049367805
0.0049367805
0.0039992836
0.0033742857
0.0021242900
0.0002492963
-0.0000632027
-0.0013131984
-0.0022506953
-0.0038131900
-0.0050631858
-0.0066256805
-0.0063131815
-0.0060006826
-0.0028756932
0.0005617952
0.0046242815
0.0074367720
0.0089992668
0.0099367636
0.0102492625
0.0093117657
0.0068117741
0.0027492878
-0.0010006995
-0.0050631858
-0.0088131731
-0.0116256636
-0.0122506614
-0.0125631604
-0.0106881667
-0.0069381794
-0.0028756932
0.0002492963
0.0005617952
0.0005617952
-0.0006882005
-0.0010006995
-0.0022506953
-0.0019381963
-0.0019381963
-0.0003757016
0.0008742942
0.0021242900
0.0027492878
0.0024367889
0.0018117910
0.0014992921
0.0005617952
0.0002492963
-0.0000632027
0.0008742942
0.0005617952
-0.0006882005
-0.0013131984
-0.0013131984
-0.0019381963
-0.0013131984
0.0002492963
0.0011867931
0.0030617868
0.0036867847
0.0049367805
0.0046242815
0.0046242815
0.0033742857
0.0024367889
0.0030617868
0.0036867847
0.0052492794
0.0055617784
0.0039992836
0.0008742942
-0.0016256974
-0.0041256889
-0.0050631858
-0.0060006826
-0.0069381794
-0.0075631773
-0.0078756762
-0.0072506784
-0.0066256805
-0.0056881836
-0.0044381879
-0.0025631942
-0.0006882005
0.0018117910
0.0036867847
0.0049367805
0.0055617784
0.0052492794
0.0046242815
0.0036867847
0.0030617868
0.0030617868
0.0018117910
0.0005617952
-0.0003757016
-0.0000632027
0.0008742942
0.0018117910
0.0014992921
0.0002492963
-0.0031881921
-0.0056881836
-0.0081881752
-0.0088131731
-0.0091256720
-0.0081881752
-0.0072506784
-0.0060006826
-0.0050631858
-0.0044381879
-0.0047506868
-0.0047506868
-0.0028756932
-0.0000632027
0.0033742857
0.0061867762
0.0089992668
0.0083742689
0.0058742773
0.0014992921
-0.0019381963
-0.0050631858
-0.0060006826
-0.0056881836
-0.0050631858
-0.0041256889
-0.0031881921
-0.0038131900
-0.0053756847
-0.0056881836
-0.0056881836
-0.0038131900
-0.0010006995
0.0008742942
0.0030617868
0.0033742857
0.0036867847
0.0030617868
0.0021242900
0.0018117910
0.0021242900
0.0018117910
0.0011867931
0.0018117910
0.0021242900
0.0030617868
0.0033742857
0.0033742857
0.0043117826
0.0046242815
0.0030617868
-0.0000632027
-0.0031881921
-0.0060006826
-0.0072506784
-0.0056881836
-0.0041256889
-0.0028756932
-0.0035006910
-0.0047506868
-0.0047506868
-0.0035006910
-0.0006882005
0.0033742857
0.0064992752
0.0086867678
0.0096242646
0.0089992668
0.0083742689
0.0071242731
0.0046242815
0.0021242900
-0.0016256974
-0.0028756932
-0.0022506953
-0.0028756932
-0.0022506953
-0.0025631942
-0.0041256889
-0.0060006826
-0.0075631773
-0.0081881752
-0.0069381794
-0.0060006826
-0.0050631858
-0.0038131900
-0.0031881921
-0.0025631942
-0.0019381963
-0.0003757016
0.0005617952
0.0027492878
0.0030617868
0.0030617868
0.0027492878
0.0030617868
0.0018117910
0.0014992921
0.0014992921
0.0014992921
0.0008742942
0.0002492963
-0.0000632027
-0.0016256974
-0.0035006910
-0.0041256889
-0.0047506868
-0.0035006910
-0.0028756932
-0.0025631942
-0.0025631942
-0.0022506953
-0.0013131984
0.0002492963
0.0011867931
0.0027492878
0.0033742857
0.0043117826
0.0043117826
0.0036867847
0.0021242900
0.0021242900
0.0027492878
0.0027492878
0.0030617868
0.0024367889
0.0021242900
0.0018117910
0.0027492878
0.0030617868
0.0027492878
0.0014992921
-0.0016256974
-0.0035006910
-0.0050631858
-0.0060006826
-0.0053756847
-0.0035006910
-0.0022506953
-0.0003757016
0.0021242900
0.0039992836
0.0052492794
0.0052492794
0.0046242815
0.0030617868
0.0014992921
0.0018117910
0.0005617952
-0.0003757016
-0.0016256974
-0.0031881921
-0.0053756847
-0.0063131815
-0.0066256805
-0.0053756847
-0.0041256889
-0.0031881921
-0.0031881921
-0.0022506953
-0.0010006995
-0.0003757016
-0.0003757016
-0.0010006995
-0.0016256974
-0.0022506953
-0.0013131984
0.0005617952
0.0021242900
0.0030617868
0.0036867847
0.0033742857
0.0014992921
-0.0013131984
-0.0028756932
-0.0031881921
-0.0010006995
0.0008742942
0.0030617868
0.0018117910
-0.0013131984
-0.0053756847
-0.0103756678
-0.0128756593
-0.0144381540
-0.0138131562
-0.0122506614
-0.0094381710
-0.0072506784
-0.0066256805
-0.0063131815
-0.0053756847
-0.0038131900
-0.0022506953
-0.0006882005
0.0005617952
0.0018117910
0.0027492878
0.0036867847
0.0039992836
0.0036867847
0.0036867847
0.0039992836
0.0036867847
0.0039992836
0.0052492794
0.0077492710
0.0086867678
0.0099367636
0.0105617615
0.0096242646
0.0093117657
0.0077492710
0.0071242731
0.0071242731
0.0068117741
0.0068117741
0.0058742773
0.0055617784
0.0049367805
0.0046242815
0.0039992836
0.0033742857
0.0018117910
0.0011867931
-0.0003757016
-0.0010006995
-0.0022506953
-0.0035006910
-0.0050631858
-0.0066256805
-0.0085006741
-0.0097506699
-0.0122506614
-0.0141256551
-0.0153756509
-0.0144381540
-0.0138131562
-0.0131881583
-0.0128756593
-0.0110006657
-0.0103756678
-0.0081881752
-0.0056881836
-0.0041256889
-0.0038131900
-0.0041256889
-0.0031881921
-0.0010006995
0.0018117910
0.0043117826
0.0043117826
0.0024367889
-0.0010006995
-0.0047506868
-0.0085006741
-0.0106881667
-0.0119381625
-0.0125631604
-0.0116256636
-0.0100631688
-0.0078756762
-0.0053756847
-0.0028756932
-0.0010006995
0.0011867931
0.0036867847
0.0074367720
0.0111867594
0.0118117573
0.0114992583
0.0114992583
0.0108742604
0.0102492625
0.0099367636
0.0093117657
0.0096242646
0.0089992668
0.0089992668
0.0086867678
0.0086867678
0.0086867678
0.0080617699
0.0058742773
0.0058742773
0.0049367805
0.0046242815
0.0033742857
0.0027492878
0.0024367889
0.0008742942
0.0002492963
-0.0010006995
-0.0016256974
0.0068117741
0.0993114646
0.2571234502
0.3471231657
0.3589981288
0.3133732716
0.2424359973
0.1718112260
0.1108739263
0.0430616522
-0.0191256382
-0.0503755320
-0.0594380011
-0.0553755150
-0.0506880309
-0.0560005129
-0.0791254339
-0.1169378043
-0.1622501481
-0.2084999878
-0.2528748333
-0.2875622121
-0.2509998399
-0.0916253911
0.0583741010
0.1521237904
0.1808736964
0.1502487966
0.0786865332
-0.0135006572
-0.1144378129
-0.1660001351
-0.1494376923
-0.0916253911
-0.0210006318
0.0371241721
0.0593115978
0.0389991658
-0.0044381879
-0.0472505427
-0.0775629393
-0.0900628965
-0.0803754296
-0.0600629990
-0.0413130628
-0.0322505936
-0.0300631011
-0.0310005979
-0.0335005894
-0.0372505767
-0.0363130798
-0.0278756085
-0.0131881583
0.0027492878
0.0152492457
0.0139992499
0.0021242900
-0.0091256720
-0.0128756593
-0.0066256805
0.0068117741
0.0214992246
0.0333741847
0.0399366627
0.0424366543
0.0386866669
0.0289991994
0.0130617531
-0.0047506868
-0.0191256382
-0.0275631096
-0.0269381117
-0.0194381371
-0.0144381540
-0.0131881583
-0.0119381625
-0.0100631688
-0.0094381710
-0.0094381710
-0.0069381794
-0.0019381963
0.0027492878
0.0083742689
0.0114992583
0.0108742604
0.0052492794
-0.0019381963
-0.0075631773
-0.0094381710
-0.0063131815
-0.0013131984
-0.0000632027
-0.0010006995
-0.0031881921
-0.0050631858
-0.0066256805
-0.0066256805
-0.0050631858
-0.0035006910
-0.0003757016
0.0018117910
0.0058742773
0.0099367636
0.0114992583
0.0089992668
0.0077492710
0.0086867678
0.0108742604
0.0114992583
0.0124367552
0.0136867510
0.0114992583
0.0074367720
0.0027492878
-0.0022506953
-0.0053756847
-0.0063131815
-0.0085006741
-0.0116256636
-0.0147506530
-0.0153756509
-0.0135006572
-0.0097506699
-0.0060006826
-0.0025631942
-0.0019381963
-0.0041256889
-0.0085006741
-0.0119381625
-0.0091256720
-0.0044381879
0.0014992921
0.0068117741
0.0080617699
0.0058742773
0.0021242900
-0.0013131984
-0.0031881921
-0.0038131900
-0.0022506953
0.0002492963
0.0049367805
0.0111867594
0.0183742352
0.0243117152
0.0268117068
0.0264992078
0.0249367131
0.0236867173
0.0205617278
0.0158742436
0.0102492625
0.0039992836
-0.0016256974
-0.0069381794
-0.0091256720
-0.0094381710
-0.0078756762
-0.0078756762
-0.0100631688
-0.0144381540
-0.0188131392
-0.0206881329
-0.0185006403
-0.0116256636
-0.0016256974
0.0068117741
0.0133742520
0.0161867425
0.0158742436
0.0118117573
0.0064992752
0.0005617952
-0.0019381963
-0.0016256974
0.0005617952
0.0043117826
0.0083742689
0.0121242562
0.0121242562
0.0086867678
0.0030617868
-0.0025631942
-0.0075631773
-0.0113131646
-0.0122506614
-0.0110006657
-0.0072506784
-0.0028756932
0.0008742942
0.0024367889
0.0021242900
-0.0003757016
-0.0038131900
-0.0063131815
-0.0081881752
-0.0091256720
-0.0094381710
-0.0085006741
-0.0066256805
-0.0038131900
-0.0035006910
-0.0075631773
-0.0144381540
-0.0194381371
-0.0228756255
-0.0219381286
-0.0172506445
-0.0097506699
-0.0031881921
-0.0003757016
-0.0006882005
-0.0035006910
-0.0066256805
-0.0116256636
-0.0160006487
-0.0185006403
-0.0172506445
-0.0125631604
-0.0066256805
-0.0006882005
0.0024367889
0.0033742857
0.0008742942
-0.0010006995
-0.0019381963
-0.0028756932
-0.0022506953
-0.0003757016
0.0021242900
0.0061867762
0.0114992583
0.0143117488
0.0146242478
0.0124367552
0.0093117657
0.0055617784
0.0030617868
0.0018117910
0.0033742857
0.0061867762
0.0089992668
0.0124367552
0.0146242478
0.0139992499
0.0111867594
0.0080617699
0.0061867762
0.0061867762
0.0083742689
0.0111867594
0.0136867510
0.0143117488
0.0108742604
0.0068117741
0.0021242900
-0.0010006995
-0.0038131900
-0.0053756847
-0.0044381879
-0.0013131984
0.0018117910
0.0033742857
0.0030617868
0.0018117910
0.0008742942
0.0002492963
-0.0010006995
-0.0025631942
-0.0041256889
-0.0056881836
-0.0060006826
-0.0041256889
-0.0013131984
0.0005617952
0.0021242900
0.0027492878
0.0043117826
0.0046242815
0.0052492794
0.0052492794
0.0043117826
0.0030617868
0.0027492878
0.0018117910
0.0018117910
0.0008742942
-0.0019381963
-0.0044381879
-0.0053756847
-0.0053756847
-0.0078756762
-0.0125631604
-0.0194381371
-0.0247506191
-0.0250631180
-0.0216256297
-0.0163131477
-0.0116256636
-0.0072506784
-0.0041256889
-0.0019381963
-0.0013131984
-0.0010006995
-0.0003757016
0.0011867931
0.0046242815
0.0055617784
0.0055617784
0.0011867931
-0.0028756932
-0.0066256805
-0.0110006657
-0.0141256551
-0.0156881498
-0.0156881498
-0.0144381540
-0.0106881667
-0.0063131815
-0.0022506953
0.0024367889
0.0064992752
0.0086867678
0.0083742689
0.0083742689
0.0083742689
0.0077492710
0.0089992668
0.0136867510
0.0196242310
0.0239992162
0.0243117152
0.0196242310
0.0114992583
0.0024367889
-0.0081881752
-0.0166256466
-0.0225631265
-0.0241256212
-0.0219381286
-0.0185006403
-0.0147506530
-0.0147506530
-0.0163131477
-0.0194381371
-0.0219381286
-0.0197506360
-0.0138131562
-0.0066256805
0.0008742942
0.0086867678
0.0143117488
0.0161867425
0.0143117488
0.0127492541
0.0111867594
0.0086867678
0.0018117910
-0.0063131815
-0.0160006487
-0.0228756255
-0.0272506106
-0.0294381032
-0.0310005979
-0.0306880989
-0.0272506106
-0.0194381371
-0.0078756762
0.0043117826
0.0146242478
0.0202492289
0.0236867173
0.0268117068
0.0289991994
0.0299366963
0.0299366963
0.0286867005
0.0258742099
0.0202492289
0.0139992499
0.0096242646
0.0055617784
-0.0010006995
-0.0113131646
-0.0241256212
-0.0338130883
-0.0369380777
-0.0341255873
-0.0281881074
-0.0235006233
-0.0191256382
-0.0181881413
-0.0178756424
-0.0156881498
-0.0116256636
-0.0075631773
-0.0038131900
-0.0003757016
0.0046242815
0.0105617615
0.0155617446
0.0208742267
0.0236867173
0.0252492120
0.0261867089
0.0233742183
0.0180617362
0.0127492541
0.0108742604
0.0080617699
0.0068117741
0.0049367805
0.0027492878
-0.0003757016
-0.0028756932
-0.0066256805
-0.0103756678
-0.0144381540
-0.0160006487
-0.0153756509
-0.0144381540
-0.0144381540
-0.0131881583
-0.0122506614
-0.0116256636
-0.0094381710
-0.0072506784
-0.0063131815
-0.0060006826
-0.0053756847
-0.0028756932
-0.0003757016
0.0027492878
0.0039992836
0.0049367805
0.0083742689
0.0130617531
0.0177492373
0.0199367299
0.0193117320
0.0161867425
0.0124367552
0.0093117657
0.0049367805
-0.0013131984
-0.0066256805
-0.0141256551
-0.0181881413
-0.0181881413
-0.0141256551
-0.0072506784
-0.0013131984
0.0036867847
0.0080617699
0.0118117573
0.0158742436
0.0186867341
0.0202492289
0.0199367299
0.0174367383
0.0161867425
0.0161867425
0.0164992415
0.0168117404
0.0164992415
0.0155617446
0.0124367552
0.0099367636
0.0068117741
0.0030617868
0.0011867931
0.0008742942
-0.0003757016
-0.0028756932
-0.0038131900
-0.0031881921
-0.0016256974
0.0005617952
0.0021242900
0.0024367889
-0.0000632027
-0.0047506868
-0.0125631604
-0.0216256297
-0.0303756000
-0.0331880905
-0.0278756085
-0.0191256382
-0.0094381710
-0.0028756932
-0.0022506953
-0.0047506868
-0.0063131815
-0.0078756762
-0.0078756762
-0.0069381794
-0.0069381794
-0.0066256805
-0.0053756847
-0.0022506953
-0.0016256974
-0.0038131900
-0.0081881752
-0.0106881667
-0.0091256720
-0.0056881836
-0.0013131984
0.0014992921
0.0021242900
-0.0003757016
-0.0044381879
-0.0078756762
-0.0081881752
-0.0053756847
-0.0000632027
0.0033742857
0.0055617784
0.0052492794
0.0052492794
0.0033742857
-0.0000632027
-0.0044381879
-0.0097506699
-0.0160006487
-0.0203756339
-0.0206881329
-0.0156881498
-0.0081881752
-0.0022506953
0.0046242815
0.0086867678
0.0071242731
0.0027492878
-0.0022506953
-0.0060006826
-0.0078756762
-0.0091256720
-0.0069381794
-0.0035006910
0.0024367889
0.0086867678
0.0114992583
0.0102492625
0.0071242731
0.0049367805
0.0033742857
0.0024367889
0.0030617868
0.0058742773
0.0086867678
0.0102492625
0.0111867594
0.0102492625
0.0049367805
-0.0019381963
-0.0085006741
-0.0141256551
-0.0175631435
-0.0181881413
-0.0163131477
-0.0119381625
-0.0060006826
-0.0003757016
0.0039992836
0.0083742689
0.0121242562
0.0161867425
0.0186867341
0.0193117320
0.0183742352
0.0158742436
0.0108742604
0.0061867762
0.0024367889
-0.0003757016
-0.0038131900
-0.0081881752
-0.0119381625
-0.0166256466
-0.0206881329
-0.0235006233
-0.0241256212
-0.0219381286
-0.0191256382
-0.0156881498
-0.0116256636
-0.0072506784
-0.0022506953
0.0049367805
0.0124367552
0.0155617446
0.0146242478
0.0108742604
0.0052492794
0.0011867931
-0.0010006995
-0.0019381963
-0.0035006910
-0.0056881836
-0.0075631773
-0.0078756762
-0.0106881667
-0.0125631604
-0.0138131562
-0.0150631519
-0.0169381456
-0.0169381456
-0.0144381540
-0.0088131731
-0.0016256974
0.0077492710
0.0161867425
0.0218117236
0.0224367215
0.0199367299
0.0155617446
0.0121242562
0.0099367636
0.0086867678
0.0096242646
0.0111867594
0.0121242562
0.0111867594
0.0089992668
0.0061867762
0.0030617868
-0.0006882005
-0.0025631942
-0.0035006910
-0.0016256974
0.0008742942
0.0021242900
0.0014992921
-0.0013131984
-0.0072506784
-0.0119381625
-0.0163131477
-0.0175631435
-0.0160006487
-0.0128756593
-0.0078756762
-0.0035006910
-0.0003757016
0.0011867931
-0.0000632027
-0.0022506953
-0.0044381879
-0.0056881836
-0.0047506868
-0.0031881921
-0.0010006995
-0.0000632027
-0.0006882005
-0.0025631942
-0.0044381879
-0.0060006826
-0.0072506784
-0.0066256805
-0.0035006910
-0.0000632027
0.0036867847
0.0058742773
0.0071242731
0.0068117741
0.0052492794
0.0036867847
0.0021242900
0.0027492878
0.0049367805
0.0058742773
0.0055617784
0.0052492794
0.0039992836
0.0036867847
0.0008742942
-0.0022506953
-0.0053756847
-0.0075631773
-0.0072506784
-0.0056881836
-0.0031881921
-0.0000632027
0.0014992921
0.0021242900
0.0014992921
-0.0003757016
-0.0022506953
-0.0031881921
-0.0031881921
-0.0025631942
-0.0022506953
-0.0016256974
-0.0022506953
-0.0025631942
-0.0028756932
-0.0022506953
-0.0022506953
-0.0022506953
-0.0019381963
-0.0003757016
0.0024367889
0.0052492794
0.0071242731
0.0055617784
0.0027492878
-0.0003757016
-0.0022506953
-0.0031881921
-0.0035006910
-0.0035006910
-0.0035006910
-0.0053756847
-0.0075631773
-0.0094381710
-0.0110006657
-0.0119381625
-0.0113131646
-0.0094381710
-0.0078756762
-0.0050631858
-0.0047506868
-0.0050631858
-0.0047506868
-0.0031881921
0.0002492963
0.0033742857
0.0052492794
0.0046242815
0.0036867847
0.0027492878
0.0014992921
0.0008742942
0.0011867931
0.0030617868
0.0046242815
0.0052492794
0.0046242815
0.0024367889
-0.0013131984
-0.0038131900
-0.0072506784
-0.0088131731
-0.0094381710
-0.0075631773
-0.0060006826
-0.0031881921
-0.0003757016
0.0027492878
0.0036867847
0.0011867931
-0.0013131984
-0.0035006910
-0.0047506868
-0.0038131900
-0.0003757016
0.0049367805
0.0089992668
0.0105617615
0.0089992668
0.0052492794
0.0018117910
-0.0006882005
-0.0019381963
-0.0016256974
0.0005617952
0.0033742857
0.0046242815
0.0036867847
0.0011867931
-0.0019381963
-0.0053756847
-0.0091256720
-0.0119381625
-0.0119381625
-0.0078756762
-0.0019381963
0.0030617868
0.0077492710
0.0096242646
0.0086867678
0.0064992752
0.0033742857
0.0005617952
-0.0010006995
-0.0003757016
0.0018117910
0.0036867847
0.0058742773
0.0083742689
0.0074367720
0.0055617784
0.0021242900
-0.0016256974
-0.0047506868
-0.0066256805
-0.0075631773
-0.0081881752
-0.0078756762
-0.0075631773
-0.0072506784
-0.0066256805
-0.0053756847
-0.0050631858
-0.0041256889
-0.0028756932
-0.0010006995
0.0011867931
0.0036867847
0.0058742773
0.0058742773
0.0058742773
0.0046242815
0.0027492878
0.0002492963
-0.0013131984
-0.0025631942
-0.0028756932
-0.0031881921
-0.0028756932
-0.0013131984
0.0002492963
0.0008742942
0.0014992921
0.0005617952
-0.0003757016
-0.0016256974
-0.0025631942
-0.0031881921
-0.0028756932
-0.0022506953
-0.0006882005
-0.0010006995
-0.0016256974
-0.0028756932
-0.0060006826
-0.0085006741
-0.0100631688
-0.0100631688
-0.0085006741
-0.0050631858
-0.0013131984
0.0014992921
0.0024367889
0.0014992921
-0.0000632027
-0.0006882005
-0.0000632027
0.0021242900
0.0036867847
0.0046242815
0.0043117826
0.0008742942
-0.0016256974
-0.0044381879
-0.0053756847
-0.0053756847
-0.0050631858
-0.0047506868
-0.0038131900
-0.0022506953
-0.0000632027
0.0002492963
0.0002492963
-0.0010006995
-0.0025631942
-0.0028756932
-0.0028756932
-0.0016256974
-0.0006882005
-0.0000632027
-0.0006882005
-0.0016256974
-0.0022506953
-0.0022506953
-0.0010006995
0.0008742942
0.0049367805
0.0058742773
0.0055617784
0.0024367889
-0.0006882005
-0.0038131900
-0.0041256889
-0.0038131900
-0.0022506953
-0.0003757016
0.0014992921
0.0021242900
0.0043117826
0.0068117741
0.0080617699
0.0089992668
0.0083742689
0.0068117741
0.0052492794
0.0055617784
0.0055617784
0.0055617784
0.0055617784
0.0036867847
0.0018117910
-0.0022506953
-0.0041256889
-0.0053756847
-0.0053756847
-0.0069381794
-0.0078756762
-0.0078756762
-0.0085006741
-0.0100631688
-0.0097506699
-0.0081881752
-0.0056881836
-0.0003757016
0.0027492878
0.0043117826
0.0049367805
0.0039992836
0.0014992921
-0.0003757016
-0.0013131984
-0.0019381963
-0.0013131984
0.0002492963
0.0008742942
0.0005617952
-0.0003757016
-0.0025631942
-0.0056881836
-0.0072506784
-0.0078756762
-0.0060006826
-0.0035006910
-0.0016256974
-0.0003757016
0.0011867931
0.0008742942
0.0002492963
-0.0003757016
0.0002492963
0.0008742942
0.0018117910
0.0024367889
0.0021242900
0.0008742942
-0.0013131984
-0.0025631942
-0.0038131900
-0.0044381879
-0.0053756847
-0.0063131815
-0.0081881752
-0.0097506699
-0.0097506699
-0.0081881752
-0.0063131815
-0.0044381879
-0.0031881921
-0.0010006995
0.0002492963
0.0011867931
0.0014992921
0.0018117910
0.0021242900
0.0030617868
0.0027492878
0.0027492878
0.0021242900
0.0005617952
-0.0016256974
-0.0031881921
-0.0050631858
-0.0056881836
-0.0063131815
-0.0056881836
-0.0041256889
-0.0006882005
0.0021242900
0.0046242815
0.0055617784
0.0055617784
0.0058742773
0.0049367805
0.0046242815
0.0036867847
0.0018117910
-0.0003757016
-0.0031881921
-0.0050631858
-0.0066256805
-0.0088131731
-0.0088131731
-0.0078756762
-0.0069381794
-0.0050631858
-0.0022506953
-0.0000632027
0.0014992921
0.0024367889
0.0027492878
0.0027492878
0.0027492878
0.0033742857
0.0043117826
0.0046242815
0.0046242815
0.0039992836
0.0018117910
-0.0000632027
-0.0025631942
-0.0038131900
-0.0028756932
-0.0022506953
-0.0025631942
-0.0022506953
-0.0031881921
-0.0035006910
-0.0035006910
-0.0038131900
-0.0038131900
-0.0025631942
-0.0013131984
-0.0000632027
0.0008742942
0.0021242900
0.0021242900
0.0018117910
0.0018117910
0.0033742857
0.0055617784
0.0083742689
0.0086867678
0.0074367720
0.0033742857
-0.0019381963
-0.0066256805
-0.0094381710
-0.0113131646
-0.0128756593
-0.0141256551
-0.0144381540
-0.0131881583
-0.0116256636
-0.0094381710
-0.0069381794
-0.0047506868
-0.0053756847
-0.0056881836
-0.0053756847
-0.0050631858
-0.0041256889
-0.0038131900
-0.0028756932
-0.0035006910
-0.0019381963
-0.0013131984
-0.0010006995
0.0005617952
0.0027492878
0.0043117826
0.0058742773
0.0049367805
0.0030617868
0.0005617952
-0.0019381963
-0.0022506953
-0.0035006910
-0.0028756932
-0.0010006995
0.0043117826
0.0130617531
0.0264992078
0.0393116648
0.0496241302
0.0524366208
0.0480616355
0.0374366711
0.0239992162
0.0124367552
0.0068117741
0.0061867762
0.0089992668
0.0102492625
0.0074367720
0.0039992836
-0.0003757016
-0.0044381879
-0.0066256805
-0.0060006826
-0.0019381963
0.0021242900
0.0055617784
0.0061867762
0.0018117910
-0.0060006826
-0.0166256466
-0.0281881074
-0.0372505767
-0.0413130628
-0.0388130713
-0.0341255873
-0.0285006064
-0.0228756255
-0.0166256466
-0.0116256636
-0.0085006741
-0.0063131815
-0.0056881836
-0.0081881752
-0.0106881667
-0.0131881583
-0.0122506614
-0.0088131731
-0.0022506953
0.0039992836
0.0074367720
0.0058742773
0.0021242900
-0.0013131984
-0.0056881836
-0.0072506784
-0.0072506784
-0.0060006826
-0.0047506868
-0.0044381879
-0.0044381879
-0.0050631858
-0.0050631858
-0.0047506868
-0.0053756847
-0.0066256805
-0.0072506784
-0.0069381794
-0.0044381879
-0.0016256974
0.0002492963
0.0024367889
0.0036867847
0.0033742857
0.0046242815
0.0055617784
0.0061867762
0.0058742773
0.0046242815
0.0024367889
-0.0003757016
-0.0038131900
-0.0060006826
-0.0081881752
-0.0088131731
-0.0078756762
-0.0072506784
-0.0066256805
-0.0078756762
-0.0072506784
-0.0044381879
-0.0000632027
0.0039992836
0.0083742689
0.0099367636
0.0108742604
0.0108742604
0.0108742604
0.0093117657
0.0074367720
0.0046242815
0.0024367889
0.0014992921
0.0008742942
0.0018117910
0.0021242900
0.0024367889
0.0024367889
0.0005617952
-0.0016256974
-0.0038131900
-0.0063131815
-0.0091256720
-0.0128756593
-0.0138131562
-0.0131881583
-0.0116256636
-0.0097506699
-0.0081881752
-0.0063131815
-0.0044381879
-0.0028756932
-0.0000632027
0.0027492878
0.0055617784
0.0064992752
0.0071242731
0.0096242646
0.0136867510
0.0171242394
0.0189992331
0.0180617362
0.0146242478
0.0093117657
0.0030617868
-0.0031881921
-0.0085006741
-0.0110006657
-0.0113131646
-0.0103756678
-0.0085006741
-0.0056881836
-0.0013131984
0.0027492878
0.0043117826
0.0055617784
0.0043117826
0.0033742857
0.0021242900
0.0011867931
0.0008742942
-0.0003757016
-0.0022506953
-0.0035006910
-0.0053756847
-0.0056881836
-0.0056881836
-0.0053756847
-0.0050631858
-0.0025631942
0.0014992921
0.0061867762
0.0105617615
0.0121242562
0.0102492625
0.0071242731
0.0024367889
-0.0016256974
-0.0041256889
-0.0041256889
-0.0041256889
-0.0050631858
-0.0075631773
-0.0110006657
-0.0135006572
-0.0153756509
-0.0160006487
-0.0138131562
-0.0110006657
-0.0069381794
-0.0025631942
0.0011867931
0.0027492878
0.0011867931
-0.0019381963
-0.0060006826
-0.0110006657
-0.0138131562
-0.0144381540
-0.0138131562
-0.0122506614
-0.0113131646
-0.0110006657
-0.0103756678
-0.0113131646
-0.0122506614
-0.0110006657
-0.0091256720
-0.0053756847
-0.0003757016
0.0058742773
0.0111867594
0.0136867510
0.0133742520
0.0093117657
0.0049367805
0.0011867931
-0.0006882005
-0.0006882005
-0.0003757016
-0.0000632027
0.0018117910
0.0039992836
0.0064992752
0.0093117657
0.0102492625
0.0093117657
0.0074367720
0.0058742773
0.0033742857
0.0018117910
-0.0003757016
-0.0019381963
-0.0035006910
-0.0031881921
-0.0019381963
0.0002492963
0.0018117910
0.0024367889
0.0027492878
0.0024367889
0.0024367889
0.0027492878
0.0030617868
0.0033742857
0.0036867847
0.0030617868
0.0021242900
0.0002492963
-0.0022506953
-0.0053756847
-0.0072506784
-0.0072506784
-0.0063131815
-0.0035006910
-0.0025631942
-0.0028756932
-0.0053756847
-0.0100631688
-0.0131881583
-0.0153756509
-0.0156881498
-0.0147506530
-0.0128756593
-0.0103756678
-0.0078756762
-0.0053756847
-0.0025631942
0.0011867931
0.0033742857
0.0049367805
0.0052492794
0.0049367805
0.0030617868
0.0018117910
-0.0010006995
-0.0025631942
-0.0025631942
-0.0013131984
0.0002492963
0.0021242900
0.0046242815
0.0068117741
0.0071242731
0.0055617784
0.0030617868
0.0005617952
-0.0006882005
-0.0003757016
0.0008742942
0.0024367889
0.0030617868
0.0021242900
0.0008742942
-0.0010006995
-0.0019381963
-0.0022506953
-0.0006882005
0.0011867931
0.0036867847
0.0046242815
0.0055617784
0.0061867762
0.0055617784
0.0036867847
0.0008742942
-0.0022506953
-0.0038131900
-0.0050631858
-0.0044381879
-0.0035006910
-0.0019381963
-0.0010006995
-0.0010006995
-0.0019381963
-0.0044381879
-0.0072506784
-0.0081881752
-0.0072506784
-0.0044381879
-0.0013131984
0.0036867847
0.0083742689
0.0108742604
0.0111867594
0.0105617615
0.0080617699
0.0043117826
0.0005617952
-0.0022506953
-0.0031881921
-0.0025631942
-0.0019381963
-0.0003757016
-0.0000632027
0.0005617952
0.0002492963
0.0005617952
0.0018117910
0.0027492878
0.0039992836
0.0049367805
0.0052492794
0.0033742857
0.0005617952
-0.0035006910
-0.0069381794
-0.0094381710
-0.0100631688
-0.0103756678
-0.0097506699
-0.0085006741
-0.0072506784
-0.0063131815
-0.0053756847
-0.0028756932
-0.0013131984
0.0011867931
0.0021242900
0.0043117826
0.0052492794
0.0043117826
0.0030617868
0.0018117910
0.0002492963
0.0002492963
-0.0000632027
-0.0000632027
0.0008742942
0.0011867931
0.0021242900
0.0024367889
0.0014992921
-0.0013131984
-0.0044381879
-0.0063131815
-0.0075631773
-0.0072506784
-0.0066256805
-0.0056881836
-0.0053756847
-0.0050631858
-0.0038131900
-0.0016256974
0.0018117910
0.0052492794
0.0061867762
0.0055617784
0.0049367805
0.0039992836
0.0030617868
0.0024367889
0.0011867931
0.0002492963
-0.0006882005
-0.0016256974
-0.0019381963
-0.0022506953
-0.0041256889
-0.0056881836
-0.0060006826
-0.0044381879
-0.0025631942
-0.0010006995
-0.0003757016
-0.0006882005
-0.0028756932
-0.0041256889
-0.0053756847
-0.0041256889
-0.0019381963
-0.0013131984
-0.0010006995
-0.0022506953
-0.0044381879
-0.0056881836
-0.0069381794
-0.0069381794
-0.0056881836
-0.0035006910
-0.0016256974
0.0011867931
0.0033742857
0.0049367805
0.0061867762
0.0055617784
0.0039992836
0.0011867931
-0.0019381963
-0.0044381879
-0.0053756847
-0.0050631858
-0.0038131900
-0.0028756932
-0.0022506953
-0.0022506953
-0.0028756932
-0.0038131900
-0.0038131900
-0.0022506953
0.0008742942
0.0030617868
0.0058742773
0.0083742689
0.0096242646
0.0099367636
0.0083742689
0.0058742773
0.0033742857
0.0018117910
0.0002492963
-0.0003757016
-0.0016256974
-0.0025631942
-0.0038131900
-0.0053756847
-0.0072506784
-0.0081881752
-0.0094381710
-0.0091256720
-0.0085006741
-0.0066256805
-0.0044381879
-0.0022506953
-0.0013131984
-0.0006882005
-0.0003757016
-0.0003757016
-0.0019381963
-0.0031881921
-0.0038131900
-0.0041256889
-0.0041256889
-0.0028756932
-0.0019381963
-0.0003757016
0.0021242900
0.0046242815
0.0064992752
0.0074367720
0.0077492710
0.0074367720
0.0071242731
0.0077492710
0.0071242731
0.0071242731
0.0046242815
0.0021242900
-0.0016256974
-0.0028756932
-0.0035006910
-0.0031881921
-0.0025631942
-0.0016256974
-0.0016256974
-0.0013131984
-0.0019381963
-0.0010006995
-0.0013131984
-0.0013131984
-0.0013131984
-0.0006882005
-0.0006882005
-0.0006882005
-0.0003757016
0.0005617952
0.0002492963
0.0014992921
0.0008742942
0.0008742942
0.0008742942
0.0011867931
0.0018117910
0.0027492878
0.0033742857
0.0030617868
0.0024367889
0.0014992921
-0.0000632027
-0.0025631942
-0.0053756847
-0.0078756762
-0.0091256720
-0.0097506699
-0.0085006741
-0.0072506784
-0.0063131815
-0.0063131815
-0.0069381794
-0.0075631773
-0.0069381794
-0.0056881836
-0.0031881921
-0.0010006995
-0.0000632027
0.0008742942
0.0002492963
-0.0016256974
-0.0025631942
-0.0038131900
-0.0035006910
-0.0028756932
-0.0019381963
-0.0010006995
-0.0010006995
-0.0010006995
-0.0013131984
-0.0016256974
-0.0013131984
-0.0019381963
-0.0025631942
-0.0022506953
-0.0025631942
-0.0028756932
-0.0022506953
-0.0019381963
-0.0019381963
-0.0013131984
-0.0006882005
0.0008742942
0.0027492878
0.0043117826
0.0052492794
0.0049367805
0.0039992836
0.0030617868
0.0027492878
0.0021242900
0.0011867931
0.0002492963
0.0005617952
0.0018117910
0.0021242900
0.0027492878
0.0027492878
0.0027492878
0.0033742857
0.0033742857
0.0024367889
0.0014992921
0.0005617952
-0.0003757016
-0.0010006995
-0.0028756932
-0.0038131900
-0.0047506868
-0.0047506868
-0.0053756847
-0.0063131815
-0.0066256805
-0.0060006826
-0.0050631858
-0.0041256889
-0.0038131900
-0.0028756932
-0.0028756932
-0.0010006995
0.0002492963
0.0014992921
0.0027492878
0.0046242815
0.0052492794
0.0046242815
0.0030617868
0.0014992921
0.0014992921
0.0014992921
0.0011867931
0.0002492963
-0.0006882005
-0.0016256974
-0.0019381963
-0.0019381963
-0.0016256974
-0.0010006995
-0.0013131984
-0.0013131984
-0.0019381963
-0.0035006910
-0.0035006910
-0.0025631942
-0.0016256974
-0.0006882005
-0.0006882005
-0.0003757016
-0.0016256974
-0.0019381963
-0.0028756932
-0.0035006910
-0.0044381879
-0.0035006910
-0.0022506953
-0.0016256974
-0.0016256974
-0.0006882005
-0.0010006995
-0.0013131984
-0.0019381963
-0.0022506953
-0.0028756932
-0.0031881921
-0.0019381963
0.0014992921
0.0039992836
0.0058742773
0.0064992752
0.0043117826
0.0005617952
-0.0031881921
-0.0072506784
-0.0091256720
-0.0088131731
-0.0072506784
-0.0050631858
-0.0028756932
-0.0031881921
-0.0056881836
-0.0075631773
-0.0088131731
-0.0097506699
-0.0091256720
-0.0060006826
-0.0010006995
0.0021242900
0.0039992836
0.0055617784
0.0039992836
0.0005617952
-0.0025631942
-0.0056881836
-0.0069381794
-0.0050631858
-0.0013131984
0.0033742857
0.0068117741
0.0071242731
0.0033742857
-0.0016256974
-0.0044381879
-0.0053756847
-0.0063131815
-0.0044381879
-0.0025631942
-0.0022506953
-0.0025631942
-0.0019381963
-0.0010006995
-0.0000632027
0.0014992921
0.0027492878
0.0030617868
0.0024367889
0.0027492878
0.0039992836
0.0061867762
0.0071242731
0.0064992752
0.0055617784
0.0061867762
0.0064992752
0.0061867762
0.0055617784
0.0046242815
0.0024367889
-0.0016256974
-0.0038131900
-0.0053756847
-0.0053756847
-0.0069381794
-0.0078756762
-0.0078756762
-0.0081881752
-0.0088131731
-0.0075631773
-0.0035006910
0.0008742942
0.0036867847
0.0058742773
0.0089992668
0.0105617615
0.0096242646
0.0096242646
0.0099367636
0.0089992668
0.0068117741
0.0033742857
0.0018117910
-0.0003757016
-0.0019381963
-0.0041256889
-0.0056881836
-0.0078756762
-0.0091256720
-0.0103756678
-0.0088131731
-0.0069381794
-0.0069381794
-0.0085006741
-0.0100631688
-0.0106881667
-0.0110006657
-0.0100631688
-0.0078756762
-0.0063131815
-0.0053756847
-0.0041256889
-0.0031881921
-0.0019381963
0.0008742942
0.0024367889
0.0043117826
0.0036867847
0.0039992836
0.0046242815
0.0074367720
0.0089992668
0.0077492710
0.0036867847
0.0011867931
0.0027492878
0.0071242731
0.0105617615
0.0108742604
0.0071242731
0.0030617868
-0.0003757016
-0.0031881921
-0.0025631942
-0.0010006995
-0.0003757016
0.0002492963
-0.0003757016
-0.0019381963
-0.0035006910
-0.0072506784
-0.0100631688
-0.0122506614
-0.0138131562
-0.0138131562
-0.0119381625
-0.0091256720
-0.0050631858
-0.0010006995
0.0027492878
0.0039992836
0.0043117826
0.0033742857
0.0030617868
0.0027492878
0.0021242900
0.0018117910
0.0014992921
0.0005617952
-0.0000632027
-0.0003757016
-0.0003757016
-0.0000632027
-0.0000632027
-0.0006882005
-0.0013131984
-0.0013131984
-0.0013131984
0.0002492963
0.0011867931
0.0024367889
0.0027492878
0.0049367805
0.0071242731
0.0083742689
0.0080617699
0.0071242731
0.0043117826
0.0002492963
-0.0022506953
-0.0035006910
-0.0038131900
-0.0035006910
-0.0038131900
-0.0053756847
-0.0056881836
-0.0056881836
-0.0047506868
-0.0047506868
-0.0053756847
-0.0081881752
-0.0097506699
-0.0081881752
-0.0041256889
0.0018117910
0.0049367805
0.0055617784
0.0039992836
0.0005617952
-0.0035006910
-0.0069381794
-0.0085006741
-0.0081881752
-0.0063131815
-0.0025631942
0.0018117910
0.0071242731
0.0099367636
0.0124367552
0.0118117573
0.0086867678
0.0058742773
0.0033742857
0.0021242900
0.0014992921
-0.0000632027
-0.0019381963
-0.0035006910
-0.0053756847
-0.0072506784
-0.0081881752
-0.0085006741
-0.0075631773
-0.0053756847
-0.0028756932
-0.0003757016
0.0014992921
0.0021242900
0.0021242900
0.0011867931
-0.0006882005
-0.0019381963
-0.0041256889
-0.0047506868
-0.0053756847
-0.0041256889
-0.0025631942
-0.0013131984
-0.0010006995
-0.0010006995
-0.0003757016
0.0002492963
0.0005617952
0.0008742942
0.0018117910
0.0024367889
0.0024367889
0.0033742857
0.0036867847
0.0036867847
0.0043117826
0.0033742857
0.0024367889
0.0014992921
0.0005617952
-0.0003757016
-0.0006882005
-0.0000632027
-0.0006882005
-0.0003757016
-0.0010006995
-0.0016256974
-0.0041256889
-0.0056881836
-0.0066256805
-0.0060006826
-0.0044381879
-0.0025631942
-0.0010006995
0.0008742942
0.0018117910
0.0011867931
0.0002492963
-0.0013131984
-0.0031881921
-0.0035006910
-0.0041256889
-0.0028756932
-0.0016256974
0.0005617952
0.0027492878
0.0043117826
0.0055617784
0.0055617784
0.0052492794
0.0046242815
0.0036867847
0.0027492878
0.0011867931
0.0002492963
-0.0006882005
-0.0010006995
-0.0016256974
-0.0019381963
-0.0022506953
-0.0025631942
-0.0044381879
-0.0044381879
-0.0044381879
-0.0047506868
-0.0038131900
-0.0041256889
-0.0031881921
-0.0022506953
-0.0016256974
-0.0016256974
-0.0016256974
-0.0022506953
-0.0025631942
-0.0028756932
-0.0038131900
-0.0035006910
-0.0025631942
-0.0013131984
0.0008742942
0.0030617868
0.0046242815
0.0058742773
0.0055617784
0.0039992836
0.0027492878
0.0005617952
-0.0006882005
-0.0006882005
-0.0006882005
0.0008742942
0.0011867931
0.0005617952
-0.0000632027
-0.0006882005
-0.0016256974
-0.0028756932
-0.0041256889
-0.0044381879
-0.0041256889
-0.0022506953
0.0005617952
0.0021242900
0.0039992836
0.0043117826
0.0043117826
0.0039992836
0.0030617868
0.0030617868
0.0014992921
-0.0003757016
-0.0016256974
-0.0022506953
-0.0010006995
-0.0006882005
0.0005617952
0.0008742942
-0.0000632027
-0.0010006995
-0.0031881921
-0.0050631858
-0.0053756847
-0.0044381879
-0.0035006910
-0.0022506953
-0.0016256974
-0.0010006995
-0.0013131984
-0.0019381963
-0.0025631942
-0.0031881921
-0.0035006910
-0.0019381963
-0.0006882005
0.0008742942
0.0021242900
0.0024367889
0.0036867847
0.0030617868
0.0027492878
0.0011867931
0.0005617952
-0.0013131984
-0.0019381963
-0.0022506953
-0.0022506953
-0.0019381963
-0.0019381963
-0.0025631942
-0.0022506953
-0.0031881921
-0.0028756932
-0.0031881921
-0.0025631942
-0.0010006995
0.0002492963
-0.0000632027
-0.0003757016
-0.0010006995
-0.0013131984
-0.0013131984
-0.0013131984
-0.0006882005
-0.0013131984
-0.0010006995
-0.0013131984
-0.0022506953
-0.0028756932
-0.0035006910
-0.0041256889
-0.0044381879
-0.0041256889
-0.0035006910
-0.0016256974
-0.0000632027
0.0002492963
-0.0003757016
-0.0013131984
-0.0028756932
-0.0028756932
-0.0013131984
0.0018117910
0.0055617784
0.0077492710
0.0077492710
0.0058742773
0.0033742857
0.0002492963
-0.0028756932
-0.0050631858
-0.0072506784
-0.0069381794
-0.0056881836
-0.0031881921
-0.0013131984
0.0005617952
0.0027492878
0.0033742857
0.0030617868
0.0027492878
0.0008742942
-0.0010006995
-0.0035006910
-0.0063131815
-0.0066256805
-0.0063131815
-0.0060006826
-0.0056881836
-0.0056881836
-0.0060006826
-0.0063131815
-0.0060006826
-0.0044381879
-0.0022506953
-0.0006882005
0.0008742942
0.0008742942
0.0011867931
-0.0003757016
-0.0013131984
-0.0025631942
-0.0025631942
-0.0025631942
-0.0028756932
-0.0025631942
-0.0016256974
-0.0010006995
-0.0006882005
0.0005617952
0.0008742942
0.0008742942
0.0008742942
0.0011867931
0.0011867931
0.0011867931
0.0021242900
0.0030617868
0.0033742857
0.0027492878
0.0018117910
0.0002492963
-0.0022506953
-0.0044381879
-0.0053756847
-0.0050631858
-0.0038131900
-0.0022506953
-0.0010006995
-0.0003757016
-0.0006882005
-0.0016256974
-0.0019381963
-0.0022506953
-0.0019381963
-0.0013131984
-0.0013131984
-0.0000632027
0.0005617952
0.0008742942
0.0018117910
0.0024367889
0.0021242900
0.0011867931
-0.0000632027
-0.0013131984
-0.0019381963
-0.0025631942
-0.0025631942
-0.0025631942
-0.0025631942
-0.0025631942
-0.0025631942
-0.0025631942
-0.0028756932
-0.0025631942
-0.0031881921
-0.0022506953
-0.0016256974
-0.0019381963
-0.0016256974
-0.0016256974
-0.0016256974
-0.0025631942
-0.0031881921
-0.0035006910
-0.0035006910
-0.0031881921
-0.0022506953
-0.0016256974
-0.0000632027
0.0011867931
0.0018117910
0.0014992921
0.0018117910
0.0018117910
0.0021242900
0.0014992921
0.0014992921
0.0002492963
-0.0006882005
-0.0010006995
-0.0006882005
-0.0006882005
-0.0003757016
-0.0010006995
-0.0016256974
-0.0028756932
-0.0028756932
-0.0022506953
-0.0013131984
-0.0000632027
0.0011867931
0.0027492878
0.0027492878
0.0021242900
0.0002492963
-0.0013131984
-0.0035006910
-0.0053756847
-0.0063131815
-0.0056881836
-0.0047506868
-0.0031881921
-0.0025631942
-0.0019381963
-0.0010006995
-0.0003757016
0.0008742942
0.0014992921
0.0014992921
0.0008742942
0.0005617952
-0.0003757016
-0.0013131984
-0.0016256974
-0.0025631942
-0.0025631942
-0.0041256889
-0.0038131900
-0.0035006910
-0.0022506953
-0.0016256974
-0.0010006995
-0.0006882005
-0.0019381963
-0.0025631942
-0.0038131900
-0.0050631858
-0.0053756847
-0.0047506868
-0.0028756932
-0.0003757016
0.0011867931
0.0018117910
0.0021242900
0.0018117910
0.0008742942
0.0008742942
0.0002492963
0.0002492963
-0.0003757016
-0.0016256974
-0.0031881921
-0.0047506868
-0.0047506868
-0.0044381879
-0.0031881921
-0.0013131984
0.0002492963
0.0014992921
0.0021242900
0.0033742857
0.0027492878
0.0027492878
0.0030617868
0.0030617868
0.0027492878
0.0018117910
0.0002492963
-0.0006882005
-0.0025631942
-0.0038131900
-0.0050631858
-0.0056881836
-0.0056881836
-0.0056881836
-0.0041256889
-0.0022506953
-0.0003757016
0.0002492963
0.0005617952
-0.0000632027
-0.0006882005
-0.0006882005
-0.0003757016
-0.0000632027
-0.0000632027
-0.0000632027
-0.0013131984
-0.0019381963
-0.0013131984
-0.0003757016
-0.0000632027
0.0005617952
-0.0003757016
-0.0019381963
-0.0025631942
-0.0019381963
-0.0003757016
0.0008742942
0.0018117910
0.0005617952
-0.0013131984
-0.0028756932
-0.0041256889
-0.0041256889
-0.0041256889
-0.0047506868
-0.0060006826
-0.0063131815
-0.0060006826
-0.0047506868
-0.0022506953
0.0002492963
0.0021242900
0.0036867847
0.0033742857
0.0024367889
0.0018117910
0.0018117910
0.0014992921
0.0018117910
0.0008742942
-0.0003757016
-0.0022506953
-0.0041256889
-0.0066256805
-0.0081881752
-0.0088131731
-0.0085006741
-0.0072506784
-0.0053756847
-0.0031881921
-0.0019381963
-0.0003757016
0.0008742942
0.0021242900
0.0033742857
0.0030617868
0.0024367889
0.0018117910
0.0018117910
0.0018117910
0.0021242900
0.0027492878
0.0021242900
0.0011867931
0.0014992921
0.0002492963
-0.0003757016
-0.0000632027
-0.0006882005
-0.0013131984
-0.0016256974
-0.0025631942
-0.0025631942
-0.0019381963
-0.0000632027
0.0008742942
0.0021242900
0.0014992921
-0.0006882005
-0.0028756932
-0.0041256889
-0.0044381879
-0.0041256889
-0.0028756932
-0.0019381963
-0.0016256974
-0.0016256974
-0.0016256974
-0.0006882005
-0.0003757016
0.0002492963
0.0005617952
0.0011867931
0.0018117910
0.0018117910
0.0021242900
0.0018117910
0.0005617952
-0.0010006995
-0.0019381963
-0.0038131900
-0.0044381879
-0.0047506868
-0.0035006910
-0.0038131900
-0.0028756932
-0.0025631942
-0.0019381963
-0.0019381963
-0.0006882005
-0.0000632027
0.0002492963
-0.0000632027
-0.0006882005
-0.0019381963
-0.0035006910
-0.0047506868
-0.0056881836
-0.0066256805
-0.0066256805
-0.0063131815
-0.0056881836
-0.0038131900
-0.0016256974
0.0018117910
0.0033742857
0.0052492794
0.0061867762
0.0068117741
0.0064992752
0.0064992752
0.0068117741
0.0061867762
0.0055617784
0.0043117826
0.0036867847
0.0036867847
0.0027492878
0.0024367889
0.0008742942
-0.0006882005
-0.0025631942
-0.0047506868
-0.0066256805
-0.0072506784
-0.0075631773
-0.0072506784
-0.0060006826
-0.0053756847
-0.0044381879
-0.0038131900
-0.0025631942
-0.0019381963
-0.0016256974
-0.0003757016
0.0008742942
0.0018117910
0.0024367889
0.0021242900
0.0021242900
0.0018117910
-0.0003757016
-0.0013131984
-0.0031881921
-0.0038131900
-0.0041256889
-0.0038131900
-0.0025631942
-0.0016256974
-0.0010006995
-0.0006882005
-0.0010006995
-0.0013131984
-0.0019381963
-0.0013131984
-0.0003757016
0.0005617952
0.0008742942
0.0011867931
0.0008742942
-0.0003757016
-0.0006882005
-0.0016256974
-0.0025631942
-0.0044381879
-0.0047506868
-0.0056881836
-0.0047506868
-0.0041256889
-0.0031881921
-0.0019381963
-0.0013131984
-0.0003757016
0.0002492963
0.0005617952
0.0008742942
0.0005617952
-0.0000632027
-0.0010006995
-0.0016256974
-0.0019381963
-0.0010006995
-0.0016256974
-0.0013131984
0.0002492963
0.0021242900
0.0030617868
0.0036867847
0.0030617868
0.0014992921
-0.0003757016
-0.0022506953
-0.0038131900
-0.0050631858
-0.0047506868
-0.0044381879
-0.0044381879
-0.0031881921
-0.0028756932
-0.0019381963
-0.0019381963
-0.0019381963
-0.0016256974
-0.0010006995
-0.0000632027
0.0002492963
0.0008742942
-0.0003757016
-0.0006882005
-0.0022506953
-0.0047506868
-0.0050631858
-0.0044381879
-0.0038131900
-0.0025631942
-0.0016256974
-0.0006882005
-0.0003757016
0.0002492963
0.0011867931
0.0014992921
0.0021242900
0.0021242900
0.0014992921
0.0002492963
-0.0013131984
-0.0031881921
-0.0038131900
-0.0041256889
-0.0019381963
-0.0003757016
0.0018117910
0.0024367889
0.0024367889
0.0018117910
0.0002492963
-0.0003757016
-0.0006882005
-0.0010006995
-0.0016256974
-0.0016256974
-0.0028756932
-0.0047506868
-0.0066256805
-0.0075631773
-0.0088131731
-0.0085006741
-0.0075631773
-0.0060006826
-0.0041256889
-0.0016256974
-0.0003757016
0.0005617952
0.0005617952
0.0002492963
-0.0000632027
0.0008742942
0.0005617952
0.0008742942
0.0002492963
-0.0006882005
-0.0016256974
-0.0019381963
-0.0016256974
-0.0013131984
-0.0003757016
0.0011867931
0.0011867931
0.0018117910
0.0018117910
0.0018117910
0.0021242900
0.0014992921
0.0005617952
-0.0003757016
-0.0013131984
-0.0022506953
-0.0035006910
-0.0035006910
-0.0038131900
-0.0031881921
-0.0031881921
-0.0022506953
-0.0016256974
-0.0006882005
-0.0000632027
0.0002492963
-0.0006882005
-0.0022506953
-0.0038131900
-0.0044381879
-0.0028756932
-0.0019381963
-0.0000632027
0.0011867931
0.0014992921
0.0021242900
0.0030617868
0.0036867847
0.0030617868
0.0024367889
0.0008742942
-0.0003757016
-0.0003757016
-0.0003757016
-0.0000632027
-0.0000632027
-0.0006882005
-0.0006882005
-0.0016256974
-0.0013131984
-0.0016256974
-0.0019381963
-0.0013131984
-0.0013131984
-0.0013131984
-0.0006882005
-0.0003757016
0.0008742942
0.0018117910
0.0027492878
0.0030617868
0.0018117910
0.0011867931
-0.0006882005
-0.0013131984
-0.0019381963
-0.0025631942
-0.0028756932
-0.0035006910
-0.0031881921
-0.0028756932
-0.0019381963
-0.0010006995
-0.0003757016
0.0005617952
0.0002492963
-0.0006882005
-0.0019381963
-0.0025631942
-0.0019381963
-0.0022506953
-0.0016256974
-0.0013131984
-0.0006882005
-0.0016256974
-0.0025631942
-0.0028756932
-0.0035006910
-0.0041256889
-0.0031881921
-0.0031881921
-0.0025631942
-0.0016256974
-0.0010006995
0.0005617952
0.0018117910
0.0030617868
0.0027492878
0.0024367889
0.0021242900
0.0011867931
0.0008742942
0.0008742942
0.0011867931
0.0011867931
0.0008742942
0.0005617952
0.0005617952
0.0011867931
0.0027492878
0.0036867847
0.0036867847
0.0024367889
0.0027492878
0.0033742857
0.0014992921
-0.0010006995
-0.0016256974
-0.0003757016
0.0011867931
0.0002492963
-0.0022506953
-0.0038131900
-0.0028756932
-0.0022506953
-0.0013131984
-0.0019381963
-0.0022506953
-0.0016256974
-0.0013131984
-0.0022506953
-0.0031881921
-0.0056881836
-0.0075631773
-0.0075631773
-0.0056881836
-0.0038131900
-0.0025631942
-0.0031881921
-0.0031881921
-0.0010006995
0.0024367889
0.0039992836
0.0039992836
0.0024367889
0.0011867931
0.0005617952
0.0002492963
-0.0013131984
-0.0031881921
-0.0041256889
-0.0019381963
0.3033733031
2.2424325443
3.9024379327
