-0.0010244031
-0.0010244031
-0.0010244031
-0.0003990622
-0.0003990622
-0.0007117326
-0.0007117326
-0.0007117326
-0.0003990622
-0.0010244031
-0.0007117326
-0.0007117326
-0.0013370736
-0.0010244031
-0.0010244031
-0.0010244031
-0.0007117326
-0.0007117326
-0.0007117326
-0.0003990622
-0.0003990622
-0.0003990622
-0.0007117326
-0.0003990622
-0.0007117326
-0.0010244031
-0.0007117326
-0.0003990622
-0.0010244031
-0.0007117326
-0.0007117326
-0.0010244031
-0.0007117326
-0.0007117326
-0.0007117326
-0.0007117326
-0.0007117326
-0.0007117326
-0.0007117326
-0.0007117326
-0.0010244031
-0.0007117326
-0.0010244031
-0.0007117326
-0.0010244031
-0.0013370736
-0.0010244031
-0.0007117326
-0.0007117326
-0.0007117326
-0.0003990622
-0.0003990622
-0.0007117326
-0.0007117326
-0.0007117326
-0.0007117326
-0.0003990622
-0.0000863917
-0.0007117326
-0.0007117326
-0.0013370736
-0.0010244031
-0.0007117326
-0.0013370736
-0.0003990622
-0.0007117326
-0.0010244031
-0.0007117326
-0.0003990622
-0.0010244031
-0.0007117326
-0.0010244031
-0.0007117326
-0.0010244031
-0.0007117326
-0.0007117326
-0.0010244031
-0.0007117326
-0.0007117326
-0.0007117326
-0.0010244031
-0.0007117326
-0.0003990622
-0.0003990622
-0.0013370736
-0.0010244031
-0.0007117326
-0.0010244031
-0.0010244031
-0.0013370736
-0.0007117326
-0.0007117326
-0.0003990622
-0.0010244031
-0.0010244031
-0.0003990622
-0.0007117326
-0.0007117326
-0.0010244031
-0.0003990622
-0.0013370736
-0.0010244031
-0.0007117326
-0.0010244031
-0.0010244031
-0.0007117326
-0.0010244031
-0.0003990622
-0.0013370736
-0.0010244031
-0.0007117326
-0.0013370736
-0.0010244031
-0.0010244031
-0.0007117326
-0.0007117326
-0.0000863917
-0.0003990622
-0.0007117326
-0.0007117326
-0.0007117326
-0.0007117326
-0.0003990622
-0.0010244031
-0.0007117326
-0.0010244031
-0.0007117326
-0.0010244031
-0.0010244031
-0.0010244031
-0.0007117326
-0.0010244031
-0.0003990622
-0.0007117326
-0.0010244031
-0.0010244031
-0.0013370736
-0.0010244031
-0.0010244031
-0.0003990622
-0.0007117326
-0.0007117326
-0.0007117326
-0.0010244031
-0.0003990622
-0.0007117326
-0.0007117326
-0.0010244031
-0.0010244031
-0.0010244031
-0.0010244031
-0.0003990622
-0.0010244031
-0.0010244031
-0.0003990622
-0.0007117326
-0.0003990622
-0.0007117326
-0.0007117326
-0.0013370736
-0.0010244031
-0.0003990622
-0.0007117326
-0.0010244031
-0.0003990622
-0.0007117326
-0.0007117326
-0.0007117326
-0.0007117326
-0.0007117326
-0.0010244031
-0.0003990622
-0.0007117326
-0.0007117326
-0.0007117326
-0.0007117326
-0.0003990622
-0.0007117326
-0.0007117326
-0.0007117326
-0.0007117326
-0.0010244031
-0.0000863917
-0.0003990622
-0.0007117326
-0.0013370736
-0.0007117326
-0.0007117326
-0.0007117326
-0.0007117326
-0.0003990622
-0.0003990622
-0.0010244031
-0.0007117326
-0.0010244031
-0.0010244031
-0.0010244031
-0.0013370736
-0.0010244031
-0.0003990622
-0.0007117326
-0.0007117326
-0.0007117326
-0.0007117326
-0.0007117326
-0.0007117326
-0.0007117326
-0.0007117326
-0.0013370736
-0.0007117326
-0.0010244031
-0.0007117326
-0.0010244031
-0.0010244031
-0.0007117326
-0.0010244031
-0.0003990622
-0.0007117326
-0.0007117326
-0.0007117326
-0.0010244031
-0.0013370736
-0.0007117326
-0.0007117326
-0.0010244031
-0.0007117326
-0.0010244031
-0.0003990622
-0.0003990622
-0.0007117326
-0.0010244031
-0.0007117326
-0.0007117326
-0.0003990622
-0.0010244031
-0.0010244031
-0.0000863917
-0.0007117326
-0.0007117326
-0.0007117326
-0.0007117326
-0.0007117326
-0.0010244031
-0.0003990622
-0.0010244031
-0.0007117326
-0.0007117326
-0.0007117326
-0.0010244031
-0.0007117326
-0.0010244031
-0.0007117326
-0.0007117326
-0.0003990622
-0.0007117326
-0.0003990622
-0.0007117326
-0.0003990622
-0.0007117326
-0.0007117326
-0.0010244031
-0.0003990622
-0.0007117326
-0.0003990622
-0.0007117326
-0.0007117326
-0.0007117326
-0.0010244031
-0.0007117326
-0.0010244031
-0.0007117326
-0.0003990622
-0.0007117326
-0.0007117326
-0.0007117326
-0.0010244031
-0.0007117326
-0.0010244031
-0.0007117326
-0.0013370736
-0.0010244031
-0.0007117326
-0.0010244031
-0.0010244031
-0.0010244031
-0.0003990622
-0.0010244031
-0.0007117326
-0.0007117326
-0.0010244031
-0.0003990622
-0.0003990622
-0.0007117326
-0.0003990622
-0.0007117326
-0.0007117326
-0.0007117326
-0.0003990622
-0.0007117326
-0.0007117326
-0.0007117326
-0.0003990622
-0.0010244031
-0.0007117326
-0.0007117326
-0.0007117326
-0.0003990622
-0.0003990622
-0.0010244031
-0.0013370736
-0.0007117326
-0.0007117326
-0.0007117326
-0.0007117326
-0.0007117326
-0.0007117326
-0.0007117326
-0.0003990622
-0.0013370736
-0.0010244031
-0.0010244031
-0.0007117326
-0.0003990622
-0.0003990622
-0.0010244031
-0.0013370736
-0.0003990622
-0.0000863917
-0.0000863917
-0.0010244031
-0.0016497441
-0.0007117326
-0.0000863917
-0.0003990622
-0.0007117326
-0.0019624145
-0.0016497441
-0.0007117326
-0.0000863917
0.0002262788
-0.0007117326
-0.0013370736
-0.0010244031
-0.0010244031
-0.0013370736
-0.0013370736
-0.0010244031
-0.0007117326
-0.0013370736
-0.0019624145
-0.0022750850
-0.0003990622
-0.0007117326
-0.0000863917
-0.0000863917
-0.0013370736
-0.0007117326
-0.0007117326
-0.0007117326
-0.0003990622
-0.0010244031
-0.0007117326
-0.0007117326
-0.0003990622
-0.0003990622
-0.0007117326
-0.0016497441
-0.0010244031
-0.0003990622
0.0130457680
0.5270760819
1.3528390966
1.3493997198
1.3237607289
0.7825279264
-0.1173378139
-0.1786212211
-0.1823732664
-0.1814352551
-0.1811225847
-0.1804972438
-0.1798719029
-0.1789338916
-0.1789338916
-0.0260380404
0.2206589707
-0.1220278707
-0.1779958803
-0.1792465620
-0.1795592325
-0.1789338916
-0.1779958803
-0.1779958803
-0.1776832098
-0.1779958803
-0.1773705394
-0.1773705394
-0.1767451985
-0.1764325281
-0.1761198576
-0.1758071872
-0.1754945167
-0.1748691759
-0.1745565054
-0.1745565054
-0.1745565054
-0.1742438350
-0.1736184941
-0.1733058237
-0.1726804828
-0.1726804828
-0.1720551419
-0.1717424715
-0.1711171306
-0.1711171306
-0.1714298010
-0.1708044601
-0.1704917897
-0.1698664488
-0.1698664488
-0.1692411079
-0.1689284375
-0.1689284375
-0.1686157670
-0.1679904262
-0.1676777557
-0.1679904262
-0.1676777557
-0.1667397444
-0.1661144035
-0.1664270739
-0.1661144035
-0.1654890626
-0.1654890626
-0.1645510513
-0.1645510513
-0.1645510513
-0.1642383809
-0.1636130400
-0.1633003695
-0.1633003695
-0.1629876991
-0.1626750286
-0.1623623582
-0.1620496878
-0.1620496878
-0.1614243469
-0.1604863355
-0.1611116764
-0.1607990060
-0.1601736651
-0.1604863355
-0.1598609947
-0.1592356538
-0.1592356538
-0.1586103129
-0.1582976424
-0.1576723016
-0.1576723016
-0.1579849720
-0.1570469607
-0.1570469607
-0.1564216198
-0.1564216198
-0.1561089493
-0.1557962789
-0.1557962789
-0.1551709380
-0.1551709380
-0.1548582676
-0.1545455971
-0.1539202562
-0.1539202562
-0.1532949153
-0.1532949153
-0.1529822449
-0.1523569040
-0.1523569040
-0.1523569040
-0.1520442336
-0.1517315631
-0.1507935518
-0.1507935518
-0.1511062222
-0.1504808813
-0.1501682109
-0.1492301996
-0.1498555405
-0.1495428700
-0.1489175291
-0.1489175291
-0.1482921882
-0.1476668473
-0.1467288360
0.1950199898
0.3782449087
0.0046036653
-0.1417261089
-0.1486048587
-0.1486048587
-0.1482921882
-0.1479795178
-0.1479795178
-0.1470415064
-0.1467288360
-0.1461034951
-0.1451654838
-0.1457908247
-0.1457908247
-0.1461034951
-0.1451654838
-0.1451654838
-0.1445401429
-0.1448528133
-0.1445401429
-0.1429767907
-0.1420387793
-0.1423514498
-0.1426641202
-0.1429767907
-0.1423514498
-0.1429767907
-0.1423514498
-0.1423514498
-0.1426641202
-0.1414134384
-0.1411007680
-0.1411007680
-0.1407880975
-0.1395374158
-0.1392247453
-0.1398500862
-0.1398500862
-0.1404754271
-0.1395374158
-0.1389120749
-0.1382867340
-0.1382867340
-0.1382867340
-0.1382867340
-0.1373487226
-0.1373487226
-0.1370360522
-0.1373487226
-0.1367233817
-0.1364107113
-0.1360980408
-0.1360980408
-0.1354726999
-0.1348473591
-0.1348473591
-0.1348473591
-0.1351600295
-0.1342220182
-0.1342220182
-0.1335966773
-0.1339093477
-0.1335966773
-0.1332840068
-0.1332840068
-0.1326586659
-0.1323459955
-0.1320333250
-0.1320333250
-0.1314079841
-0.1310953137
-0.1310953137
-0.1307826432
-0.1307826432
-0.1304699728
-0.1307826432
-0.1298446319
-0.1298446319
-0.1298446319
-0.1295319614
-0.1292192910
-0.1285939501
-0.1282812797
-0.1279686092
-0.1279686092
-0.1276559388
-0.1276559388
-0.1273432683
-0.1270305979
-0.1270305979
-0.1264052570
-0.1264052570
-0.1264052570
-0.1264052570
-0.1254672456
-0.1257799161
-0.1254672456
-0.1251545752
-0.1242165638
-0.1248419047
-0.1245292343
-0.1242165638
-0.1235912229
-0.1235912229
-0.1235912229
-0.1232785525
-0.1229658820
-0.1232785525
-0.1226532116
-0.1223405411
-0.1220278707
-0.1226532116
-0.1217152002
-0.1214025298
-0.1214025298
-0.1207771889
-0.1207771889
-0.1207771889
-0.1204645184
-0.1198391775
-0.1198391775
-0.1195265071
-0.1198391775
-0.1195265071
-0.1192138366
-0.1192138366
-0.1185884957
-0.1185884957
-0.1182758253
-0.1179631548
-0.1176504844
-0.1173378139
-0.1170251435
-0.1170251435
-0.1167124730
-0.1167124730
-0.1167124730
-0.1157744617
-0.1163998026
-0.1157744617
-0.1154617912
-0.1154617912
-0.1151491208
-0.1145237799
-0.1148364503
-0.1145237799
-0.1142111094
-0.1142111094
-0.1142111094
-0.1135857685
-0.1129604276
-0.1132730981
-0.1129604276
-0.1126477572
-0.1126477572
-0.1123350867
-0.1120224163
-0.1120224163
-0.1117097458
-0.1113970754
-0.1110844049
-0.1110844049
-0.1107717345
-0.1104590640
-0.1104590640
-0.1104590640
-0.1101463936
-0.1098337231
-0.1098337231
-0.1098337231
-0.1095210527
-0.1088957118
-0.1088957118
-0.1092083822
-0.1079577004
-0.1085830413
-0.1079577004
-0.1082703709
-0.1082703709
-0.1076450300
-0.1076450300
-0.1073323595
-0.1070196891
-0.1067070186
-0.1063943482
-0.1063943482
-0.1060816777
-0.1060816777
-0.1060816777
-0.1057690073
-0.1054563368
-0.1054563368
-0.1051436663
-0.1048309959
-0.1042056550
-0.1045183254
-0.1042056550
-0.1038929845
-0.1038929845
-0.1038929845
-0.1035803141
-0.1029549732
-0.1032676436
-0.1029549732
-0.1026423027
-0.1023296323
-0.1023296323
-0.1023296323
-0.1017042914
-0.1017042914
-0.1017042914
-0.1017042914
-0.1013916209
-0.1010789505
-0.1004536096
-0.1004536096
-0.1001409391
-0.1001409391
-0.1004536096
-0.1004536096
-0.0998282687
-0.0995155982
-0.0992029278
-0.0992029278
-0.0988902573
-0.0988902573
-0.0992029278
-0.0988902573
-0.0985775868
-0.0985775868
-0.0979522459
-0.0979522459
-0.0976395755
-0.0973269050
-0.0973269050
-0.0973269050
-0.0973269050
-0.0967015641
-0.0963888937
-0.0960762232
-0.0957635528
-0.0960762232
-0.0960762232
-0.0954508823
-0.0951382119
-0.0954508823
-0.0954508823
-0.0948255414
-0.0948255414
-0.0942002005
-0.0945128710
-0.0942002005
-0.0938875300
-0.0942002005
-0.0935748596
-0.0938875300
-0.0932621891
-0.0935748596
-0.0929495187
-0.0932621891
-0.0929495187
-0.0926368482
-0.0926368482
-0.0920115073
-0.0923241778
-0.0916988369
-0.0916988369
-0.0913861664
-0.0913861664
-0.0913861664
-0.0907608255
-0.0904481551
-0.0907608255
-0.0907608255
-0.0904481551
-0.0901354846
-0.0901354846
-0.0898228141
-0.0898228141
-0.0895101437
-0.0898228141
-0.0891974732
-0.0888848028
-0.0891974732
-0.0885721323
-0.0885721323
-0.0882594619
-0.0885721323
-0.0879467914
-0.0882594619
-0.0876341210
-0.0873214505
-0.0873214505
-0.0866961096
-0.0870087801
-0.0866961096
-0.0870087801
-0.0870087801
-0.0863834391
-0.0857580982
-0.0863834391
-0.0854454278
-0.0854454278
-0.0854454278
-0.0854454278
-0.0851327573
-0.0848200869
-0.0848200869
-0.0851327573
-0.0848200869
-0.0848200869
-0.0845074164
-0.0845074164
-0.0841947460
-0.0841947460
-0.0838820755
-0.0835694050
-0.0838820755
-0.0829440641
-0.0832567346
-0.0832567346
-0.0829440641
-0.0832567346
-0.0826313937
-0.0820060528
-0.0823187232
-0.0820060528
-0.0823187232
-0.0813807119
-0.0820060528
-0.0813807119
-0.0816933823
-0.0816933823
-0.0810680414
-0.0804427005
-0.0807553709
-0.0807553709
-0.0804427005
-0.0801300300
-0.0804427005
-0.0798173596
-0.0798173596
-0.0798173596
-0.0791920187
-0.0795046891
-0.0788793482
-0.0791920187
-0.0788793482
-0.0785666778
-0.0782540073
-0.0785666778
-0.0779413368
-0.0779413368
-0.0782540073
-0.0782540073
-0.0776286664
-0.0779413368
-0.0776286664
-0.0770033255
-0.0770033255
-0.0773159959
-0.0773159959
-0.0766906550
-0.0766906550
-0.0763779846
-0.0760653141
-0.0760653141
-0.0760653141
-0.0760653141
-0.0757526436
-0.0754399732
-0.0757526436
-0.0757526436
-0.0751273027
-0.0748146323
-0.0751273027
-0.0748146323
-0.0745019618
-0.0741892914
-0.0741892914
-0.0745019618
-0.0745019618
-0.0738766209
-0.0741892914
-0.0738766209
-0.0732512800
-0.0738766209
-0.0729386095
-0.0729386095
-0.0732512800
-0.0732512800
-0.0729386095
-0.0720005982
-0.0729386095
-0.0729386095
-0.0723132686
-0.0720005982
-0.0723132686
-0.0720005982
-0.0720005982
-0.0716879277
-0.0713752573
-0.0710625868
-0.0713752573
-0.0710625868
-0.0713752573
-0.0710625868
-0.0710625868
-0.0701245754
-0.0701245754
-0.0701245754
-0.0698119050
-0.0698119050
-0.0704372459
-0.0691865640
-0.0691865640
-0.0691865640
-0.0691865640
-0.0691865640
-0.0688738936
-0.0685612231
-0.0691865640
-0.0685612231
-0.0682485527
-0.0685612231
-0.0679358822
-0.0682485527
-0.0679358822
-0.0679358822
-0.0679358822
-0.0679358822
-0.0676232118
-0.0676232118
-0.0673105413
-0.0673105413
-0.0673105413
-0.0666852004
-0.0666852004
-0.0666852004
-0.0663725299
-0.0660598595
-0.0663725299
-0.0663725299
-0.0657471890
-0.0657471890
-0.0657471890
-0.0654345186
-0.0651218481
-0.0657471890
-0.0654345186
-0.0648091776
-0.0648091776
-0.0648091776
-0.0651218481
-0.0648091776
-0.0641838367
-0.0641838367
-0.0641838367
-0.0638711663
-0.0641838367
-0.0641838367
-0.0641838367
-0.0638711663
-0.0638711663
-0.0638711663
-0.0638711663
-0.0632458253
-0.0632458253
-0.0632458253
-0.0632458253
-0.0632458253
-0.0626204844
-0.0626204844
-0.0623078140
-0.0623078140
-0.0626204844
-0.0623078140
-0.0619951435
-0.0619951435
-0.0619951435
-0.0616824731
-0.0616824731
-0.0616824731
-0.0613698026
-0.0610571321
-0.0613698026
-0.0607444617
-0.0604317912
-0.0604317912
-0.0604317912
-0.0604317912
-0.0601191208
-0.0604317912
-0.0604317912
-0.0604317912
-0.0594937798
-0.0598064503
-0.0598064503
-0.0598064503
-0.0594937798
-0.0594937798
-0.0594937798
-0.0591811094
-0.0591811094
-0.0588684389
-0.0588684389
-0.0588684389
-0.0585557685
-0.0588684389
-0.0585557685
-0.0585557685
-0.0582430980
-0.0576177571
-0.0582430980
-0.0579304275
-0.0576177571
-0.0576177571
-0.0579304275
-0.0576177571
-0.0576177571
-0.0576177571
-0.0573050866
-0.0569924162
-0.0569924162
-0.0566797457
-0.0566797457
-0.0569924162
-0.0563670752
-0.0566797457
-0.0560544048
-0.0557417343
-0.0557417343
-0.0560544048
-0.0554290639
-0.0563670752
-0.0557417343
-0.0554290639
-0.0554290639
-0.0551163934
-0.0557417343
-0.0554290639
-0.0548037229
-0.0548037229
-0.0548037229
-0.0548037229
-0.0544910525
-0.0544910525
-0.0541783820
-0.0544910525
-0.0541783820
-0.0541783820
-0.0538657116
-0.0541783820
-0.0538657116
-0.0535530411
-0.0532403706
-0.0535530411
-0.0532403706
-0.0532403706
-0.0535530411
-0.0529277002
-0.0532403706
-0.0526150297
-0.0526150297
-0.0529277002
-0.0523023593
-0.0529277002
-0.0526150297
-0.0523023593
-0.0523023593
-0.0519896888
-0.0519896888
-0.0513643479
-0.0516770183
-0.0519896888
-0.0513643479
-0.0513643479
-0.0513643479
-0.0510516774
-0.0510516774
-0.0513643479
-0.0510516774
-0.0510516774
-0.0507390070
-0.0507390070
-0.0507390070
-0.0504263365
-0.0504263365
-0.0504263365
-0.0504263365
-0.0501136660
-0.0498009956
-0.0504263365
-0.0498009956
-0.0498009956
-0.0494883251
-0.0501136660
-0.0498009956
-0.0491756547
-0.0494883251
-0.0494883251
-0.0491756547
-0.0491756547
-0.0491756547
-0.0488629842
-0.0488629842
-0.0491756547
-0.0485503137
-0.0485503137
-0.0479249728
-0.0482376433
-0.0485503137
-0.0479249728
-0.0482376433
-0.0479249728
-0.0479249728
-0.0482376433
-0.0476123024
-0.0472996319
-0.0472996319
-0.0469869614
-0.0472996319
-0.0472996319
-0.0469869614
-0.0469869614
-0.0472996319
-0.0466742910
-0.0469869614
-0.0466742910
-0.0466742910
-0.0460489500
-0.0460489500
-0.0466742910
-0.0463616205
-0.0460489500
-0.0457362796
-0.0457362796
-0.0463616205
-0.0463616205
-0.0454236091
-0.0460489500
-0.0454236091
-0.0457362796
-0.0451109387
-0.0454236091
-0.0454236091
-0.0451109387
-0.0451109387
-0.0454236091
-0.0451109387
-0.0447982682
-0.0447982682
-0.0447982682
-0.0447982682
-0.0441729273
-0.0444855977
-0.0444855977
-0.0441729273
-0.0441729273
-0.0438602568
-0.0441729273
-0.0438602568
-0.0438602568
-0.0438602568
-0.0435475864
-0.0435475864
-0.0438602568
-0.0432349159
-0.0435475864
-0.0432349159
-0.0429222454
-0.0435475864
-0.0432349159
-0.0429222454
-0.0426095750
-0.0429222454
-0.0429222454
-0.0419842340
-0.0426095750
-0.0426095750
-0.0422969045
-0.0422969045
-0.0422969045
-0.0419842340
-0.0422969045
-0.0422969045
-0.0416715636
-0.0413588931
-0.0413588931
-0.0422969045
-0.0413588931
-0.0413588931
-0.0413588931
-0.0413588931
-0.0413588931
-0.0413588931
-0.0407335522
-0.0407335522
-0.0410462227
-0.0404208817
-0.0407335522
-0.0413588931
-0.0404208817
-0.0410462227
-0.0404208817
-0.0407335522
-0.0401082113
-0.0404208817
-0.0401082113
-0.0404208817
-0.0404208817
-0.0401082113
-0.0401082113
-0.0397955408
-0.0397955408
-0.0391701999
-0.0394828704
-0.0391701999
-0.0394828704
-0.0394828704
-0.0391701999
-0.0391701999
-0.0388575294
-0.0391701999
-0.0394828704
-0.0391701999
-0.0388575294
-0.0388575294
-0.0388575294
-0.0385448590
-0.0382321885
-0.0382321885
-0.0379195180
-0.0385448590
-0.0379195180
-0.0382321885
-0.0379195180
-0.0379195180
-0.0379195180
-0.0379195180
-0.0376068476
-0.0376068476
-0.0376068476
-0.0376068476
-0.0372941771
-0.0376068476
-0.0376068476
-0.0372941771
-0.0372941771
-0.0369815067
-0.0369815067
-0.0369815067
-0.0372941771
-0.0369815067
-0.0369815067
-0.0366688362
-0.0363561657
-0.0363561657
-0.0366688362
-0.0363561657
-0.0366688362
-0.0363561657
-0.0363561657
-0.0360434953
-0.0360434953
-0.0363561657
-0.0357308248
-0.0360434953
-0.0360434953
-0.0360434953
-0.0357308248
-0.0357308248
-0.0354181543
-0.0354181543
-0.0354181543
-0.0351054839
-0.0354181543
-0.0354181543
-0.0354181543
-0.0351054839
-0.0351054839
-0.0351054839
-0.0347928134
-0.0347928134
-0.0347928134
-0.0344801429
-0.0344801429
-0.0341674725
-0.0341674725
-0.0341674725
-0.0341674725
-0.0341674725
-0.0341674725
-0.0341674725
-0.0344801429
-0.0335421316
-0.0341674725
-0.0332294611
-0.0341674725
-0.0341674725
-0.0335421316
-0.0335421316
-0.0335421316
-0.0338548020
-0.0332294611
-0.0335421316
-0.0329167906
-0.0329167906
-0.0335421316
-0.0329167906
-0.0326041202
-0.0332294611
-0.0326041202
-0.0329167906
-0.0326041202
-0.0326041202
-0.0322914497
-0.0326041202
-0.0322914497
-0.0326041202
-0.0326041202
-0.0316661088
-0.0319787792
-0.0319787792
-0.0322914497
-0.0319787792
-0.0322914497
-0.0316661088
-0.0319787792
-0.0319787792
-0.0319787792
-0.0319787792
-0.0319787792
-0.0313534383
-0.0313534383
-0.0319787792
-0.0313534383
-0.0310407679
-0.0310407679
-0.0313534383
-0.0310407679
-0.0310407679
-0.0307280974
-0.0304154269
-0.0307280974
-0.0304154269
-0.0310407679
-0.0304154269
-0.0307280974
-0.0304154269
-0.0301027565
-0.0301027565
-0.0301027565
-0.0304154269
-0.0301027565
-0.0301027565
-0.0297900860
-0.0304154269
-0.0297900860
-0.0294774155
-0.0301027565
-0.0297900860
-0.0297900860
-0.0301027565
-0.0297900860
-0.0291647451
-0.0294774155
-0.0297900860
-0.0294774155
-0.0297900860
-0.0294774155
-0.0288520746
-0.0294774155
-0.0291647451
-0.0291647451
-0.0294774155
-0.0291647451
-0.0291647451
-0.0288520746
-0.0288520746
-0.0285394041
-0.0285394041
-0.0291647451
-0.0288520746
-0.0282267337
-0.0282267337
-0.0285394041
-0.0285394041
-0.0285394041
-0.0279140632
-0.0282267337
-0.0282267337
-0.0282267337
-0.0279140632
-0.0282267337
-0.0279140632
-0.0279140632
-0.0279140632
-0.0279140632
-0.0276013927
-0.0279140632
-0.0276013927
-0.0279140632
-0.0276013927
-0.0276013927
-0.0272887223
-0.0272887223
-0.0279140632
-0.0269760518
-0.0272887223
-0.0266633814
-0.0272887223
-0.0269760518
-0.0269760518
-0.0266633814
-0.0269760518
-0.0269760518
-0.0263507109
-0.0269760518
-0.0263507109
-0.0266633814
-0.0263507109
-0.0263507109
-0.0263507109
-0.0263507109
-0.0260380404
-0.0263507109
-0.0263507109
-0.0260380404
-0.0260380404
-0.0257253700
-0.0260380404
-0.0257253700
-0.0263507109
-0.0260380404
-0.0257253700
-0.0254126995
-0.0260380404
-0.0257253700
-0.0257253700
-0.0254126995
-0.0251000290
-0.0251000290
-0.0251000290
-0.0251000290
-0.0251000290
-0.0251000290
-0.0257253700
-0.0254126995
-0.0254126995
-0.0247873586
-0.0251000290
-0.0254126995
-0.0247873586
-0.0247873586
-0.0251000290
-0.0244746881
-0.0244746881
-0.0241620176
-0.0247873586
-0.0244746881
-0.0247873586
-0.0244746881
-0.0247873586
-0.0241620176
-0.0241620176
-0.0244746881
-0.0241620176
-0.0238493472
-0.0244746881
-0.0238493472
-0.0241620176
-0.0241620176
-0.0232240062
-0.0241620176
-0.0238493472
-0.0238493472
-0.0235366767
-0.0238493472
-0.0235366767
-0.0232240062
-0.0241620176
-0.0235366767
-0.0238493472
-0.0235366767
-0.0229113358
-0.0232240062
-0.0232240062
-0.0235366767
-0.0229113358
-0.0229113358
-0.0232240062
-0.0229113358
-0.0229113358
-0.0229113358
-0.0229113358
-0.0232240062
-0.0225986653
-0.0229113358
-0.0229113358
-0.0225986653
-0.0225986653
-0.0225986653
-0.0225986653
-0.0225986653
-0.0219733244
-0.0225986653
-0.0225986653
-0.0222859948
-0.0225986653
-0.0219733244
-0.0222859948
-0.0222859948
-0.0219733244
-0.0219733244
-0.0219733244
-0.0222859948
-0.0219733244
-0.0216606539
-0.0213479835
-0.0216606539
-0.0219733244
-0.0216606539
-0.0216606539
-0.0216606539
-0.0216606539
-0.0216606539
-0.0213479835
-0.0213479835
-0.0210353130
-0.0210353130
-0.0216606539
-0.0213479835
-0.0213479835
-0.0210353130
-0.0210353130
-0.0210353130
-0.0210353130
-0.0207226425
-0.0210353130
-0.0207226425
-0.0210353130
-0.0207226425
-0.0207226425
-0.0207226425
-0.0204099721
-0.0207226425
-0.0207226425
-0.0200973016
-0.0204099721
-0.0204099721
-0.0204099721
-0.0204099721
-0.0200973016
-0.0204099721
-0.0204099721
-0.0204099721
-0.0200973016
-0.0204099721
-0.0197846311
-0.0200973016
-0.0200973016
-0.0200973016
-0.0197846311
-0.0197846311
-0.0204099721
-0.0200973016
-0.0197846311
-0.0194719607
-0.0194719607
-0.0197846311
-0.0197846311
-0.0194719607
-0.0197846311
-0.0194719607
-0.0191592902
-0.0191592902
-0.0191592902
-0.0197846311
-0.0194719607
-0.0188466197
-0.0194719607
-0.0191592902
-0.0191592902
-0.0188466197
-0.0191592902
-0.0188466197
-0.0188466197
-0.0191592902
-0.0188466197
-0.0188466197
-0.0188466197
-0.0185339493
-0.0185339493
-0.0188466197
-0.0185339493
-0.0185339493
-0.0185339493
-0.0182212788
-0.0182212788
-0.0185339493
-0.0182212788
-0.0182212788
-0.0185339493
-0.0185339493
-0.0185339493
-0.0185339493
-0.0182212788
-0.0182212788
-0.0185339493
-0.0185339493
-0.0185339493
-0.0182212788
-0.0179086083
-0.0179086083
-0.0175959379
-0.0179086083
-0.0179086083
-0.0175959379
-0.0175959379
-0.0179086083
-0.0175959379
-0.0175959379
-0.0175959379
-0.0179086083
-0.0172832674
-0.0179086083
-0.0169705969
-0.0172832674
-0.0172832674
-0.0175959379
-0.0175959379
-0.0172832674
-0.0172832674
-0.0172832674
-0.0172832674
-0.0175959379
-0.0172832674
-0.0169705969
-0.0172832674
-0.0169705969
-0.0169705969
-0.0169705969
-0.0166579265
-0.0169705969
-0.0169705969
-0.0169705969
-0.0166579265
-0.0169705969
-0.0163452560
-0.0166579265
-0.0169705969
-0.0160325855
-0.0166579265
-0.0166579265
-0.0166579265
-0.0163452560
-0.0163452560
-0.0163452560
-0.0160325855
-0.0163452560
-0.0163452560
-0.0160325855
-0.0163452560
-0.0160325855
-0.0160325855
-0.0160325855
-0.0160325855
-0.0160325855
-0.0157199151
-0.0160325855
-0.0163452560
-0.0163452560
-0.0160325855
-0.0157199151
-0.0157199151
-0.0154072446
-0.0157199151
-0.0157199151
-0.0154072446
-0.0154072446
-0.0154072446
-0.0154072446
-0.0157199151
-0.0150945741
-0.0150945741
-0.0154072446
-0.0154072446
-0.0154072446
-0.0154072446
-0.0154072446
-0.0150945741
-0.0147819037
-0.0147819037
-0.0154072446
-0.0150945741
-0.0150945741
-0.0147819037
-0.0150945741
-0.0147819037
-0.0147819037
-0.0141565627
-0.0157199151
-0.0150945741
-0.0147819037
-0.0144692332
-0.0150945741
-0.0147819037
-0.0147819037
-0.0147819037
-0.0150945741
-0.0144692332
-0.0144692332
-0.0147819037
-0.0147819037
-0.0147819037
-0.0144692332
-0.0144692332
-0.0144692332
-0.0141565627
-0.0144692332
-0.0144692332
-0.0144692332
-0.0144692332
-0.0141565627
-0.0141565627
-0.0141565627
-0.0138438923
-0.0141565627
-0.0141565627
-0.0138438923
-0.0138438923
-0.0138438923
-0.0144692332
-0.0138438923
-0.0138438923
-0.0135312218
-0.0138438923
-0.0141565627
-0.0138438923
-0.0138438923
-0.0138438923
-0.0141565627
-0.0138438923
-0.0135312218
-0.0135312218
-0.0132185513
-0.0135312218
-0.0135312218
-0.0132185513
-0.0141565627
-0.0132185513
-0.0129058809
-0.0132185513
-0.0135312218
-0.0132185513
-0.0129058809
-0.0132185513
-0.0129058809
-0.0135312218
-0.0125932104
-0.0135312218
-0.0129058809
-0.0132185513
-0.0129058809
-0.0135312218
-0.0125932104
-0.0125932104
-0.0129058809
-0.0125932104
-0.0125932104
-0.0125932104
-0.0132185513
-0.0129058809
-0.0125932104
-0.0125932104
-0.0125932104
-0.0125932104
-0.0125932104
-0.0125932104
-0.0125932104
-0.0125932104
-0.0122805399
-0.0125932104
-0.0122805399
-0.0119678695
-0.0122805399
-0.0122805399
-0.0122805399
-0.0125932104
-0.0116551990
-0.0122805399
-0.0116551990
-0.0119678695
-0.0125932104
-0.0119678695
-0.0122805399
-0.0116551990
-0.0119678695
-0.0119678695
-0.0116551990
-0.0122805399
-0.0113425285
-0.0122805399
-0.0119678695
-0.0116551990
-0.0119678695
-0.0119678695
-0.0119678695
-0.0119678695
-0.0116551990
-0.0113425285
-0.0116551990
-0.0116551990
-0.0113425285
-0.0116551990
-0.0116551990
-0.0116551990
-0.0113425285
-0.0116551990
-0.0113425285
-0.0116551990
-0.0113425285
-0.0116551990
-0.0113425285
-0.0113425285
-0.0107171876
-0.0113425285
-0.0110298581
-0.0110298581
-0.0110298581
-0.0116551990
-0.0110298581
-0.0107171876
-0.0113425285
-0.0107171876
-0.0110298581
-0.0113425285
-0.0104045171
-0.0107171876
-0.0113425285
-0.0104045171
-0.0110298581
-0.0104045171
-0.0107171876
-0.0107171876
-0.0104045171
-0.0104045171
-0.0107171876
-0.0110298581
-0.0107171876
-0.0107171876
-0.0107171876
-0.0107171876
-0.0104045171
-0.0104045171
-0.0107171876
-0.0100918467
-0.0104045171
-0.0104045171
-0.0104045171
-0.0104045171
-0.0104045171
-0.0107171876
-0.0100918467
-0.0107171876
-0.0104045171
-0.0104045171
-0.0100918467
-0.0100918467
-0.0097791762
-0.0094665057
-0.0097791762
-0.0100918467
-0.0094665057
-0.0100918467
-0.0104045171
-0.0097791762
-0.0100918467
-0.0100918467
-0.0094665057
-0.0094665057
-0.0097791762
-0.0097791762
-0.0097791762
-0.0097791762
-0.0094665057
-0.0100918467
-0.0097791762
-0.0097791762
-0.0097791762
-0.0091538353
-0.0094665057
-0.0097791762
-0.0091538353
-0.0097791762
-0.0097791762
-0.0094665057
-0.0094665057
-0.0097791762
-0.0097791762
-0.0094665057
-0.0091538353
-0.0091538353
-0.0094665057
-0.0097791762
-0.0094665057
-0.0094665057
-0.0091538353
-0.0091538353
-0.0091538353
-0.0094665057
-0.0091538353
-0.0091538353
-0.0091538353
-0.0091538353
-0.0091538353
-0.0088411648
-0.0091538353
-0.0091538353
-0.0091538353
-0.0085284943
-0.0088411648
-0.0088411648
-0.0094665057
-0.0091538353
-0.0091538353
-0.0088411648
-0.0088411648
-0.0088411648
-0.0085284943
-0.0085284943
-0.0088411648
-0.0082158239
-0.0088411648
-0.0088411648
-0.0082158239
-0.0088411648
-0.0088411648
-0.0085284943
-0.0085284943
-0.0085284943
-0.0082158239
-0.0085284943
-0.0085284943
-0.0085284943
-0.0085284943
-0.0082158239
-0.0085284943
-0.0085284943
-0.0085284943
-0.0085284943
-0.0079031534
-0.0085284943
-0.0082158239
-0.0079031534
-0.0082158239
-0.0082158239
-0.0082158239
-0.0082158239
-0.0085284943
-0.0079031534
-0.0079031534
-0.0079031534
-0.0079031534
-0.0082158239
-0.0079031534
-0.0079031534
-0.0079031534
-0.0085284943
-0.0079031534
-0.0082158239
-0.0082158239
-0.0082158239
-0.0079031534
-0.0079031534
-0.0075904829
-0.0082158239
-0.0079031534
-0.0079031534
-0.0079031534
-0.0079031534
-0.0075904829
-0.0075904829
-0.0079031534
-0.0079031534
-0.0079031534
-0.0075904829
-0.0079031534
-0.0075904829
-0.0075904829
-0.0075904829
-0.0079031534
-0.0075904829
-0.0075904829
-0.0066524715
-0.0079031534
-0.0075904829
-0.0072778125
-0.0072778125
-0.0069651420
-0.0072778125
-0.0075904829
-0.0075904829
-0.0075904829
-0.0066524715
-0.0069651420
-0.0072778125
-0.0069651420
-0.0069651420
-0.0072778125
-0.0069651420
-0.0069651420
-0.0069651420
-0.0069651420
-0.0072778125
-0.0072778125
-0.0069651420
-0.0069651420
-0.0069651420
-0.0069651420
-0.0069651420
-0.0069651420
-0.0066524715
-0.0069651420
-0.0069651420
-0.0069651420
-0.0066524715
-0.0069651420
-0.0069651420
-0.0063398011
-0.0066524715
-0.0066524715
-0.0069651420
-0.0069651420
-0.0066524715
-0.0066524715
-0.0072778125
-0.0069651420
-0.0066524715
-0.0066524715
-0.0066524715
-0.0066524715
-0.0066524715
-0.0069651420
-0.0066524715
-0.0066524715
-0.0066524715
-0.0066524715
-0.0066524715
-0.0060271306
-0.0060271306
-0.0063398011
-0.0066524715
-0.0060271306
-0.0063398011
-0.0066524715
-0.0066524715
-0.0057144601
-0.0066524715
-0.0063398011
-0.0066524715
-0.0057144601
-0.0063398011
-0.0060271306
-0.0063398011
-0.0060271306
-0.0060271306
-0.0060271306
-0.0060271306
-0.0060271306
-0.0060271306
-0.0060271306
-0.0063398011
-0.0063398011
-0.0057144601
-0.0063398011
-0.0060271306
-0.0057144601
-0.0063398011
-0.0057144601
-0.0060271306
-0.0057144601
-0.0060271306
-0.0060271306
-0.0057144601
-0.0057144601
-0.0060271306
-0.0060271306
-0.0057144601
-0.0057144601
-0.0054017897
-0.0060271306
-0.0054017897
-0.0057144601
-0.0060271306
-0.0060271306
-0.0060271306
-0.0057144601
-0.0057144601
-0.0054017897
-0.0057144601
-0.0057144601
-0.0054017897
-0.0057144601
-0.0057144601
-0.0057144601
-0.0050891192
-0.0054017897
-0.0057144601
-0.0050891192
-0.0054017897
-0.0057144601
-0.0050891192
-0.0054017897
-0.0057144601
-0.0054017897
-0.0054017897
-0.0050891192
-0.0054017897
-0.0054017897
-0.0050891192
-0.0054017897
-0.0054017897
-0.0050891192
-0.0050891192
-0.0054017897
-0.0047764487
-0.0057144601
-0.0050891192
-0.0050891192
-0.0047764487
-0.0047764487
-0.0050891192
-0.0044637783
-0.0050891192
-0.0050891192
-0.0054017897
-0.0050891192
-0.0050891192
-0.0050891192
-0.0054017897
-0.0047764487
-0.0050891192
-0.0050891192
-0.0047764487
-0.0050891192
-0.0047764487
-0.0054017897
-0.0047764487
-0.0050891192
-0.0050891192
-0.0044637783
-0.0054017897
-0.0047764487
-0.0050891192
-0.0047764487
-0.0044637783
-0.0047764487
-0.0050891192
-0.0047764487
-0.0047764487
-0.0047764487
-0.0050891192
-0.0044637783
-0.0050891192
-0.0044637783
-0.0044637783
-0.0044637783
-0.0044637783
-0.0047764487
-0.0041511078
-0.0047764487
-0.0044637783
-0.0044637783
-0.0044637783
-0.0044637783
-0.0047764487
-0.0044637783
-0.0047764487
-0.0047764487
-0.0041511078
-0.0041511078
-0.0047764487
-0.0044637783
-0.0041511078
-0.0044637783
-0.0041511078
-0.0038384373
-0.0038384373
-0.0041511078
-0.0038384373
-0.0044637783
-0.0038384373
-0.0041511078
-0.0041511078
-0.0044637783
-0.0041511078
-0.0041511078
-0.0041511078
-0.0041511078
-0.0041511078
-0.0041511078
-0.0041511078
-0.0041511078
-0.0041511078
-0.0041511078
-0.0041511078
-0.0038384373
-0.0041511078
-0.0038384373
-0.0041511078
-0.0041511078
-0.0041511078
-0.0038384373
-0.0035257669
-0.0035257669
-0.0038384373
-0.0038384373
-0.0041511078
-0.0038384373
-0.0038384373
-0.0041511078
-0.0035257669
-0.0041511078
-0.0035257669
-0.0035257669
-0.0038384373
-0.0038384373
-0.0038384373
-0.0035257669
-0.0035257669
-0.0041511078
-0.0041511078
-0.0038384373
-0.0035257669
-0.0041511078
-0.0041511078
-0.0038384373
-0.0035257669
-0.0038384373
-0.0038384373
-0.0038384373
-0.0035257669
-0.0035257669
-0.0032130964
-0.0035257669
-0.0038384373
-0.0035257669
-0.0035257669
-0.0035257669
-0.0029004259
-0.0038384373
-0.0038384373
-0.0038384373
-0.0038384373
-0.0032130964
-0.0032130964
-0.0032130964
-0.0038384373
-0.0038384373
-0.0032130964
-0.0029004259
-0.0035257669
-0.0032130964
-0.0035257669
-0.0035257669
-0.0035257669
-0.0035257669
-0.0032130964
-0.0032130964
-0.0035257669
-0.0035257669
-0.0032130964
-0.0032130964
-0.0029004259
-0.0035257669
-0.0032130964
-0.0032130964
-0.0032130964
-0.0032130964
-0.0029004259
-0.0029004259
-0.0029004259
-0.0032130964
-0.0029004259
-0.0029004259
-0.0032130964
-0.0032130964
-0.0029004259
-0.0032130964
-0.0029004259
-0.0032130964
-0.0029004259
-0.0035257669
-0.0029004259
-0.0029004259
-0.0035257669
-0.0029004259
-0.0029004259
-0.0029004259
-0.0025877555
-0.0032130964
-0.0029004259
-0.0029004259
-0.0029004259
-0.0029004259
-0.0029004259
-0.0029004259
-0.0025877555
-0.0025877555
-0.0025877555
-0.0025877555
-0.0029004259
-0.0025877555
-0.0032130964
-0.0025877555
-0.0025877555
-0.0029004259
-0.0025877555
-0.0032130964
-0.0025877555
-0.0025877555
-0.0025877555
-0.0025877555
-0.0025877555
-0.0029004259
-0.0022750850
-0.0022750850
-0.0029004259
-0.0029004259
-0.0025877555
-0.0025877555
-0.0029004259
-0.0029004259
-0.0025877555
-0.0025877555
-0.0025877555
-0.0019624145
-0.0022750850
-0.0016497441
-0.0025877555
-0.0029004259
-0.0025877555
-0.0029004259
-0.0025877555
-0.0022750850
-0.0019624145
-0.0022750850
-0.0022750850
-0.0025877555
-0.0019624145
-0.0025877555
-0.0022750850
-0.0022750850
-0.0019624145
-0.0022750850
-0.0019624145
-0.0022750850
-0.0022750850
-0.0019624145
-0.0022750850
-0.0025877555
-0.0022750850
-0.0022750850
-0.0025877555
-0.0022750850
-0.0025877555
-0.0022750850
-0.0025877555
-0.0019624145
-0.0022750850
-0.0025877555
-0.0019624145
-0.0019624145
-0.0022750850
-0.0019624145
-0.0019624145
-0.0022750850
-0.0022750850
-0.0019624145
-0.0019624145
-0.0022750850
-0.0016497441
-0.0022750850
-0.0025877555
-0.0022750850
-0.0019624145
-0.0022750850
-0.0016497441
-0.0019624145
-0.0022750850
-0.0019624145
-0.0019624145
-0.0022750850
-0.0016497441
-0.0016497441
-0.0016497441
-0.0022750850
-0.0016497441
-0.0019624145
-0.0019624145
-0.0019624145
-0.0019624145
-0.0019624145
-0.0022750850
-0.0019624145
-0.0013370736
-0.0019624145
-0.0019624145
-0.0013370736
-0.0019624145
-0.0016497441
-0.0019624145
-0.0016497441
-0.0019624145
-0.0016497441
-0.0019624145
-0.0013370736
-0.0019624145
-0.0016497441
-0.0013370736
-0.0019624145
-0.0016497441
-0.0019624145
-0.0013370736
-0.0013370736
-0.0013370736
-0.0016497441
-0.0016497441
-0.0019624145
-0.0016497441
-0.0013370736
-0.0013370736
-0.0013370736
-0.0013370736
-0.0013370736
-0.0013370736
-0.0016497441
-0.0013370736
-0.0016497441
-0.0010244031
-0.0016497441
-0.0016497441
-0.0016497441
-0.0019624145
-0.0013370736
-0.0013370736
-0.0019624145
-0.0013370736
-0.0013370736
-0.0013370736
-0.0013370736
-0.0013370736
-0.0019624145
-0.0013370736
-0.0016497441
-0.0010244031
-0.0016497441
-0.0013370736
-0.0013370736
-0.0016497441
-0.0016497441
-0.0013370736
-0.0013370736
-0.0010244031
-0.0016497441
-0.0013370736
-0.0013370736
-0.0013370736
-0.0013370736
-0.0013370736
-0.0010244031
-0.0013370736
-0.0013370736
-0.0013370736
-0.0013370736
-0.0007117326
-0.0010244031
-0.0013370736
-0.0010244031
-0.0016497441
-0.0010244031
-0.0010244031
-0.0010244031
-0.0016497441
-0.0013370736
-0.0010244031
-0.0013370736
-0.0010244031
-0.0007117326
-0.0013370736
-0.0010244031
-0.0010244031
-0.0013370736
-0.0010244031
-0.0007117326
-0.0007117326
-0.0013370736
-0.0016497441
-0.0013370736
-0.0010244031
-0.0010244031
-0.0007117326
-0.0013370736
-0.0010244031
-0.0010244031
-0.0010244031
-0.0010244031
-0.0010244031
-0.0010244031
-0.0007117326
-0.0010244031
-0.0007117326
-0.0007117326
-0.0007117326
-0.0010244031
-0.0010244031
-0.0007117326
-0.0007117326
-0.0010244031
-0.0010244031
-0.0013370736
-0.0007117326
-0.0010244031
-0.0010244031
-0.0003990622
-0.0007117326
-0.0007117326
-0.0010244031
-0.0003990622
-0.0007117326
-0.0007117326
-0.0007117326
-0.0007117326
-0.0010244031
-0.0003990622
-0.0007117326
-0.0007117326
-0.0010244031
-0.0007117326
-0.0007117326
-0.0007117326
-0.0007117326
-0.0007117326
-0.0010244031
-0.0003990622
-0.0003990622
-0.0007117326
-0.0007117326
-0.0007117326
-0.0007117326
-0.0010244031
-0.0007117326
-0.0010244031
-0.0003990622
-0.0007117326
-0.0010244031
-0.0003990622
-0.0007117326
-0.0003990622
-0.0007117326
-0.0003990622
-0.0007117326
-0.0003990622
-0.0007117326
-0.0010244031
-0.0003990622
-0.0007117326
-0.0007117326
-0.0003990622
-0.0007117326
-0.0000863917
-0.0007117326
-0.0007117326
-0.0003990622
-0.0003990622
-0.0000863917
-0.0007117326
-0.0003990622
-0.0003990622
-0.0003990622
-0.0000863917
-0.0007117326
-0.0007117326
-0.0003990622
-0.0003990622
-0.0003990622
-0.0007117326
-0.0000863917
-0.0007117326
-0.0003990622
-0.0000863917
-0.0000863917
-0.0000863917
-0.0003990622
-0.0010244031
-0.0007117326
-0.0003990622
-0.0003990622
-0.0000863917
-0.0000863917
-0.0003990622
-0.0000863917
0.0002262788
-0.0003990622
-0.0003990622
-0.0003990622
-0.0003990622
-0.0000863917
-0.0003990622
-0.0000863917
-0.0000863917
0.0002262788
-0.0000863917
-0.0003990622
-0.0000863917
-0.0003990622
-0.0003990622
-0.0000863917
-0.0003990622
-0.0000863917
-0.0000863917
-0.0003990622
-0.0003990622
-0.0003990622
-0.0000863917
-0.0003990622
0.0002262788
-0.0000863917
-0.0000863917
0.0002262788
-0.0000863917
-0.0003990622
-0.0007117326
-0.0000863917
-0.0003990622
0.0002262788
-0.0000863917
-0.0000863917
0.0002262788
-0.0003990622
0.0002262788
-0.0003990622
0.0002262788
-0.0000863917
-0.0000863917
-0.0003990622
0.0002262788
-0.0000863917
0.0002262788
-0.0000863917
0.0002262788
-0.0000863917
-0.0003990622
-0.0003990622
-0.0003990622
-0.0000863917
0.0002262788
0.0002262788
0.0002262788
-0.0003990622
-0.0000863917
-0.0000863917
0.0002262788
-0.0000863917
0.0002262788
-0.0000863917
-0.0000863917
-0.0003990622
0.0002262788
0.0005389492
0.0002262788
0.0002262788
-0.0000863917
-0.0000863917
0.0002262788
0.0002262788
0.0002262788
0.0002262788
-0.0003990622
-0.0000863917
0.0008516197
-0.0000863917
0.0002262788
-0.0000863917
-0.0000863917
0.0002262788
0.0002262788
-0.0000863917
-0.0000863917
0.0002262788
-0.0000863917
0.0002262788
0.0002262788
0.0002262788
-0.0000863917
0.0002262788
0.0002262788
-0.0000863917
0.0005389492
0.0002262788
0.0002262788
0.0002262788
0.0002262788
0.0002262788
0.0002262788
0.0002262788
-0.0000863917
0.0002262788
0.0002262788
0.0002262788
0.0005389492
0.0005389492
0.0002262788
-0.0000863917
0.0005389492
-0.0000863917
-0.0000863917
0.0008516197
0.0002262788
0.0002262788
0.0005389492
0.0002262788
0.0005389492
0.0002262788
0.0005389492
0.0005389492
0.0002262788
0.0002262788
0.0002262788
0.0002262788
0.0002262788
0.0008516197
0.0005389492
0.0002262788
0.0002262788
0.0008516197
0.0005389492
0.0002262788
0.0002262788
0.0002262788
0.0002262788
-0.0000863917
0.0002262788
0.0002262788
0.0005389492
0.0005389492
0.0008516197
0.0005389492
0.0008516197
0.0008516197
0.0008516197
0.0005389492
0.0005389492
0.0002262788
0.0002262788
0.0008516197
0.0002262788
0.0011642902
0.0005389492
0.0002262788
0.0008516197
0.0008516197
0.0005389492
0.0005389492
0.0005389492
0.0002262788
0.0005389492
0.0005389492
0.0008516197
0.0005389492
0.0005389492
-0.0000863917
0.0002262788
0.0008516197
0.0008516197
0.0005389492
0.0005389492
0.0005389492
0.0002262788
0.0002262788
0.0005389492
0.0005389492
0.0005389492
0.0008516197
0.0005389492
0.0008516197
0.0008516197
0.0008516197
0.0008516197
0.0008516197
0.0002262788
0.0008516197
0.0008516197
0.0008516197
0.0005389492
0.0005389492
0.0005389492
0.0008516197
0.0008516197
0.0002262788
0.0005389492
0.0008516197
0.0008516197
0.0005389492
0.0002262788
0.0008516197
0.0005389492
0.0008516197
0.0005389492
0.0008516197
0.0008516197
0.0002262788
0.0008516197
0.0008516197
0.0008516197
0.0005389492
0.0008516197
0.0008516197
0.0008516197
0.0005389492
0.0008516197
0.0005389492
0.0008516197
0.0008516197
0.0008516197
0.0011642902
0.0008516197
0.0005389492
0.0005389492
0.0005389492
0.0008516197
0.0008516197
0.0008516197
0.0011642902
0.0008516197
0.0008516197
0.0008516197
0.0005389492
0.0008516197
0.0008516197
0.0008516197
0.0011642902
0.0011642902
0.0011642902
0.0008516197
0.0011642902
0.0011642902
0.0008516197
0.0008516197
0.0008516197
0.0008516197
0.0008516197
0.0008516197
0.0008516197
0.0008516197
0.0008516197
0.0011642902
0.0008516197
0.0011642902
0.0008516197
0.0011642902
0.0008516197
0.0011642902
0.0008516197
0.0008516197
0.0005389492
0.0008516197
0.0011642902
0.0008516197
0.0008516197
0.0008516197
0.0014769606
0.0008516197
0.0008516197
0.0011642902
0.0008516197
0.0011642902
0.0008516197
0.0011642902
0.0008516197
0.0011642902
0.0008516197
0.0008516197
0.0011642902
0.0011642902
0.0014769606
0.0008516197
0.0008516197
0.0011642902
0.0008516197
0.0011642902
0.0011642902
0.0011642902
0.0017896311
0.0011642902
0.0011642902
0.0011642902
0.0008516197
0.0008516197
0.0014769606
0.0008516197
0.0011642902
0.0011642902
0.0008516197
0.0011642902
0.0011642902
0.0014769606
0.0008516197
0.0008516197
0.0011642902
0.0011642902
0.0008516197
0.0014769606
0.0011642902
0.0008516197
0.0008516197
0.0011642902
0.0008516197
0.0011642902
0.0011642902
0.0011642902
0.0011642902
0.0011642902
0.0008516197
0.0011642902
0.0011642902
0.0011642902
0.0014769606
0.0011642902
0.0008516197
0.0011642902
0.0011642902
0.0014769606
0.0014769606
0.0008516197
0.0014769606
0.0014769606
0.0014769606
0.0011642902
0.0008516197
0.0014769606
0.0014769606
0.0011642902
0.0014769606
0.0011642902
0.0008516197
0.0011642902
0.0011642902
0.0008516197
0.0014769606
0.0005389492
0.0011642902
0.0014769606
0.0014769606
0.0011642902
0.0014769606
0.0014769606
0.0011642902
0.0014769606
0.0017896311
0.0011642902
0.0011642902
0.0017896311
0.0011642902
0.0008516197
0.0011642902
0.0011642902
0.0011642902
0.0014769606
0.0014769606
0.0011642902
0.0011642902
0.0011642902
0.0008516197
0.0014769606
0.0008516197
0.0014769606
0.0011642902
0.0017896311
0.0011642902
0.0014769606
0.0008516197
0.0011642902
0.0008516197
0.0011642902
0.0011642902
0.0014769606
0.0011642902
0.0011642902
0.0011642902
0.0011642902
0.0008516197
0.0011642902
0.0014769606
0.0011642902
0.0014769606
0.0014769606
0.0014769606
0.0017896311
0.0011642902
0.0014769606
0.0014769606
0.0017896311
0.0017896311
0.0017896311
0.0008516197
0.0011642902
0.0017896311
0.0014769606
0.0014769606
0.0014769606
0.0014769606
0.0017896311
0.0011642902
0.0017896311
0.0011642902
0.0021023016
0.0014769606
0.0017896311
0.0014769606
0.0014769606
0.0014769606
0.0014769606
0.0017896311
0.0011642902
0.0014769606
0.0014769606
0.0017896311
0.0011642902
0.0017896311
0.0014769606
0.0017896311
0.0011642902
0.0014769606
0.0014769606
0.0017896311
0.0011642902
0.0014769606
0.0017896311
0.0014769606
0.0014769606
0.0008516197
0.0011642902
0.0024149720
0.0021023016
0.0017896311
0.0014769606
0.0008516197
0.0014769606
0.0017896311
0.0011642902
0.0011642902
0.0011642902
0.0014769606
0.0014769606
0.0014769606
0.0014769606
0.0017896311
0.0017896311
0.0017896311
0.0014769606
0.0011642902
0.0017896311
0.0021023016
0.0014769606
0.0017896311
0.0017896311
0.0021023016
0.0017896311
0.0014769606
0.0014769606
0.0011642902
0.0021023016
0.0014769606
0.0017896311
0.0017896311
0.0017896311
0.0014769606
0.0017896311
0.0017896311
0.0017896311
0.0014769606
0.0017896311
0.0014769606
0.0017896311
0.0017896311
0.0014769606
0.0014769606
0.0017896311
0.0011642902
0.0014769606
0.0021023016
0.0014769606
0.0021023016
0.0017896311
0.0014769606
0.0017896311
0.0017896311
0.0014769606
0.0017896311
0.0014769606
0.0014769606
0.0017896311
0.0017896311
0.0021023016
0.0017896311
0.0017896311
0.0017896311
0.0017896311
0.0014769606
0.0014769606
0.0021023016
0.0014769606
0.0017896311
0.0017896311
0.0017896311
0.0017896311
0.0021023016
0.0017896311
0.0011642902
0.0014769606
0.0017896311
0.0014769606
0.0021023016
0.0017896311
0.0017896311
0.0014769606
0.0017896311
0.0014769606
0.0017896311
0.0017896311
0.0021023016
0.0014769606
0.0017896311
0.0021023016
0.0024149720
0.0017896311
0.0021023016
0.0014769606
0.0021023016
0.0017896311
0.0017896311
0.0017896311
0.0021023016
0.0017896311
0.0017896311
0.0017896311
0.0021023016
0.0021023016
0.0021023016
0.0014769606
0.0017896311
0.0014769606
0.0017896311
0.0021023016
0.0021023016
0.0014769606
0.0017896311
0.0014769606
0.0021023016
0.0017896311
0.0021023016
0.0021023016
0.0021023016
0.0021023016
0.0017896311
0.0021023016
0.0014769606
0.0021023016
0.0017896311
0.0021023016
0.0017896311
0.0021023016
0.0017896311
0.0014769606
0.0017896311
0.0017896311
0.0017896311
0.0021023016
0.0021023016
0.0027276425
0.0021023016
0.0021023016
0.0017896311
0.0024149720
0.0011642902
0.0021023016
0.0024149720
0.0017896311
0.0017896311
0.0024149720
0.0014769606
0.0017896311
0.0017896311
0.0014769606
0.0021023016
0.0017896311
0.0021023016
0.0017896311
0.0021023016
0.0017896311
0.0021023016
0.0021023016
0.0017896311
0.0021023016
0.0021023016
0.0017896311
0.0017896311
0.0014769606
0.0021023016
0.0024149720
0.0021023016
0.0021023016
0.0021023016
0.0014769606
0.0021023016
0.0021023016
0.0017896311
0.0017896311
0.0021023016
0.0021023016
0.0021023016
0.0017896311
0.0014769606
0.0024149720
0.0021023016
0.0017896311
0.0017896311
0.0017896311
0.0017896311
0.0021023016
0.0021023016
0.0021023016
0.0021023016
0.0021023016
0.0017896311
0.0021023016
0.0021023016
0.0017896311
0.0021023016
0.0021023016
0.0021023016
0.0024149720
0.0021023016
0.0017896311
0.0021023016
0.0021023016
0.0014769606
0.0017896311
0.0024149720
0.0021023016
0.0021023016
0.0021023016
0.0021023016
0.0021023016
0.0021023016
0.0024149720
0.0017896311
0.0021023016
0.0021023016
0.0021023016
0.0024149720
0.0021023016
0.0021023016
0.0017896311
0.0024149720
0.0024149720
0.0021023016
0.0021023016
0.0021023016
0.0021023016
0.0024149720
0.0021023016
0.0014769606
0.0024149720
0.0024149720
0.0024149720
0.0021023016
0.0021023016
0.0021023016
0.0021023016
0.0017896311
0.0024149720
0.0024149720
0.0021023016
0.0024149720
0.0017896311
0.0021023016
0.0021023016
0.0024149720
0.0021023016
0.0021023016
0.0021023016
0.0021023016
0.0021023016
0.0017896311
0.0021023016
0.0021023016
0.0021023016
0.0021023016
0.0021023016
0.0021023016
0.0021023016
0.0024149720
0.0024149720
0.0021023016
0.0021023016
0.0021023016
0.0021023016
0.0021023016
0.0021023016
0.0021023016
0.0017896311
0.0021023016
0.0024149720
0.0024149720
0.0021023016
0.0021023016
0.0017896311
0.0017896311
0.0021023016
0.0024149720
0.0017896311
0.0021023016
0.0021023016
0.0021023016
0.0027276425
0.0021023016
0.0021023016
0.0024149720
0.0024149720
0.0024149720
0.0017896311
0.0021023016
0.0021023016
0.0024149720
0.0021023016
0.0024149720
0.0021023016
0.0017896311
0.0024149720
0.0021023016
0.0017896311
0.0021023016
0.0021023016
0.0021023016
0.0021023016
0.0027276425
0.0024149720
0.0024149720
0.0017896311
0.0021023016
0.0021023016
0.0021023016
0.0024149720
0.0024149720
0.0021023016
0.0021023016
0.0024149720
0.0021023016
0.0021023016
0.0017896311
0.0021023016
0.0024149720
0.0024149720
0.0024149720
0.0024149720
0.0021023016
0.0021023016
0.0021023016
0.0021023016
0.0021023016
0.0021023016
0.0024149720
0.0021023016
0.0024149720
0.0021023016
0.0021023016
0.0027276425
0.0027276425
0.0024149720
0.0024149720
0.0021023016
0.0021023016
0.0021023016
0.0021023016
0.0027276425
0.0024149720
0.0024149720
0.0021023016
0.0027276425
0.0021023016
0.0024149720
0.0024149720
0.0024149720
0.0021023016
0.0021023016
0.0017896311
0.0021023016
0.0021023016
0.0021023016
0.0021023016
0.0024149720
0.0021023016
0.0027276425
0.0024149720
0.0024149720
0.0021023016
0.0024149720
0.0021023016
0.0024149720
0.0024149720
0.0027276425
0.0024149720
0.0017896311
0.0021023016
0.0024149720
0.0021023016
0.0027276425
0.0024149720
0.0024149720
0.0021023016
0.0024149720
0.0021023016
0.0024149720
0.0021023016
0.0017896311
0.0021023016
0.0024149720
0.0021023016
0.0021023016
0.0027276425
0.0024149720
0.0024149720
0.0021023016
0.0024149720
0.0024149720
0.0021023016
0.0021023016
0.0021023016
0.0024149720
0.0024149720
0.0024149720
0.0021023016
0.0021023016
0.0021023016
0.0027276425
0.0030403130
0.0017896311
0.0024149720
0.0021023016
0.0024149720
0.0024149720
0.0021023016
0.0021023016
0.0021023016
0.0021023016
0.0021023016
0.0021023016
0.0024149720
0.0024149720
0.0021023016
0.0024149720
0.0024149720
0.0024149720
0.0030403130
0.0021023016
0.0027276425
0.0021023016
0.0021023016
0.0027276425
0.0024149720
0.0027276425
0.0027276425
0.0021023016
0.0021023016
0.0021023016
0.0021023016
0.0024149720
0.0021023016
0.0024149720
0.0024149720
0.0027276425
0.0021023016
0.0021023016
0.0021023016
0.0024149720
0.0030403130
0.0027276425
0.0021023016
0.0024149720
0.0024149720
0.0024149720
0.0024149720
0.0021023016
0.0021023016
0.0024149720
0.0024149720
0.0024149720
0.0021023016
0.0027276425
0.0027276425
0.0024149720
0.0024149720
0.0024149720
0.0024149720
0.0021023016
0.0021023016
0.0030403130
0.0024149720
0.0027276425
0.0021023016
0.0024149720
0.0024149720
0.0024149720
0.0024149720
0.0024149720
0.0024149720
0.0021023016
0.0027276425
0.0021023016
0.0021023016
0.0024149720
0.0021023016
0.0024149720
0.0024149720
0.0024149720
0.0021023016
0.0024149720
0.0021023016
0.0027276425
0.0024149720
0.0024149720
0.0024149720
0.0021023016
0.0027276425
0.0024149720
0.0021023016
0.0024149720
0.0027276425
0.0024149720
0.0027276425
0.0027276425
0.0027276425
0.0027276425
0.0027276425
0.0024149720
0.0024149720
0.0021023016
0.0021023016
0.0027276425
0.0024149720
0.0021023016
0.0024149720
0.0024149720
0.0024149720
0.0024149720
0.0024149720
0.0027276425
0.0027276425
0.0027276425
0.0027276425
0.0024149720
0.0027276425
0.0027276425
0.0027276425
0.0024149720
0.0021023016
0.0021023016
0.0024149720
0.0024149720
0.0027276425
0.0024149720
0.0021023016
0.0024149720
0.0027276425
0.0027276425
0.0021023016
0.0021023016
0.0021023016
0.0024149720
0.0024149720
0.0021023016
0.0024149720
0.0024149720
0.0024149720
0.0027276425
0.0024149720
0.0024149720
0.0027276425
0.0024149720
0.0027276425
0.0024149720
0.0027276425
0.0021023016
0.0027276425
0.0024149720
0.0021023016
0.0024149720
0.0027276425
0.0024149720
0.0024149720
0.0030403130
0.0027276425
0.0027276425
0.0027276425
0.0024149720
0.0024149720
0.0027276425
0.0021023016
0.0030403130
0.0024149720
0.0024149720
0.0027276425
0.0027276425
0.0030403130
0.0024149720
0.0030403130
0.0021023016
0.0024149720
0.0024149720
0.0021023016
0.0021023016
0.0027276425
0.0027276425
0.0024149720
0.0027276425
0.0024149720
0.0027276425
0.0027276425
0.0027276425
0.0024149720
0.0030403130
0.0027276425
0.0024149720
0.0030403130
0.0027276425
0.0024149720
0.0024149720
0.0030403130
0.0027276425
0.0024149720
0.0027276425
0.0027276425
0.0027276425
0.0024149720
0.0024149720
0.0024149720
0.0021023016
0.0030403130
0.0027276425
0.0027276425
0.0027276425
0.0027276425
0.0027276425
0.0027276425
0.0027276425
0.0030403130
0.0027276425
0.0030403130
0.0027276425
0.0030403130
0.0027276425
0.0027276425
0.0030403130
0.0027276425
0.0027276425
0.0030403130
0.0027276425
0.0027276425
0.0030403130
0.0024149720
0.0027276425
0.0027276425
0.0027276425
0.0027276425
0.0027276425
0.0027276425
0.0027276425
0.0027276425
0.0024149720
0.0027276425
0.0030403130
0.0027276425
0.0030403130
0.0027276425
0.0027276425
0.0024149720
0.0021023016
0.0024149720
0.0033529834
0.0021023016
0.0027276425
0.0030403130
0.0027276425
0.0033529834
0.0027276425
0.0024149720
0.0024149720
0.0024149720
0.0024149720
0.0024149720
0.0024149720
0.0027276425
0.0027276425
0.0024149720
0.0027276425
0.0027276425
0.0027276425
0.0024149720
0.0024149720
0.0027276425
0.0027276425
0.0024149720
0.0024149720
0.0027276425
0.0024149720
0.0027276425
0.0027276425
0.0024149720
0.0027276425
0.0030403130
0.0030403130
0.0027276425
0.0021023016
0.0027276425
0.0027276425
0.0027276425
0.0027276425
0.0024149720
0.0030403130
0.0024149720
0.0027276425
0.0021023016
0.0024149720
0.0024149720
0.0027276425
0.0033529834
0.0027276425
0.0024149720
0.0024149720
0.0030403130
0.0024149720
0.0027276425
0.0027276425
0.0027276425
0.0024149720
0.0027276425
0.0027276425
0.0030403130
0.0024149720
0.0030403130
0.0030403130
0.0024149720
0.0027276425
0.0024149720
0.0027276425
0.0027276425
0.0027276425
0.0027276425
0.0027276425
0.0024149720
0.0027276425
0.0027276425
0.0021023016
0.0030403130
0.0027276425
0.0030403130
0.0027276425
0.0027276425
0.0024149720
0.0027276425
0.0030403130
0.0021023016
0.0027276425
0.0027276425
0.0027276425
0.0027276425
0.0027276425
0.0027276425
0.0033529834
0.0027276425
0.0033529834
0.0027276425
0.0027276425
0.0027276425
0.0027276425
0.0027276425
0.0024149720
0.0027276425
0.0027276425
0.0027276425
0.0027276425
0.0030403130
0.0027276425
0.0030403130
0.0024149720
0.0030403130
0.0024149720
0.0021023016
0.0027276425
0.0030403130
0.0027276425
0.0027276425
0.0024149720
0.0027276425
0.0030403130
0.0024149720
0.0027276425
0.0027276425
0.0030403130
0.0027276425
0.0027276425
0.0027276425
0.0024149720
0.0024149720
0.0021023016
0.0024149720
0.0024149720
0.0030403130
0.0030403130
0.0030403130
0.0027276425
0.0027276425
0.0027276425
0.0030403130
0.0027276425
0.0027276425
0.0027276425
0.0024149720
0.0024149720
0.0027276425
0.0030403130
0.0027276425
0.0027276425
0.0033529834
0.0027276425
0.0027276425
0.0027276425
0.0024149720
0.0024149720
0.0027276425
0.0027276425
0.0027276425
0.0027276425
0.0024149720
0.0027276425
0.0027276425
0.0024149720
0.0027276425
0.0024149720
0.0030403130
0.0027276425
0.0024149720
0.0027276425
0.0027276425
0.0027276425
0.0027276425
0.0027276425
0.0027276425
0.0033529834
0.0027276425
0.0027276425
0.0024149720
0.0027276425
0.0024149720
0.0024149720
0.0027276425
0.0030403130
0.0030403130
0.0030403130
0.0033529834
0.0027276425
0.0024149720
0.0033529834
0.0030403130
0.0027276425
0.0027276425
0.0027276425
0.0027276425
0.0027276425
0.0030403130
0.0027276425
0.0027276425
0.0027276425
0.0027276425
0.0030403130
0.0036656539
0.0027276425
0.0030403130
0.0030403130
0.0027276425
0.0027276425
0.0027276425
0.0027276425
0.0024149720
0.0024149720
0.0030403130
0.0027276425
0.0027276425
0.0030403130
0.0024149720
0.0027276425
0.0027276425
0.0036656539
0.0027276425
0.0024149720
0.0024149720
0.0024149720
0.0027276425
0.0027276425
0.0027276425
0.0027276425
0.0033529834
0.0024149720
0.0024149720
0.0027276425
0.0027276425
0.0024149720
0.0027276425
0.0030403130
0.0030403130
0.0024149720
0.0024149720
0.0030403130
0.0024149720
0.0033529834
0.0027276425
0.0027276425
0.0027276425
0.0027276425
0.0027276425
0.0030403130
0.0027276425
0.0027276425
0.0024149720
0.0027276425
0.0027276425
0.0027276425
0.0030403130
0.0030403130
0.0030403130
0.0027276425
0.0030403130
0.0030403130
0.0024149720
0.0027276425
0.0027276425
0.0021023016
0.0027276425
0.0027276425
0.0033529834
0.0027276425
0.0027276425
0.0027276425
0.0030403130
0.0027276425
0.0030403130
0.0033529834
0.0030403130
0.0027276425
0.0033529834
0.0027276425
0.0027276425
0.0027276425
0.0030403130
0.0027276425
0.0027276425
0.0030403130
0.0030403130
0.0033529834
0.0027276425
0.0030403130
0.0027276425
0.0027276425
0.0027276425
0.0030403130
0.0030403130
0.0033529834
0.0030403130
0.0030403130
0.0030403130
0.0030403130
0.0027276425
0.0027276425
0.0027276425
0.0027276425
0.0027276425
0.0030403130
0.0030403130
0.0024149720
0.0030403130
0.0027276425
0.0030403130
0.0030403130
0.0027276425
0.0024149720
0.0027276425
0.0027276425
0.0033529834
0.0027276425
0.0030403130
0.0027276425
0.0033529834
0.0033529834
0.0030403130
0.0027276425
0.0024149720
0.0027276425
0.0033529834
0.0027276425
0.0030403130
0.0030403130
0.0030403130
0.0027276425
0.0030403130
0.0030403130
0.0024149720
0.0030403130
0.0024149720
0.0030403130
0.0024149720
0.0027276425
0.0030403130
0.0027276425
0.0027276425
0.0024149720
0.0027276425
0.0027276425
0.0027276425
0.0030403130
0.0030403130
0.0027276425
0.0030403130
0.0021023016
0.0027276425
0.0030403130
0.0030403130
0.0027276425
0.0027276425
0.0027276425
0.0027276425
0.0030403130
0.0027276425
0.0027276425
0.0024149720
0.0027276425
0.0024149720
0.0027276425
0.0027276425
0.0027276425
0.0030403130
0.0027276425
0.0021023016
0.0030403130
0.0027276425
0.0030403130
0.0027276425
0.0027276425
0.0030403130
0.0027276425
0.0027276425
0.0027276425
0.0027276425
0.0030403130
0.0030403130
0.0030403130
0.0027276425
0.0036656539
0.0033529834
0.0030403130
0.0027276425
0.0030403130
0.0024149720
0.0030403130
0.0030403130
0.0027276425
0.0027276425
0.0033529834
0.0033529834
0.0030403130
0.0027276425
0.0030403130
0.0030403130
0.0033529834
0.0030403130
0.0030403130
0.0027276425
0.0027276425
0.0030403130
0.0027276425
0.0030403130
0.0033529834
0.0027276425
0.0036656539
0.0030403130
0.0030403130
0.0033529834
0.0027276425
0.0027276425
0.0027276425
0.0024149720
0.0030403130
0.0033529834
0.0030403130
0.0027276425
0.0030403130
0.0027276425
0.0030403130
0.0030403130
0.0030403130
0.0033529834
0.0030403130
0.0030403130
0.0027276425
0.0027276425
0.0027276425
0.0027276425
0.0030403130
0.0027276425
0.0027276425
0.0030403130
0.0030403130
0.0030403130
0.0027276425
0.0027276425
0.0027276425
0.0021023016
0.0030403130
0.0033529834
0.0027276425
0.0027276425
0.0027276425
0.0027276425
0.0024149720
0.0030403130
0.0033529834
0.0030403130
0.0030403130
0.0027276425
0.0030403130
0.0030403130
0.0027276425
0.0027276425
0.0030403130
0.0033529834
0.0027276425
0.0027276425
0.0030403130
0.0030403130
0.0027276425
0.0027276425
0.0030403130
0.0024149720
0.0030403130
0.0033529834
0.0027276425
0.0027276425
0.0030403130
0.0030403130
0.0027276425
0.0030403130
0.0030403130
0.0030403130
0.0030403130
0.0027276425
0.0027276425
0.0027276425
0.0027276425
0.0027276425
0.0030403130
0.0030403130
0.0033529834
0.0027276425
0.0030403130
0.0030403130
0.0030403130
0.0027276425
0.0027276425
0.0030403130
0.0030403130
0.0033529834
0.0027276425
0.0030403130
0.0027276425
0.0027276425
0.0030403130
0.0027276425
0.0033529834
0.0027276425
0.0033529834
0.0030403130
0.0027276425
0.0030403130
0.0024149720
0.0027276425
0.0030403130
0.0027276425
0.0027276425
0.0027276425
0.0027276425
0.0033529834
0.0027276425
0.0033529834
0.0030403130
0.0033529834
0.0027276425
0.0027276425
0.0027276425
0.0030403130
0.0030403130
0.0030403130
0.0030403130
0.0030403130
0.0030403130
0.0027276425
0.0033529834
0.0024149720
0.0033529834
0.0027276425
0.0030403130
0.0027276425
0.0027276425
0.0030403130
0.0027276425
0.0030403130
0.0033529834
0.0027276425
0.0030403130
0.0030403130
0.0030403130
0.0027276425
0.0033529834
0.0030403130
0.0030403130
0.0030403130
0.0030403130
0.0030403130
0.0027276425
0.0030403130
0.0030403130
0.0027276425
0.0027276425
0.0027276425
0.0030403130
0.0030403130
0.0027276425
0.0036656539
0.0030403130
0.0030403130
0.0027276425
0.0030403130
0.0027276425
0.0030403130
0.0027276425
0.0027276425
0.0033529834
0.0033529834
0.0027276425
0.0024149720
0.0024149720
0.0027276425
0.0027276425
0.0030403130
0.0027276425
0.0030403130
0.0027276425
0.0030403130
0.0027276425
0.0027276425
0.0030403130
0.0030403130
0.0024149720
0.0030403130
0.0030403130
0.0027276425
0.0030403130
0.0030403130
0.0027276425
0.0027276425
0.0030403130
0.0027276425
0.0030403130
0.0033529834
0.0030403130
0.0027276425
0.0027276425
0.0030403130
0.0030403130
0.0027276425
0.0033529834
0.0027276425
0.0027276425
0.0030403130
0.0027276425
0.0033529834
0.0033529834
0.0024149720
0.0030403130
0.0033529834
0.0033529834
0.0027276425
0.0027276425
0.0030403130
0.0027276425
0.0027276425
0.0030403130
0.0030403130
0.0033529834
0.0027276425
0.0033529834
0.0030403130
0.0030403130
0.0030403130
0.0027276425
0.0030403130
0.0033529834
0.0030403130
0.0027276425
0.0033529834
0.0033529834
0.0030403130
0.0027276425
0.0027276425
0.0027276425
0.0030403130
0.0030403130
0.0030403130
0.0030403130
0.0027276425
0.0027276425
0.0027276425
0.0033529834
0.0030403130
0.0027276425
0.0027276425
0.0027276425
0.0030403130
0.0027276425
0.0027276425
0.0030403130
0.0027276425
0.0027276425
0.0030403130
0.0030403130
0.0027276425
0.0030403130
0.0030403130
0.0030403130
0.0027276425
0.0030403130
0.0033529834
0.0027276425
0.0027276425
0.0030403130
0.0030403130
0.0033529834
0.0027276425
0.0030403130
0.0027276425
0.0027276425
0.0033529834
0.0030403130
0.0030403130
0.0030403130
0.0030403130
0.0033529834
0.0027276425
0.0030403130
0.0030403130
0.0030403130
0.0027276425
0.0027276425
0.0030403130
0.0030403130
0.0027276425
0.0033529834
0.0030403130
0.0030403130
0.0030403130
0.0027276425
0.0030403130
0.0033529834
0.0033529834
0.0027276425
0.0027276425
0.0024149720
0.0030403130
0.0033529834
0.0030403130
0.0030403130
0.0030403130
0.0027276425
0.0030403130
0.0033529834
0.0030403130
0.0027276425
0.0027276425
0.0027276425
0.0027276425
0.0027276425
0.0033529834
0.0030403130
0.0030403130
0.0027276425
0.0027276425
0.0030403130
0.0027276425
0.0027276425
0.0030403130
0.0033529834
0.0027276425
0.0027276425
0.0030403130
0.0027276425
0.0030403130
0.0027276425
0.0030403130
0.0030403130
0.0027276425
0.0027276425
0.0030403130
0.0030403130
0.0027276425
0.0027276425
0.0030403130
0.0030403130
0.0030403130
0.0030403130
0.0033529834
0.0030403130
0.0030403130
0.0027276425
0.0030403130
0.0027276425
0.0027276425
0.0027276425
0.0030403130
0.0033529834
0.0030403130
0.0027276425
0.0033529834
0.0030403130
0.0030403130
0.0033529834
0.0030403130
0.0027276425
0.0033529834
0.0030403130
0.0030403130
0.0033529834
0.0027276425
0.0030403130
0.0033529834
0.0030403130
0.0030403130
0.0030403130
0.0030403130
0.0030403130
0.0033529834
0.0030403130
0.0033529834
0.0030403130
0.0030403130
0.0030403130
0.0030403130
0.0027276425
0.0027276425
0.0033529834
0.0027276425
0.0033529834
0.0030403130
0.0030403130
0.0027276425
0.0033529834
0.0030403130
0.0033529834
0.0030403130
0.0027276425
0.0027276425
0.0030403130
0.0027276425
0.0027276425
0.0027276425
0.0027276425
0.0030403130
0.0027276425
0.0027276425
0.0036656539
0.0033529834
0.0027276425
0.0030403130
0.0033529834
0.0030403130
0.0030403130
0.0033529834
0.0030403130
0.0030403130
0.0027276425
0.0030403130
0.0030403130
0.0030403130
0.0027276425
0.0027276425
0.0027276425
0.0027276425
0.0027276425
0.0027276425
0.0027276425
0.0030403130
0.0030403130
0.0027276425
0.0033529834
0.0033529834
0.0027276425
0.0030403130
0.0030403130
0.0030403130
0.0030403130
0.0030403130
0.0030403130
0.0030403130
0.0030403130
0.0030403130
0.0021023016
0.0030403130
0.0030403130
0.0030403130
0.0027276425
0.0027276425
0.0033529834
0.0033529834
0.0027276425
0.0027276425
0.0027276425
0.0030403130
0.0030403130
0.0027276425
0.0027276425
0.0033529834
0.0033529834
0.0030403130
0.0030403130
0.0030403130
0.0024149720
0.0027276425
0.0027276425
0.0030403130
0.0027276425
0.0033529834
0.0027276425
0.0030403130
0.0030403130
0.0030403130
0.0030403130
0.0033529834
0.0033529834
0.0027276425
0.0030403130
0.0030403130
0.0033529834
0.0030403130
0.0030403130
0.0030403130
0.0027276425
0.0030403130
0.0033529834
0.0033529834
0.0033529834
0.0030403130
0.0033529834
0.0030403130
0.0033529834
0.0030403130
0.0030403130
0.0030403130
0.0030403130
0.0027276425
0.0030403130
0.0030403130
0.0027276425
0.0030403130
0.0030403130
0.0033529834
0.0030403130
0.0027276425
0.0033529834
0.0030403130
0.0024149720
0.0027276425
0.0027276425
0.0033529834
0.0027276425
0.0024149720
0.0030403130
0.0033529834
0.0030403130
0.0030403130
0.0030403130
0.0030403130
0.0030403130
0.0030403130
0.0033529834
0.0036656539
0.0027276425
0.0027276425
0.0027276425
0.0030403130
0.0030403130
0.0033529834
0.0027276425
0.0033529834
0.0033529834
0.0027276425
0.0030403130
0.0027276425
0.0030403130
0.0030403130
0.0030403130
0.0033529834
0.0033529834
0.0030403130
0.0027276425
0.0027276425
0.0033529834
0.0027276425
0.0024149720
0.0027276425
0.0033529834
0.0027276425
0.0027276425
0.0030403130
0.0027276425
0.0027276425
0.0030403130
0.0027276425
0.0033529834
0.0027276425
0.0033529834
0.0030403130
0.0027276425
0.0033529834
0.0030403130
0.0030403130
0.0030403130
0.0033529834
0.0033529834
0.0027276425
0.0027276425
0.0030403130
0.0030403130
0.0030403130
0.0033529834
0.0030403130
0.0027276425
0.0030403130
0.0030403130
0.0033529834
0.0027276425
0.0027276425
0.0036656539
0.0030403130
0.0027276425
0.0030403130
0.0024149720
0.0027276425
0.0027276425
0.0030403130
0.0030403130
0.0030403130
0.0033529834
0.0027276425
0.0027276425
0.0030403130
0.0027276425
0.0033529834
0.0033529834
0.0033529834
0.0030403130
0.0030403130
0.0033529834
0.0030403130
0.0027276425
0.0033529834
0.0027276425
0.0030403130
0.0030403130
0.0030403130
0.0027276425
0.0030403130
0.0027276425
0.0033529834
0.0030403130
0.0030403130
0.0027276425
0.0030403130
0.0027276425
0.0033529834
0.0033529834
0.0042909949
0.0033529834
0.0030403130
0.0027276425
0.0030403130
0.0027276425
0.0024149720
0.0027276425
0.0027276425
0.0027276425
0.0030403130
0.0027276425
0.0030403130
0.0030403130
0.0030403130
0.0024149720
0.0030403130
0.0030403130
0.0027276425
0.0030403130
0.0030403130
0.0033529834
0.0027276425
0.0030403130
0.0030403130
0.0030403130
0.0024149720
0.0030403130
0.0027276425
0.0030403130
0.0030403130
0.0024149720
0.0027276425
0.0027276425
0.0027276425
0.0027276425
0.0030403130
0.0030403130
0.0027276425
0.0030403130
0.0030403130
0.0027276425
0.0027276425
0.0033529834
0.0030403130
0.0027276425
0.0027276425
0.0033529834
0.0030403130
0.0027276425
0.0027276425
0.0036656539
0.0030403130
0.0027276425
0.0030403130
0.0030403130
0.0027276425
0.0030403130
0.0033529834
0.0027276425
0.0030403130
0.0027276425
0.0030403130
0.0030403130
0.0030403130
0.0030403130
0.0027276425
0.0030403130
0.0030403130
0.0033529834
0.0027276425
0.0030403130
0.0033529834
0.0027276425
0.0030403130
0.0027276425
0.0027276425
0.0027276425
0.0033529834
0.0027276425
0.0027276425
0.0033529834
0.0027276425
0.0030403130
0.0030403130
0.0027276425
0.0027276425
0.0033529834
0.0033529834
0.0030403130
0.0030403130
0.0030403130
0.0033529834
0.0033529834
0.0030403130
0.0024149720
0.0030403130
0.0030403130
0.0030403130
0.0030403130
0.0030403130
0.0027276425
0.0030403130
0.0024149720
0.0033529834
0.0027276425
0.0027276425
0.0030403130
0.0033529834
0.0027276425
0.0033529834
0.0033529834
0.0027276425
0.0033529834
0.0033529834
0.0027276425
0.0027276425
0.0024149720
0.0027276425
0.0027276425
0.0030403130
0.0027276425
0.0027276425
0.0033529834
0.0036656539
0.0024149720
0.0030403130
0.0027276425
0.0033529834
0.0024149720
0.0030403130
0.0027276425
0.0027276425
0.0030403130
0.0027276425
0.0030403130
0.0030403130
0.0030403130
0.0030403130
0.0027276425
0.0027276425
0.0030403130
0.0030403130
0.0030403130
0.0027276425
0.0030403130
0.0027276425
0.0030403130
0.0030403130
0.0033529834
0.0027276425
0.0030403130
0.0027276425
0.0033529834
0.0030403130
0.0027276425
0.0033529834
0.0030403130
0.0027276425
0.0027276425
0.0027276425
0.0030403130
0.0027276425
0.0027276425
0.0030403130
0.0030403130
0.0030403130
0.0030403130
0.0030403130
0.0030403130
0.0030403130
0.0033529834
0.0030403130
0.0030403130
0.0027276425
0.0021023016
0.0030403130
0.0027276425
0.0033529834
0.0030403130
0.0033529834
0.0033529834
0.0033529834
0.0030403130
0.0030403130
0.0027276425
0.0030403130
0.0030403130
0.0030403130
0.0027276425
0.0030403130
0.0033529834
0.0027276425
0.0027276425
0.0027276425
0.0027276425
0.0030403130
0.0027276425
0.0027276425
0.0030403130
0.0027276425
0.0036656539
0.0030403130
0.0033529834
0.0027276425
0.0030403130
0.0036656539
0.0030403130
0.0024149720
0.0030403130
0.0033529834
0.0030403130
0.0030403130
0.0030403130
0.0033529834
0.0027276425
0.0027276425
0.0033529834
0.0030403130
0.0027276425
0.0030403130
0.0027276425
0.0027276425
0.0033529834
0.0030403130
0.0027276425
0.0033529834
0.0030403130
0.0027276425
0.0030403130
0.0030403130
0.0030403130
0.0021023016
0.0030403130
0.0030403130
0.0030403130
0.0030403130
0.0024149720
0.0027276425
0.0027276425
0.0033529834
0.0027276425
0.0030403130
0.0030403130
0.0027276425
0.0030403130
0.0027276425
0.0030403130
0.0033529834
0.0027276425
0.0024149720
0.0030403130
0.0030403130
0.0030403130
0.0024149720
0.0030403130
0.0030403130
0.0030403130
0.0030403130
0.0027276425
0.0030403130
0.0027276425
0.0027276425
0.0027276425
0.0027276425
0.0030403130
0.0027276425
0.0027276425
0.0027276425
0.0024149720
0.0030403130
0.0027276425
0.0033529834
0.0030403130
0.0030403130
0.0027276425
0.0027276425
0.0027276425
0.0030403130
0.0024149720
0.0024149720
0.0033529834
0.0030403130
0.0033529834
0.0027276425
0.0030403130
0.0033529834
0.0027276425
0.0030403130
0.0030403130
0.0030403130
0.0027276425
0.0030403130
0.0033529834
0.0024149720
0.0027276425
0.0030403130
0.0033529834
0.0030403130
0.0030403130
0.0027276425
0.0027276425
0.0030403130
0.0036656539
0.0030403130
0.0027276425
0.0027276425
0.0027276425
0.0027276425
0.0027276425
0.0030403130
0.0030403130
0.0030403130
0.0033529834
0.0030403130
0.0030403130
0.0027276425
0.0036656539
0.0030403130
0.0030403130
0.0024149720
0.0030403130
0.0030403130
0.0027276425
0.0033529834
0.0027276425
0.0030403130
0.0024149720
0.0024149720
0.0030403130
0.0027276425
0.0033529834
0.0030403130
0.0033529834
0.0030403130
0.0027276425
0.0030403130
0.0024149720
0.0024149720
0.0030403130
0.0030403130
0.0027276425
0.0030403130
0.0030403130
0.0027276425
0.0030403130
0.0027276425
0.0027276425
0.0027276425
0.0027276425
0.0030403130
0.0030403130
0.0027276425
0.0030403130
0.0030403130
0.0030403130
0.0027276425
0.0024149720
0.0030403130
0.0030403130
0.0024149720
0.0027276425
0.0027276425
0.0027276425
0.0024149720
0.0027276425
0.0027276425
0.0027276425
0.0027276425
0.0027276425
0.0027276425
0.0030403130
0.0033529834
0.0030403130
0.0030403130
0.0033529834
0.0033529834
0.0033529834
0.0027276425
0.0027276425
0.0033529834
0.0030403130
0.0027276425
0.0033529834
0.0027276425
0.0030403130
0.0030403130
0.0033529834
0.0027276425
0.0027276425
0.0030403130
0.0027276425
0.0027276425
0.0030403130
0.0027276425
0.0030403130
0.0030403130
0.0027276425
0.0033529834
0.0030403130
0.0027276425
0.0030403130
0.0027276425
0.0027276425
0.0030403130
0.0027276425
0.0027276425
0.0030403130
0.0030403130
0.0030403130
0.0033529834
0.0027276425
0.0030403130
0.0024149720
0.0027276425
0.0030403130
0.0033529834
0.0033529834
0.0027276425
0.0027276425
0.0027276425
0.0027276425
0.0030403130
0.0024149720
0.0030403130
0.0030403130
0.0027276425
0.0024149720
0.0027276425
0.0030403130
0.0030403130
0.0027276425
0.0033529834
0.0030403130
0.0027276425
0.0027276425
0.0024149720
0.0027276425
0.0027276425
0.0027276425
0.0030403130
0.0027276425
0.0030403130
0.0033529834
0.0027276425
0.0030403130
0.0027276425
0.0027276425
0.0030403130
0.0027276425
0.0024149720
0.0030403130
0.0027276425
0.0030403130
0.0030403130
0.0030403130
0.0027276425
0.0030403130
0.0024149720
0.0027276425
0.0027276425
0.0030403130
0.0030403130
0.0030403130
0.0033529834
0.0030403130
0.0033529834
0.0027276425
0.0033529834
0.0030403130
0.0027276425
0.0033529834
0.0030403130
0.0027276425
0.0030403130
0.0030403130
0.0033529834
0.0027276425
0.0024149720
0.0030403130
0.0033529834
0.0030403130
0.0030403130
0.0030403130
0.0033529834
0.0027276425
0.0030403130
0.0027276425
0.0030403130
0.0033529834
0.0027276425
0.0033529834
0.0033529834
0.0027276425
0.0027276425
0.0030403130
0.0033529834
0.0030403130
0.0027276425
0.0027276425
0.0030403130
0.0033529834
0.0027276425
0.0027276425
0.0027276425
0.0027276425
0.0030403130
0.0030403130
0.0033529834
0.0027276425
0.0027276425
0.0027276425
0.0036656539
0.0027276425
0.0030403130
0.0027276425
0.0027276425
0.0030403130
0.0033529834
0.0024149720
0.0027276425
0.0027276425
0.0030403130
0.0030403130
0.0027276425
0.0027276425
0.0030403130
0.0030403130
0.0027276425
0.0030403130
0.0024149720
0.0033529834
0.0027276425
0.0030403130
0.0021023016
0.0024149720
0.0027276425
0.0027276425
0.0033529834
0.0027276425
0.0024149720
0.0027276425
0.0027276425
0.0033529834
0.0024149720
0.0027276425
0.0033529834
0.0030403130
0.0030403130
0.0027276425
0.0024149720
0.0027276425
0.0027276425
0.0030403130
0.0021023016
0.0027276425
0.0030403130
0.0027276425
0.0027276425
0.0027276425
0.0030403130
0.0027276425
0.0024149720
0.0030403130
0.0027276425
0.0030403130
0.0027276425
0.0027276425
0.0030403130
0.0027276425
0.0033529834
0.0030403130
0.0033529834
0.0030403130
0.0033529834
0.0027276425
0.0027276425
0.0024149720
0.0033529834
0.0033529834
0.0033529834
0.0030403130
0.0027276425
0.0027276425
0.0030403130
0.0024149720
0.0030403130
0.0030403130
0.0033529834
0.0027276425
0.0027276425
0.0027276425
0.0030403130
0.0027276425
0.0033529834
0.0030403130
0.0027276425
0.0030403130
0.0024149720
0.0030403130
0.0030403130
0.0030403130
0.0030403130
0.0027276425
0.0030403130
0.0030403130
0.0030403130
0.0030403130
0.0033529834
0.0024149720
0.0030403130
0.0027276425
0.0030403130
0.0027276425
0.0027276425
0.0027276425
0.0027276425
0.0030403130
0.0030403130
0.0030403130
0.0027276425
0.0030403130
0.0027276425
0.0033529834
0.0030403130
0.0030403130
0.0027276425
0.0027276425
0.0030403130
0.0024149720
0.0033529834
0.0033529834
0.0027276425
0.0030403130
0.0027276425
0.0027276425
0.0030403130
0.0033529834
0.0030403130
0.0027276425
0.0027276425
0.0027276425
0.0027276425
0.0033529834
0.0027276425
0.0027276425
0.0024149720
0.0033529834
0.0027276425
0.0030403130
0.0030403130
0.0033529834
0.0027276425
0.0030403130
0.0027276425
0.0027276425
0.0030403130
0.0027276425
0.0024149720
0.0027276425
0.0030403130
0.0027276425
0.0027276425
0.0030403130
0.0030403130
0.0030403130
0.0027276425
0.0027276425
0.0027276425
0.0030403130
0.0027276425
0.0027276425
0.0030403130
0.0033529834
0.0030403130
0.0027276425
0.0024149720
0.0030403130
0.0027276425
0.0030403130
0.0030403130
0.0027276425
0.0030403130
0.0027276425
0.0027276425
0.0027276425
0.0030403130
0.0027276425
0.0027276425
0.0027276425
0.0024149720
0.0030403130
0.0027276425
0.0030403130
0.0027276425
0.0027276425
0.0027276425
0.0027276425
0.0027276425
0.0027276425
0.0030403130
0.0027276425
0.0027276425
0.0030403130
0.0027276425
0.0021023016
0.0030403130
0.0033529834
0.0030403130
0.0030403130
0.0024149720
0.0027276425
0.0030403130
0.0027276425
0.0027276425
0.0027276425
0.0030403130
0.0036656539
0.0027276425
0.0027276425
0.0030403130
0.0027276425
0.0027276425
0.0027276425
0.0030403130
0.0030403130
0.0030403130
0.0030403130
0.0030403130
0.0027276425
0.0027276425
0.0027276425
0.0030403130
0.0033529834
0.0030403130
0.0027276425
0.0024149720
0.0030403130
0.0030403130
0.0027276425
0.0027276425
0.0027276425
0.0033529834
0.0027276425
0.0024149720
0.0027276425
0.0027276425
0.0033529834
0.0030403130
0.0027276425
0.0027276425
0.0030403130
0.0030403130
0.0027276425
0.0030403130
0.0024149720
0.0030403130
0.0036656539
0.0024149720
0.0027276425
0.0027276425
0.0027276425
0.0030403130
0.0027276425
0.0030403130
0.0030403130
0.0027276425
0.0030403130
0.0030403130
0.0027276425
0.0030403130
0.0030403130
0.0027276425
0.0033529834
0.0027276425
0.0027276425
0.0030403130
0.0030403130
0.0027276425
0.0027276425
0.0030403130
0.0030403130
0.0027276425
0.0030403130
0.0024149720
0.0030403130
0.0033529834
0.0027276425
0.0030403130
0.0027276425
0.0030403130
0.0027276425
0.0027276425
0.0027276425
0.0027276425
0.0030403130
0.0027276425
0.0030403130
0.0027276425
0.0027276425
0.0027276425
0.0033529834
0.0024149720
0.0027276425
0.0027276425
0.0033529834
0.0030403130
0.0024149720
0.0033529834
0.0030403130
0.0027276425
0.0027276425
0.0033529834
0.0030403130
0.0027276425
0.0033529834
0.0027276425
0.0033529834
0.0027276425
0.0030403130
0.0027276425
0.0027276425
0.0027276425
0.0027276425
0.0027276425
0.0027276425
0.0027276425
0.0030403130
0.0030403130
0.0030403130
0.0027276425
0.0030403130
0.0024149720
0.0033529834
0.0030403130
0.0027276425
0.0024149720
0.0033529834
0.0027276425
0.0030403130
0.0030403130
0.0033529834
0.0027276425
0.0030403130
0.0027276425
0.0030403130
0.0030403130
0.0030403130
0.0027276425
0.0024149720
0.0027276425
0.0030403130
0.0027276425
0.0033529834
0.0027276425
0.0030403130
0.0030403130
0.0030403130
0.0024149720
0.0033529834
0.0027276425
0.0027276425
0.0027276425
0.0030403130
0.0021023016
0.0027276425
0.0027276425
0.0033529834
0.0027276425
0.0030403130
0.0027276425
0.0027276425
0.0030403130
0.0027276425
0.0030403130
0.0027276425
0.0024149720
0.0027276425
0.0033529834
0.0027276425
0.0027276425
0.0030403130
0.0027276425
0.0027276425
0.0027276425
0.0030403130
0.0030403130
0.0024149720
0.0027276425
0.0030403130
0.0033529834
0.0027276425
0.0030403130
0.0027276425
0.0030403130
0.0030403130
0.0030403130
0.0030403130
0.0027276425
0.0030403130
0.0030403130
0.0027276425
0.0027276425
0.0024149720
0.0024149720
0.0030403130
0.0030403130
0.0030403130
0.0033529834
0.0027276425
0.0030403130
0.0027276425
0.0030403130
0.0030403130
0.0027276425
0.0030403130
0.0030403130
0.0027276425
0.0027276425
0.0027276425
0.0027276425
0.0027276425
0.0027276425
0.0027276425
0.0027276425
0.0027276425
0.0027276425
0.0024149720
0.0027276425
0.0027276425
0.0027276425
0.0036656539
0.0024149720
0.0030403130
0.0030403130
0.0030403130
0.0024149720
0.0027276425
0.0027276425
0.0030403130
0.0027276425
0.0036656539
0.0027276425
0.0027276425
0.0027276425
0.0027276425
0.0027276425
0.0027276425
0.0024149720
0.0027276425
0.0030403130
0.0024149720
0.0027276425
0.0027276425
0.0024149720
0.0027276425
0.0030403130
0.0030403130
0.0027276425
0.0030403130
0.0027276425
0.0027276425
0.0027276425
0.0027276425
0.0033529834
0.0033529834
0.0030403130
0.0033529834
0.0030403130
0.0027276425
0.0027276425
0.0024149720
0.0030403130
0.0030403130
0.0027276425
0.0030403130
0.0030403130
0.0030403130
0.0030403130
0.0027276425
0.0027276425
0.0027276425
0.0030403130
0.0030403130
0.0030403130
0.0024149720
0.0027276425
0.0030403130
0.0027276425
0.0030403130
0.0027276425
0.0033529834
0.0027276425
0.0033529834
0.0027276425
0.0030403130
0.0030403130
0.0030403130
0.0027276425
0.0027276425
0.0030403130
0.0030403130
0.0027276425
0.0027276425
0.0027276425
0.0027276425
0.0027276425
0.0030403130
0.0027276425
0.0030403130
0.0024149720
0.0033529834
0.0027276425
0.0024149720
0.0036656539
0.0027276425
0.0027276425
0.0030403130
0.0027276425
0.0027276425
0.0033529834
0.0030403130
0.0027276425
0.0027276425
0.0030403130
0.0030403130
0.0027276425
0.0030403130
0.0027276425
0.0033529834
0.0027276425
0.0027276425
0.0024149720
0.0033529834
0.0030403130
0.0021023016
0.0030403130
0.0033529834
0.0027276425
0.0027276425
0.0027276425
0.0027276425
0.0027276425
0.0030403130
0.0024149720
0.0030403130
0.0024149720
0.0027276425
0.0030403130
0.0027276425
0.0027276425
0.0033529834
0.0027276425
0.0030403130
0.0027276425
0.0030403130
0.0033529834
0.0030403130
0.0027276425
0.0024149720
0.0033529834
0.0024149720
0.0027276425
0.0027276425
0.0030403130
0.0024149720
0.0030403130
0.0027276425
0.0027276425
0.0027276425
0.0024149720
0.0027276425
0.0030403130
0.0027276425
0.0027276425
0.0033529834
0.0033529834
0.0030403130
0.0027276425
0.0030403130
0.0027276425
0.0027276425
0.0030403130
0.0027276425
0.0030403130
0.0027276425
0.0027276425
0.0030403130
0.0024149720
0.0027276425
0.0030403130
0.0027276425
0.0030403130
0.0030403130
0.0027276425
0.0027276425
0.0024149720
0.0030403130
0.0030403130
0.0027276425
0.0024149720
0.0027276425
0.0027276425
0.0033529834
0.0030403130
0.0030403130
0.0030403130
0.0027276425
0.0027276425
0.0024149720
0.0030403130
0.0027276425
0.0024149720
0.0024149720
0.0027276425
0.0024149720
0.0033529834
0.0027276425
0.0027276425
0.0024149720
0.0024149720
0.0027276425
0.0027276425
0.0027276425
0.0030403130
0.0030403130
0.0027276425
0.0027276425
0.0027276425
0.0030403130
0.0024149720
0.0024149720
0.0027276425
0.0024149720
0.0033529834
0.0027276425
0.0027276425
0.0030403130
0.0024149720
0.0030403130
0.0027276425
0.0030403130
0.0027276425
0.0030403130
0.0030403130
0.0027276425
0.0030403130
0.0024149720
0.0030403130
0.0027276425
0.0027276425
0.0030403130
0.0027276425
0.0033529834
0.0027276425
0.0027276425
0.0033529834
0.0027276425
0.0027276425
0.0027276425
0.0033529834
0.0027276425
0.0027276425
0.0027276425
0.0024149720
0.0030403130
0.0027276425
0.0027276425
0.0030403130
0.0027276425
0.0024149720
0.0030403130
0.0024149720
0.0027276425
0.0024149720
0.0033529834
0.0030403130
0.0033529834
0.0027276425
0.0030403130
0.0024149720
0.0027276425
0.0027276425
0.0027276425
0.0027276425
0.0027276425
0.0030403130
0.0033529834
0.0024149720
0.0021023016
0.0027276425
0.0033529834
0.0027276425
0.0027276425
0.0027276425
0.0027276425
0.0024149720
0.0027276425
0.0024149720
0.0033529834
0.0030403130
0.0027276425
0.0024149720
0.0027276425
0.0027276425
0.0030403130
0.0030403130
0.0027276425
0.0024149720
0.0027276425
0.0027276425
0.0024149720
0.0030403130
0.0027276425
0.0027276425
0.0027276425
0.0021023016
0.0027276425
0.0024149720
0.0027276425
0.0027276425
0.0027276425
0.0030403130
0.0027276425
0.0027276425
0.0030403130
0.0027276425
0.0027276425
0.0027276425
0.0030403130
0.0030403130
0.0024149720
0.0030403130
0.0027276425
0.0024149720
0.0033529834
0.0027276425
0.0027276425
0.0027276425
0.0030403130
0.0027276425
0.0027276425
0.0027276425
0.0033529834
0.0027276425
0.0033529834
0.0027276425
0.0030403130
0.0027276425
0.0030403130
0.0027276425
0.0024149720
0.0027276425
0.0030403130
0.0027276425
0.0027276425
0.0027276425
0.0027276425
0.0030403130
0.0027276425
0.0027276425
0.0027276425
0.0024149720
0.0033529834
0.0027276425
0.0027276425
0.0027276425
0.0027276425
0.0027276425
0.0033529834
0.0027276425
0.0030403130
0.0030403130
0.0027276425
0.0030403130
0.0030403130
0.0027276425
0.0027276425
0.0027276425
0.0027276425
0.0030403130
0.0027276425
0.0027276425
0.0027276425
0.0027276425
0.0027276425
0.0030403130
0.0027276425
0.0027276425
0.0027276425
0.0021023016
0.0027276425
0.0030403130
0.0027276425
0.0024149720
0.0030403130
0.0027276425
0.0030403130
0.0027276425
0.0027276425
0.0030403130
0.0030403130
0.0027276425
0.0027276425
0.0027276425
0.0027276425
0.0030403130
0.0024149720
0.0027276425
0.0030403130
0.0024149720
0.0027276425
0.0033529834
0.0027276425
0.0030403130
0.0027276425
0.0027276425
0.0027276425
0.0030403130
0.0027276425
0.0024149720
0.0027276425
0.0030403130
0.0027276425
0.0027276425
0.0027276425
0.0027276425
0.0033529834
0.0024149720
0.0030403130
0.0030403130
0.0030403130
0.0033529834
0.0030403130
0.0027276425
0.0030403130
0.0027276425
0.0030403130
0.0027276425
0.0030403130
0.0030403130
0.0030403130
0.0027276425
0.0027276425
0.0027276425
0.0030403130
0.0027276425
0.0030403130
0.0027276425
0.0030403130
0.0030403130
0.0027276425
0.0030403130
0.0030403130
0.0027276425
0.0027276425
0.0027276425
0.0027276425
0.0030403130
0.0027276425
0.0027276425
0.0024149720
0.0027276425
0.0024149720
0.0027276425
0.0024149720
0.0027276425
0.0024149720
0.0027276425
0.0027276425
0.0027276425
0.0030403130
0.0027276425
0.0033529834
0.0024149720
0.0027276425
0.0027276425
0.0027276425
0.0027276425
0.0027276425
0.0030403130
0.0027276425
0.0030403130
0.0030403130
0.0027276425
0.0024149720
0.0027276425
0.0027276425
0.0027276425
0.0030403130
0.0024149720
0.0030403130
0.0024149720
0.0030403130
0.0027276425
0.0027276425
0.0027276425
0.0027276425
0.0024149720
0.0027276425
0.0024149720
0.0027276425
0.0030403130
0.0027276425
0.0030403130
0.0027276425
0.0027276425
0.0030403130
0.0027276425
0.0027276425
0.0027276425
0.0027276425
0.0030403130
0.0024149720
0.0024149720
0.0033529834
0.0024149720
0.0027276425
0.0027276425
0.0027276425
0.0027276425
0.0030403130
0.0030403130
0.0027276425
0.0027276425
0.0033529834
0.0030403130
0.0030403130
0.0027276425
0.0027276425
0.0024149720
0.0027276425
0.0033529834
0.0027276425
0.0030403130
0.0030403130
0.0027276425
0.0027276425
0.0027276425
0.0024149720
0.0030403130
0.0027276425
0.0027276425
0.0030403130
0.0027276425
0.0030403130
0.0027276425
0.0030403130
0.0024149720
0.0027276425
0.0030403130
0.0027276425
0.0027276425
0.0024149720
0.0027276425
0.0030403130
0.0024149720
0.0027276425
0.0027276425
0.0030403130
0.0024149720
0.0027276425
0.0030403130
0.0027276425
0.0027276425
0.0021023016
0.0027276425
0.0027276425
0.0027276425
0.0027276425
0.0027276425
0.0027276425
0.0024149720
0.0027276425
0.0027276425
0.0024149720
0.0033529834
0.0027276425
0.0027276425
0.0027276425
0.0027276425
0.0030403130
0.0030403130
0.0033529834
0.0027276425
0.0027276425
0.0024149720
0.0027276425
0.0030403130
0.0033529834
0.0027276425
0.0027276425
0.0027276425
0.0024149720
0.0030403130
0.0030403130
0.0027276425
0.0027276425
0.0030403130
0.0033529834
0.0027276425
0.0027276425
0.0027276425
0.0030403130
0.0027276425
0.0027276425
0.0030403130
0.0027276425
0.0030403130
0.0027276425
0.0024149720
0.0027276425
0.0027276425
0.0030403130
0.0027276425
0.0027276425
0.0030403130
0.0030403130
0.0024149720
0.0024149720
0.0030403130
0.0027276425
0.0024149720
0.0030403130
0.0027276425
0.0024149720
0.0027276425
0.0027276425
0.0030403130
0.0027276425
0.0027276425
0.0030403130
0.0024149720
0.0024149720
0.0030403130
0.0027276425
0.0024149720
0.0027276425
0.0030403130
0.0027276425
0.0027276425
0.0027276425
0.0024149720
0.0024149720
0.0027276425
0.0027276425
0.0030403130
0.0027276425
0.0027276425
0.0027276425
0.0030403130
0.0027276425
0.0027276425
0.0027276425
0.0027276425
0.0027276425
0.0030403130
0.0030403130
0.0024149720
0.0027276425
0.0027276425
0.0027276425
0.0027276425
0.0027276425
0.0030403130
0.0024149720
0.0030403130
0.0027276425
0.0027276425
0.0027276425
0.0027276425
0.0027276425
0.0024149720
0.0033529834
0.0027276425
0.0024149720
0.0027276425
0.0027276425
0.0030403130
0.0027276425
0.0027276425
0.0027276425
0.0027276425
0.0027276425
0.0027276425
0.0027276425
0.0027276425
0.0030403130
0.0027276425
0.0030403130
0.0030403130
0.0027276425
0.0027276425
0.0024149720
0.0024149720
0.0024149720
0.0027276425
0.0030403130
0.0030403130
0.0027276425
0.0024149720
0.0030403130
0.0027276425
0.0024149720
0.0027276425
0.0027276425
0.0027276425
0.0027276425
0.0027276425
0.0027276425
0.0024149720
0.0027276425
0.0027276425
0.0030403130
0.0021023016
0.0033529834
0.0027276425
0.0027276425
0.0030403130
0.0027276425
0.0027276425
0.0027276425
0.0027276425
0.0027276425
0.0027276425
0.0027276425
0.0027276425
0.0027276425
0.0027276425
0.0027276425
0.0030403130
0.0024149720
0.0027276425
0.0033529834
0.0030403130
0.0027276425
0.0027276425
0.0027276425
0.0027276425
0.0030403130
0.0027276425
0.0030403130
0.0027276425
0.0024149720
0.0030403130
0.0024149720
0.0027276425
0.0024149720
0.0030403130
0.0027276425
0.0024149720
0.0027276425
0.0024149720
0.0027276425
0.0024149720
0.0027276425
0.0027276425
0.0030403130
0.0027276425
0.0030403130
0.0030403130
0.0027276425
0.0027276425
0.0021023016
0.0024149720
0.0024149720
0.0021023016
0.0021023016
0.0024149720
0.0027276425
0.0021023016
0.0030403130
0.0027276425
0.0027276425
0.0024149720
0.0030403130
0.0027276425
0.0030403130
0.0030403130
0.0030403130
0.0027276425
0.0030403130
0.0024149720
0.0030403130
0.0024149720
0.0027276425
0.0027276425
0.0030403130
0.0027276425
0.0027276425
0.0024149720
0.0027276425
0.0024149720
0.0030403130
0.0030403130
0.0027276425
0.0027276425
0.0027276425
0.0030403130
0.0021023016
0.0030403130
0.0027276425
0.0027276425
0.0030403130
0.0027276425
0.0030403130
0.0030403130
0.0027276425
0.0027276425
0.0027276425
0.0030403130
0.0030403130
0.0027276425
0.0027276425
0.0027276425
0.0027276425
0.0033529834
0.0027276425
0.0027276425
0.0024149720
0.0030403130
0.0027276425
0.0027276425
0.0030403130
0.0027276425
0.0027276425
0.0027276425
0.0030403130
0.0027276425
0.0030403130
0.0030403130
0.0030403130
0.0030403130
0.0027276425
0.0027276425
0.0027276425
0.0027276425
0.0024149720
0.0027276425
0.0024149720
0.0027276425
0.0027276425
0.0030403130
0.0030403130
0.0024149720
0.0030403130
0.0024149720
0.0030403130
0.0027276425
0.0027276425
0.0027276425
0.0027276425
0.0024149720
0.0027276425
0.0027276425
0.0027276425
0.0027276425
0.0030403130
0.0030403130
0.0027276425
0.0027276425
0.0027276425
0.0027276425
0.0027276425
0.0024149720
0.0027276425
0.0024149720
0.0027276425
0.0027276425
0.0027276425
0.0030403130
0.0024149720
0.0030403130
0.0027276425
0.0030403130
0.0033529834
0.0027276425
0.0030403130
0.0030403130
0.0021023016
0.0030403130
0.0024149720
0.0027276425
0.0027276425
0.0027276425
0.0027276425
0.0027276425
0.0027276425
0.0030403130
0.0027276425
0.0027276425
0.0027276425
0.0027276425
0.0030403130
0.0024149720
0.0027276425
0.0027276425
0.0027276425
0.0027276425
0.0024149720
0.0027276425
0.0024149720
0.0030403130
0.0024149720
0.0027276425
0.0024149720
0.0024149720
0.0027276425
0.0027276425
0.0033529834
0.0027276425
0.0024149720
0.0027276425
0.0024149720
0.0027276425
0.0027276425
0.0027276425
0.0024149720
0.0024149720
0.0030403130
0.0027276425
0.0033529834
0.0030403130
0.0027276425
0.0027276425
0.0030403130
0.0027276425
0.0021023016
0.0021023016
0.0027276425
0.0024149720
0.0027276425
0.0027276425
0.0033529834
0.0027276425
0.0033529834
0.0027276425
0.0024149720
0.0027276425
0.0024149720
0.0024149720
0.0024149720
0.0027276425
0.0027276425
0.0027276425
0.0033529834
0.0027276425
0.0027276425
0.0021023016
0.0027276425
0.0030403130
0.0030403130
0.0033529834
0.0030403130
0.0030403130
0.0030403130
0.0027276425
0.0030403130
0.0027276425
0.0024149720
0.0030403130
0.0030403130
0.0033529834
0.0033529834
0.0027276425
0.0024149720
0.0024149720
0.0027276425
0.0030403130
0.0027276425
0.0030403130
0.0030403130
0.0030403130
0.0027276425
0.0027276425
0.0027276425
0.0024149720
0.0027276425
0.0027276425
0.0027276425
0.0033529834
0.0030403130
0.0033529834
0.0033529834
0.0027276425
0.0033529834
0.0024149720
0.0030403130
0.0027276425
0.0027276425
0.0027276425
0.0027276425
0.0030403130
0.0027276425
0.0027276425
0.0030403130
0.0027276425
0.0027276425
0.0030403130
0.0027276425
0.0027276425
0.0027276425
0.0024149720
0.0030403130
0.0027276425
0.0024149720
0.0027276425
0.0027276425
0.0030403130
0.0030403130
0.0027276425
0.0027276425
0.0030403130
0.0033529834
0.0030403130
0.0027276425
0.0030403130
0.0027276425
0.0030403130
0.0027276425
0.0030403130
0.0033529834
0.0024149720
0.0030403130
0.0030403130
0.0024149720
0.0027276425
0.0027276425
0.0024149720
0.0030403130
0.0033529834
0.0027276425
0.0027276425
0.0027276425
0.0027276425
0.0027276425
0.0027276425
0.0024149720
0.0027276425
0.0027276425
0.0027276425
0.0027276425
0.0027276425
0.0027276425
0.0027276425
0.0030403130
0.0024149720
0.0030403130
0.0030403130
0.0024149720
0.0030403130
0.0030403130
0.0027276425
0.0024149720
0.0030403130
0.0030403130
0.0027276425
0.0024149720
0.0024149720
0.0024149720
0.0027276425
0.0030403130
0.0027276425
0.0030403130
0.0027276425
0.0030403130
0.0027276425
0.0030403130
0.0036656539
0.0027276425
0.0033529834
0.0024149720
0.0030403130
0.0027276425
0.0030403130
0.0027276425
0.0027276425
0.0030403130
0.0033529834
0.0027276425
0.0024149720
0.0033529834
0.0027276425
0.0027276425
0.0027276425
0.0027276425
0.0027276425
0.0027276425
0.0027276425
0.0033529834
0.0027276425
0.0030403130
0.0030403130
0.0033529834
0.0024149720
0.0030403130
0.0033529834
0.0030403130
0.0027276425
0.0030403130
0.0033529834
0.0027276425
0.0030403130
0.0033529834
0.0030403130
0.0027276425
0.0027276425
0.0027276425
0.0033529834
0.0027276425
0.0030403130
0.0024149720
0.0030403130
0.0027276425
0.0027276425
0.0027276425
0.0033529834
0.0027276425
0.0027276425
0.0033529834
0.0027276425
0.0024149720
0.0027276425
0.0027276425
0.0033529834
0.0027276425
0.0033529834
0.0024149720
0.0033529834
0.0030403130
0.0024149720
0.0027276425
0.0027276425
0.0033529834
0.0021023016
0.0027276425
0.0027276425
0.0030403130
0.0027276425
0.0030403130
0.0024149720
0.0027276425
0.0033529834
0.0027276425
0.0024149720
0.0030403130
0.0027276425
0.0030403130
0.0030403130
0.0027276425
0.0027276425
0.0027276425
0.0027276425
0.0030403130
0.0024149720
0.0030403130
0.0027276425
0.0027276425
0.0030403130
0.0033529834
0.0027276425
0.0033529834
0.0027276425
0.0027276425
0.0030403130
0.0030403130
0.0027276425
0.0030403130
0.0027276425
0.0024149720
0.0027276425
0.0024149720
0.0027276425
0.0033529834
0.0033529834
0.0024149720
0.0024149720
0.0030403130
0.0027276425
0.0030403130
0.0030403130
0.0030403130
0.0033529834
0.0030403130
0.0033529834
0.0024149720
0.0027276425
0.0027276425
0.0030403130
0.0024149720
0.0027276425
0.0030403130
0.0027276425
0.0027276425
0.0027276425
0.0024149720
0.0033529834
0.0027276425
0.0027276425
0.0027276425
0.0027276425
0.0027276425
0.0027276425
0.0030403130
0.0033529834
0.0033529834
0.0033529834
0.0027276425
0.0024149720
0.0030403130
0.0027276425
0.0033529834
0.0033529834
0.0027276425
0.0027276425
0.0030403130
0.0030403130
0.0033529834
0.0027276425
0.0027276425
0.0030403130
0.0027276425
0.0033529834
0.0033529834
0.0030403130
0.0033529834
0.0036656539
0.0033529834
0.0027276425
0.0027276425
0.0030403130
0.0030403130
0.0030403130
0.0030403130
0.0030403130
0.0030403130
0.0027276425
0.0030403130
0.0024149720
0.0027276425
0.0033529834
0.0030403130
0.0030403130
0.0030403130
0.0030403130
0.0027276425
0.0024149720
0.0027276425
0.0024149720
0.0030403130
0.0027276425
0.0030403130
0.0033529834
0.0033529834
0.0027276425
0.0030403130
0.0027276425
0.0036656539
0.0033529834
0.0027276425
0.0033529834
0.0027276425
0.0036656539
0.0036656539
0.0027276425
0.0027276425
0.0030403130
0.0027276425
0.0030403130
0.0030403130
0.0027276425
0.0030403130
0.0033529834
0.0033529834
0.0033529834
0.0027276425
0.0033529834
0.0030403130
0.0033529834
0.0030403130
0.0030403130
0.0033529834
0.0027276425
0.0027276425
0.0027276425
0.0030403130
0.0030403130
0.0030403130
0.0030403130
0.0030403130
0.0027276425
0.0033529834
0.0036656539
0.0030403130
0.0030403130
0.0030403130
0.0033529834
0.0027276425
0.0027276425
0.0030403130
0.0030403130
0.0033529834
0.0033529834
0.0030403130
0.0027276425
0.0033529834
0.0027276425
0.0030403130
0.0027276425
0.0036656539
0.0033529834
0.0036656539
0.0030403130
0.0027276425
0.0030403130
0.0027276425
0.0033529834
0.0030403130
0.0030403130
0.0027276425
0.0033529834
0.0030403130
0.0033529834
0.0033529834
0.0030403130
0.0033529834
0.0036656539
0.0033529834
0.0030403130
0.0027276425
0.0027276425
0.0027276425
0.0033529834
0.0030403130
0.0027276425
0.0033529834
0.0027276425
0.0033529834
0.0033529834
0.0036656539
0.0027276425
0.0030403130
0.0030403130
0.0033529834
0.0030403130
0.0030403130
0.0030403130
0.0033529834
0.0033529834
0.0033529834
0.0033529834
0.0030403130
0.0030403130
0.0033529834
0.0030403130
0.0033529834
0.0030403130
0.0033529834
0.0030403130
0.0033529834
0.0030403130
0.0027276425
0.0030403130
0.0030403130
0.0030403130
0.0033529834
0.0033529834
0.0036656539
0.0030403130
0.0033529834
0.0033529834
0.0027276425
0.0033529834
0.0033529834
0.0033529834
0.0036656539
0.0030403130
0.0033529834
0.0033529834
0.0033529834
0.0033529834
0.0030403130
0.0033529834
0.0030403130
0.0030403130
0.0030403130
0.0033529834
0.0033529834
0.0033529834
0.0030403130
0.0030403130
0.0033529834
0.0030403130
0.0030403130
0.0030403130
0.0033529834
0.0030403130
0.0033529834
0.0036656539
0.0030403130
0.0033529834
0.0033529834
0.0030403130
0.0036656539
0.0036656539
0.0039783244
0.0030403130
0.0033529834
0.0030403130
0.0030403130
0.0036656539
0.0030403130
0.0036656539
0.0033529834
0.0036656539
0.0030403130
0.0036656539
0.0033529834
0.0030403130
0.0030403130
0.0033529834
0.0033529834
0.0033529834
0.0033529834
0.0033529834
0.0030403130
0.0030403130
0.0036656539
0.0036656539
0.0036656539
0.0036656539
0.0033529834
0.0033529834
0.0036656539
0.0030403130
0.0033529834
0.0033529834
0.0036656539
0.0033529834
0.0036656539
0.0036656539
0.0033529834
0.0033529834
0.0036656539
0.0036656539
0.0036656539
0.0036656539
0.0036656539
0.0033529834
0.0036656539
0.0036656539
0.0036656539
0.0036656539
0.0033529834
0.0036656539
0.0033529834
0.0036656539
0.0033529834
0.0033529834
0.0033529834
0.0033529834
0.0036656539
0.0033529834
0.0036656539
0.0036656539
0.0036656539
0.0036656539
0.0033529834
0.0036656539
0.0042909949
0.0039783244
0.0046036653
0.0046036653
0.0039783244
0.0039783244
0.0042909949
0.0036656539
0.0033529834
0.0033529834
0.0033529834
0.0033529834
0.0033529834
0.0033529834
0.0027276425
0.0030403130
0.0030403130
0.0030403130
0.0027276425
0.0030403130
0.0027276425
0.0030403130
0.0033529834
0.0033529834
0.0042909949
0.0046036653
0.0042909949
0.0042909949
0.0039783244
0.0042909949
0.0042909949
0.0036656539
0.0039783244
0.0036656539
0.0036656539
0.0033529834
0.0033529834
0.0033529834
0.0039783244
0.0036656539
0.0039783244
0.0033529834
0.0036656539
0.0036656539
0.0033529834
0.0036656539
0.0033529834
0.0036656539
0.0042909949
0.0036656539
0.0039783244
0.0046036653
0.0039783244
0.0036656539
0.0036656539
0.0039783244
0.0039783244
0.0036656539
0.0036656539
0.0036656539
0.0042909949
0.0036656539
0.0033529834
0.0036656539
0.0039783244
0.0036656539
0.0036656539
0.0033529834
0.0039783244
0.0036656539
0.0036656539
0.0036656539
0.0039783244
0.0033529834
0.0033529834
0.0039783244
0.0039783244
0.0042909949
0.0042909949
0.0036656539
0.0042909949
0.0039783244
0.0039783244
0.0033529834
0.0036656539
0.0033529834
0.0036656539
0.0039783244
0.0036656539
0.0036656539
0.0039783244
0.0039783244
0.0039783244
0.0046036653
0.0046036653
0.0042909949
0.0042909949
0.0036656539
0.0042909949
0.0067923586
0.0052290063
0.0036656539
0.0024149720
0.0017896311
0.0024149720
0.0030403130
0.0039783244
0.0036656539
0.0039783244
0.0036656539
0.0055416767
0.0049163358
0.0042909949
0.0030403130
0.0030403130
0.0036656539
0.0033529834
0.0042909949
0.0042909949
0.0042909949
0.0039783244
0.0033529834
0.0039783244
0.0039783244
0.0042909949
0.0046036653
0.0042909949
0.0046036653
0.0049163358
0.0042909949
0.0042909949
0.0039783244
0.0052290063
0.0061670177
0.0046036653
0.0039783244
0.0033529834
0.0021023016
0.0039783244
0.0036656539
