-0.0043210110
-0.0040083763
-0.0033831071
-0.0018199338
-0.0011946646
-0.0005693953
-0.0008820299
0.0000558740
0.0003685087
0.0003685087
0.0000558740
0.0000558740
-0.0008820299
-0.0008820299
-0.0015072992
-0.0021325685
-0.0021325685
-0.0027578378
-0.0030704724
-0.0027578378
-0.0018199338
-0.0008820299
0.0003685087
0.0019316819
0.0019316819
0.0019316819
0.0013064126
0.0006811433
0.0009937780
0.0013064126
0.0022443165
0.0028695858
0.0028695858
0.0034948551
0.0025569512
0.0013064126
0.0013064126
-0.0002567606
-0.0011946646
-0.0033831071
-0.0046336456
-0.0046336456
-0.0049462803
-0.0043210110
-0.0033831071
-0.0024452031
-0.0011946646
0.0000558740
0.0019316819
0.0031822205
0.0041201244
0.0038074898
0.0028695858
0.0016190473
0.0009937780
-0.0002567606
-0.0018199338
-0.0024452031
-0.0033831071
-0.0043210110
-0.0049462803
-0.0043210110
-0.0024452031
-0.0011946646
-0.0002567606
-0.0005693953
-0.0008820299
-0.0015072992
-0.0030704724
-0.0027578378
-0.0030704724
-0.0030704724
-0.0030704724
-0.0021325685
-0.0015072992
-0.0008820299
-0.0002567606
0.0000558740
0.0009937780
0.0013064126
0.0019316819
0.0019316819
0.0022443165
0.0009937780
0.0003685087
-0.0008820299
-0.0021325685
-0.0033831071
-0.0046336456
-0.0061968189
-0.0068220881
-0.0074473574
-0.0080726267
-0.0077599921
-0.0074473574
-0.0071347228
-0.0080726267
-0.0061968189
-0.0046336456
-0.0018199338
0.0003685087
0.0034948551
0.0047453937
0.0050580284
0.0041201244
0.0031822205
0.0016190473
0.0006811433
-0.0002567606
-0.0005693953
-0.0008820299
-0.0021325685
-0.0024452031
-0.0033831071
-0.0040083763
-0.0055715496
-0.0049462803
-0.0040083763
-0.0021325685
-0.0011946646
-0.0002567606
-0.0002567606
-0.0015072992
-0.0024452031
-0.0030704724
-0.0033831071
-0.0027578378
-0.0024452031
-0.0015072992
-0.0002567606
0.0003685087
0.0016190473
0.0013064126
0.0006811433
0.0003685087
0.0003685087
0.0006811433
0.0000558740
-0.0005693953
-0.0008820299
-0.0008820299
-0.0011946646
-0.0024452031
-0.0033831071
-0.0036957417
-0.0030704724
-0.0024452031
-0.0018199338
-0.0011946646
-0.0011946646
-0.0011946646
-0.0018199338
-0.0027578378
-0.0024452031
-0.0018199338
-0.0015072992
-0.0008820299
-0.0005693953
-0.0005693953
-0.0008820299
-0.0021325685
-0.0021325685
-0.0018199338
-0.0002567606
0.0013064126
0.0034948551
0.0044327591
0.0047453937
0.0041201244
0.0034948551
0.0019316819
0.0013064126
0.0006811433
0.0019316819
0.0019316819
0.0022443165
0.0019316819
0.0006811433
-0.0015072992
-0.0027578378
-0.0040083763
-0.0040083763
-0.0043210110
-0.0040083763
-0.0036957417
-0.0024452031
-0.0024452031
-0.0030704724
-0.0040083763
-0.0052589149
-0.0058841842
-0.0058841842
-0.0058841842
-0.0052589149
-0.0043210110
-0.0033831071
-0.0030704724
-0.0030704724
-0.0027578378
-0.0024452031
-0.0011946646
-0.0008820299
-0.0002567606
0.0000558740
-0.0008820299
-0.0011946646
-0.0005693953
0.0000558740
0.0003685087
0.0009937780
0.0009937780
0.0006811433
-0.0005693953
-0.0015072992
-0.0015072992
-0.0024452031
-0.0021325685
-0.0021325685
-0.0011946646
-0.0008820299
-0.0002567606
0.0000558740
0.0013064126
0.0013064126
0.0016190473
0.0019316819
0.0016190473
0.0006811433
0.0000558740
-0.0005693953
-0.0008820299
-0.0011946646
-0.0015072992
-0.0024452031
-0.0033831071
-0.0036957417
-0.0046336456
-0.0052589149
-0.0052589149
-0.0049462803
-0.0046336456
-0.0043210110
-0.0036957417
-0.0033831071
-0.0027578378
-0.0018199338
-0.0002567606
0.0000558740
0.0003685087
0.0006811433
0.0003685087
0.0006811433
0.0019316819
0.0025569512
0.0031822205
0.0034948551
0.0038074898
0.0034948551
0.0038074898
0.0031822205
0.0016190473
0.0006811433
-0.0011946646
-0.0021325685
-0.0030704724
-0.0024452031
-0.0024452031
-0.0021325685
-0.0024452031
-0.0033831071
-0.0043210110
-0.0046336456
-0.0049462803
-0.0046336456
-0.0040083763
-0.0030704724
-0.0015072992
-0.0005693953
-0.0008820299
0.0006811433
0.0009937780
0.0022443165
0.0028695858
0.0028695858
0.0019316819
0.0013064126
0.0003685087
-0.0002567606
0.0003685087
0.0003685087
-0.0002567606
-0.0011946646
-0.0011946646
-0.0027578378
-0.0036957417
-0.0036957417
-0.0030704724
-0.0024452031
-0.0005693953
0.0006811433
0.0013064126
0.0013064126
0.0009937780
0.0003685087
0.0000558740
-0.0002567606
0.0000558740
0.0009937780
0.0009937780
0.0006811433
0.0000558740
0.0000558740
0.0000558740
0.0000558740
-0.0008820299
-0.0008820299
-0.0021325685
-0.0036957417
-0.0055715496
-0.0055715496
-0.0052589149
-0.0040083763
-0.0024452031
-0.0027578378
-0.0021325685
-0.0011946646
0.0006811433
0.0003685087
0.0006811433
0.0019316819
0.0022443165
0.0031822205
0.0031822205
0.0022443165
0.0003685087
-0.0011946646
-0.0027578378
-0.0018199338
-0.0015072992
-0.0024452031
-0.0036957417
-0.0046336456
-0.0027578378
-0.0027578378
-0.0036957417
-0.0043210110
0.2717354092
2.2844801962
4.3625740575
4.8540401620
3.7338611710
1.5716714842
-0.2375464365
-0.5276713173
-0.5454914864
-0.5458041210
-0.5451788519
-0.5429904100
-0.5411146028
1.0007998285
2.2385227646
1.9784100295
1.1721238043
0.3192558867
-0.2478633781
-0.4873414604
-0.5067248026
-0.3294610050
0.0113107213
0.3620868450
0.5681131583
0.5443529137
0.3936629541
0.1998294274
0.0294435310
-0.0993619395
-0.1762700547
-0.2084714189
-0.1790837662
-0.1262485168
-0.0765396118
-0.0452761487
-0.0327707633
-0.0408992638
-0.0715374578
-0.1043640934
-0.1246853437
-0.1312506707
-0.1318759399
-0.1331264784
-0.1234348053
-0.1199958245
-0.1162442090
-0.1071778050
-0.1006124780
-0.0968608625
-0.1043640934
-0.1199958245
-0.1362528245
-0.1487582091
-0.1450065937
-0.1409423437
-0.1412549784
-0.1375033630
-0.1296874976
-0.1206210937
-0.1106167859
-0.0996745741
-0.0927966124
-0.0837302083
-0.0796659581
-0.0837302083
-0.0937345163
-0.1059272666
-0.1109294205
-0.1078030743
-0.1031135550
-0.1002998434
-0.0974861317
-0.0943597855
-0.0943597855
-0.0999872087
-0.1093662474
-0.1153063052
-0.1109294205
-0.1046767281
-0.0927966124
-0.0809164966
-0.0734132656
-0.0680984769
-0.0655973998
-0.0674732076
-0.0687237461
-0.0727879963
-0.0799785927
-0.0893576315
-0.0946724201
-0.0962355933
-0.1006124780
-0.1037388242
-0.1018630165
-0.1006124780
-0.0996745741
-0.0990493049
-0.0943597855
-0.0896702661
-0.0921713431
-0.1043640934
-0.1203084591
-0.1249979783
-0.1209337283
-0.1134304974
-0.1109294205
-0.1121799590
-0.1059272666
-0.0977987664
-0.0887323623
-0.0787280542
-0.0727879963
-0.0702869193
-0.0680984769
-0.0680984769
-0.0702869193
-0.0737259002
-0.0790406889
-0.0809164966
-0.0777901504
-0.0762269772
-0.0727879963
-0.0734132656
-0.0827923044
-0.0849807468
-0.0802912274
-0.0727879963
-0.0624710535
-0.0521541107
-0.0424624370
0.1038505802
1.2108905488
2.2879191879
2.4148492595
1.8158396320
0.9273306168
0.0294435310
-0.4998468424
-0.5492431009
-0.5517441773
-0.5508062737
-0.5479925628
-0.5467420246
-0.3375895040
0.5102757217
0.8157199546
0.7413128546
0.3386392399
-0.1018630165
-0.3991785146
-0.4957825933
-0.4745234437
-0.3385274077
-0.2237905143
-0.1031135550
-0.0515288414
0.0219402993
0.1526215896
0.1754439215
0.1626258994
0.1829471541
0.1770070950
0.1107285429
-0.0190148392
-0.0943597855
-0.1340643822
-0.1606383243
-0.1603256897
-0.1315633053
-0.1534477283
-0.1781458624
-0.1350022861
-0.1256232476
-0.1437560553
-0.1450065937
-0.1378159976
-0.1162442090
-0.1106167859
-0.1159315744
-0.1553235359
-0.2128483033
-0.1903386120
-0.1140557667
-0.0799785927
-0.0237043588
0.0494521488
0.0528911300
-0.0130747810
-0.0618457843
-0.0824796698
-0.1318759399
-0.1453192283
-0.1331264784
-0.1331264784
-0.1622014974
-0.1518845552
-0.0846681121
-0.0571562648
-0.0421498024
-0.0484024951
-0.0815417659
-0.1053019973
-0.0952976894
-0.0743511694
-0.0587194380
-0.0721627270
-0.0624710535
-0.0427750716
-0.0080726267
-0.0015072992
-0.0399613599
-0.0646594959
-0.0946724201
-0.1062399012
-0.1006124780
-0.0999872087
-0.0931092470
-0.1090536128
-0.1187452860
-0.1240600745
-0.1465697668
-0.1931523234
-0.2178504569
-0.2406727825
-0.2297305716
-0.1928396888
-0.1515719206
-0.0906081700
-0.0408992638
0.0156876064
0.0700860363
0.1210454871
0.0954094441
0.0134991638
-0.0824796698
-0.1296874976
-0.1312506707
-0.1043640934
-0.0605952457
-0.0480898604
-0.0555930916
-0.0521541107
-0.0280812437
-0.0468393219
-0.0715374578
-0.0974861317
-0.0799785927
-0.0812291313
-0.0865439199
-0.0862312853
-0.0959229586
-0.1043640934
-0.0884197276
-0.0596573418
-0.0402739946
-0.0387108214
-0.0418371677
-0.0349592057
-0.0387108214
-0.0524667453
-0.0790406889
-0.0990493049
-0.0993619395
-0.0837302083
-0.0677858422
-0.0634089574
-0.0762269772
-0.0937345163
-0.0887323623
-0.0749764387
-0.0549678224
-0.0524667453
-0.0518414760
-0.0296444169
-0.0187022045
-0.0352718404
-0.0934218816
-0.1628267666
-0.2031566307
-0.1931523234
-0.1622014974
-0.1237474399
-0.0896702661
-0.0649721306
-0.0412118985
-0.0202653777
-0.0196401085
-0.0443382448
-0.0627836882
-0.0718500924
-0.0521541107
-0.0412118985
-0.0462140526
-0.0624710535
-0.0827923044
-0.0777901504
-0.0634089574
-0.0418371677
-0.0280812437
-0.0283938784
-0.0490277643
-0.0790406889
-0.1090536128
-0.1325012091
-0.1281243245
-0.1134304974
-0.0974861317
-0.0687237461
-0.0090105306
0.0363214933
0.0591438232
0.0591438232
0.0366341280
-0.0205780124
-0.0777901504
-0.1043640934
-0.1224969014
-0.1500087475
-0.1856490929
-0.1972165733
-0.1728310741
-0.1390665361
-0.1187452860
-0.1099915166
-0.1043640934
-0.0931092470
-0.0655973998
-0.0108863385
0.0528911300
0.0900946548
0.0866556735
0.0560174766
0.0000558740
-0.0480898604
-0.0824796698
-0.1012377472
-0.1224969014
-0.1459444976
-0.1356275553
-0.0990493049
-0.0693490154
-0.0699742846
-0.0856060160
-0.0956103240
-0.0871691891
-0.0621584189
-0.0499656682
-0.0596573418
-0.0499656682
-0.0437129756
-0.0468393219
-0.0580941687
-0.0715374578
-0.0702869193
-0.0549678224
-0.0652847652
-0.0859186506
-0.0981114010
-0.1184326514
-0.1203084591
-0.1099915166
-0.0959229586
-0.0693490154
-0.0552804570
-0.0587194380
-0.0427750716
-0.0077599921
0.0038074898
-0.0058841842
-0.0343339365
-0.0599699765
-0.0768522465
-0.0856060160
-0.0802912274
-0.0605952457
-0.0362097443
-0.0068220881
0.0350709547
0.0810282495
0.0894693854
0.0491395142
-0.0240169934
-0.1015503818
-0.1528224590
-0.1643899396
-0.1484455745
-0.1300001322
-0.1106167859
-0.0837302083
-0.0509035721
-0.0377729175
-0.0368350136
-0.0540299185
-0.0759143426
-0.0712248232
-0.0424624370
-0.0046336456
0.0260045498
0.0263171844
-0.0068220881
-0.0484024951
-0.0702869193
-0.0731006309
-0.0696616500
-0.0640342267
-0.0537172838
-0.0393360907
-0.0271433398
-0.0187022045
-0.0221411856
-0.0396487253
-0.0634089574
-0.0743511694
-0.0712248232
-0.0562183609
-0.0218285509
0.0210023954
0.0391352052
0.0353835894
0.0166255103
-0.0158884928
-0.0521541107
-0.0912334393
-0.1209337283
-0.1312506707
-0.1334391130
-0.1168694783
-0.0756017080
-0.0240169934
0.0163128757
0.0288182617
0.0247540112
0.0134991638
-0.0143253196
-0.0549678224
-0.0931092470
-0.1231221706
-0.1428181514
-0.1440686899
-0.1243727091
-0.0877944584
-0.0499656682
-0.0227664549
-0.0052589149
-0.0011946646
-0.0171390313
-0.0509035721
-0.0734132656
-0.0821670351
-0.0784154196
-0.0462140526
0.0038074898
0.0413236478
0.0472637062
0.0303814349
0.0075591055
-0.0146379542
-0.0399613599
-0.0674732076
-0.0915460739
-0.1046767281
-0.1040514588
-0.0887323623
-0.0624710535
-0.0455887834
-0.0465266873
-0.0527793799
-0.0502783029
-0.0499656682
-0.0477772258
-0.0352718404
-0.0252675320
-0.0243296281
-0.0312075901
-0.0377729175
-0.0418371677
-0.0437129756
-0.0477772258
-0.0505909375
-0.0490277643
-0.0340213018
-0.0243296281
-0.0380855521
-0.0802912274
-0.1246853437
-0.1468824014
-0.1446939591
-0.1243727091
-0.0987366702
-0.0718500924
-0.0333960326
0.0285056270
0.0900946548
0.1201075831
0.1069769269
0.0682102283
0.0288182617
0.0000558740
-0.0121368771
-0.0202653777
-0.0321454940
-0.0577815341
-0.0812291313
-0.0962355933
-0.0968608625
-0.0968608625
-0.1071778050
-0.1024882857
-0.0893576315
-0.0809164966
-0.0584068033
-0.0333960326
-0.0252675320
-0.0315202247
-0.0477772258
-0.0590320726
-0.0640342267
-0.0521541107
-0.0271433398
-0.0137000503
-0.0108863385
-0.0096357999
-0.0146379542
-0.0246422627
-0.0330833979
-0.0305823208
-0.0215159163
-0.0071347228
0.0072464709
0.0119359906
0.0103728173
0.0119359906
0.0125612599
0.0100601827
-0.0043210110
-0.0296444169
-0.0668479383
-0.0934218816
-0.1009251126
-0.0881070930
-0.0721627270
-0.0652847652
-0.0743511694
-0.0887323623
-0.0931092470
-0.0893576315
-0.0743511694
-0.0543425531
-0.0396487253
-0.0262054359
-0.0183895699
-0.0074473574
0.0069338362
0.0172507796
0.0063085669
-0.0168263967
-0.0343339365
-0.0509035721
-0.0618457843
-0.0612205150
-0.0484024951
-0.0271433398
-0.0086978960
0.0034948551
0.0000558740
-0.0096357999
-0.0168263967
-0.0230790895
-0.0255801666
-0.0255801666
-0.0240169934
-0.0183895699
-0.0137000503
-0.0083852614
-0.0061968189
-0.0130747810
-0.0218285509
-0.0233917241
-0.0255801666
-0.0277686091
-0.0293317823
-0.0412118985
-0.0505909375
-0.0493403990
-0.0412118985
-0.0321454940
-0.0283938784
-0.0249548973
-0.0224538202
-0.0243296281
-0.0387108214
-0.0546551877
-0.0618457843
-0.0643468613
-0.0612205150
-0.0587194380
-0.0512162068
-0.0315202247
-0.0077599921
0.0050580284
-0.0002567606
-0.0240169934
-0.0568436302
-0.0774775157
-0.0699742846
-0.0484024951
-0.0240169934
-0.0011946646
0.0094349134
0.0150623371
0.0206897607
0.0222529340
0.0019316819
-0.0305823208
-0.0590320726
-0.0715374578
-0.0677858422
-0.0580941687
-0.0471519565
-0.0308949555
-0.0108863385
-0.0002567606
0.0031822205
-0.0021325685
-0.0105737039
-0.0262054359
-0.0402739946
-0.0474645912
-0.0415245331
-0.0262054359
-0.0055715496
0.0081843748
0.0053706630
-0.0049462803
-0.0215159163
-0.0396487253
-0.0452761487
-0.0418371677
-0.0277686091
-0.0130747810
0.0031822205
0.0081843748
-0.0021325685
-0.0246422627
-0.0380855521
-0.0459014180
-0.0493403990
-0.0437129756
-0.0346465711
-0.0268307052
-0.0233917241
-0.0321454940
-0.0446508795
-0.0405866292
-0.0233917241
-0.0074473574
0.0050580284
0.0081843748
-0.0068220881
-0.0265180705
-0.0355844750
-0.0340213018
-0.0296444169
-0.0312075901
-0.0374602828
-0.0459014180
-0.0499656682
-0.0496530336
-0.0512162068
-0.0546551877
-0.0590320726
-0.0555930916
-0.0477772258
-0.0387108214
-0.0274559744
-0.0143253196
-0.0077599921
-0.0102610692
-0.0158884928
-0.0268307052
-0.0315202247
-0.0274559744
-0.0093231653
0.0131865292
0.0275677231
0.0266298191
0.0100601827
-0.0049462803
-0.0165137620
-0.0321454940
-0.0430877063
-0.0509035721
-0.0540299185
-0.0468393219
-0.0305823208
-0.0158884928
-0.0174516660
-0.0246422627
-0.0333960326
-0.0415245331
-0.0434003409
-0.0393360907
-0.0305823208
-0.0193274738
-0.0102610692
-0.0077599921
-0.0036957417
0.0100601827
0.0210023954
0.0172507796
-0.0027578378
-0.0243296281
-0.0315202247
-0.0315202247
-0.0296444169
-0.0308949555
-0.0374602828
-0.0446508795
-0.0493403990
-0.0487151297
-0.0393360907
-0.0296444169
-0.0183895699
-0.0155758581
-0.0168263967
-0.0171390313
-0.0168263967
-0.0143253196
-0.0061968189
0.0038074898
0.0028695858
0.0009937780
0.0006811433
-0.0027578378
-0.0108863385
-0.0218285509
-0.0308949555
-0.0352718404
-0.0305823208
-0.0215159163
-0.0177643006
-0.0202653777
-0.0249548973
-0.0277686091
-0.0290191476
-0.0208906470
-0.0077599921
0.0056832976
0.0103728173
0.0025569512
-0.0168263967
-0.0346465711
-0.0421498024
-0.0340213018
-0.0249548973
-0.0221411856
-0.0205780124
-0.0199527431
-0.0202653777
-0.0205780124
-0.0177643006
-0.0205780124
-0.0321454940
-0.0440256102
-0.0521541107
-0.0571562648
-0.0587194380
-0.0502783029
-0.0330833979
-0.0152632235
-0.0043210110
0.0050580284
0.0116233559
0.0078717402
0.0016190473
-0.0033831071
-0.0049462803
-0.0040083763
0.0019316819
0.0044327591
-0.0021325685
-0.0102610692
-0.0158884928
-0.0221411856
-0.0283938784
-0.0362097443
-0.0430877063
-0.0465266873
-0.0387108214
-0.0237043588
-0.0096357999
-0.0015072992
-0.0027578378
-0.0099484346
-0.0218285509
-0.0302696862
-0.0333960326
-0.0290191476
-0.0224538202
-0.0133874156
-0.0065094535
-0.0002567606
-0.0002567606
-0.0080726267
-0.0199527431
-0.0233917241
-0.0174516660
-0.0083852614
-0.0061968189
-0.0083852614
-0.0137000503
-0.0196401085
-0.0271433398
-0.0365223789
-0.0387108214
-0.0321454940
-0.0177643006
-0.0008820299
0.0075591055
0.0013064126
-0.0127621464
-0.0233917241
-0.0308949555
-0.0324581286
-0.0321454940
-0.0337086672
-0.0371476482
-0.0374602828
-0.0302696862
-0.0208906470
-0.0168263967
-0.0137000503
-0.0099484346
0.0006811433
0.0125612599
0.0216276647
0.0281929924
0.0322572428
0.0325698775
0.0178760489
-0.0008820299
-0.0193274738
-0.0377729175
-0.0512162068
-0.0521541107
-0.0440256102
-0.0358971097
-0.0271433398
-0.0162011274
-0.0027578378
0.0091222788
0.0103728173
0.0019316819
-0.0124495117
-0.0237043588
-0.0262054359
-0.0230790895
-0.0183895699
-0.0149505888
-0.0171390313
-0.0221411856
-0.0268307052
-0.0243296281
-0.0111989731
0.0038074898
0.0166255103
0.0163128757
0.0081843748
-0.0052589149
-0.0202653777
-0.0324581286
-0.0399613599
-0.0405866292
-0.0374602828
-0.0324581286
-0.0218285509
-0.0058841842
0.0116233559
0.0300688003
0.0450752636
0.0478889755
0.0356962240
0.0113107213
-0.0124495117
-0.0265180705
-0.0340213018
-0.0412118985
-0.0477772258
-0.0505909375
-0.0518414760
-0.0474645912
-0.0371476482
-0.0255801666
-0.0158884928
-0.0071347228
0.0016190473
0.0078717402
0.0103728173
0.0084970095
0.0022443165
-0.0036957417
-0.0080726267
-0.0121368771
-0.0143253196
-0.0108863385
-0.0068220881
-0.0080726267
-0.0093231653
-0.0093231653
-0.0058841842
0.0013064126
0.0025569512
0.0025569512
0.0000558740
-0.0046336456
-0.0090105306
-0.0158884928
-0.0233917241
-0.0308949555
-0.0330833979
-0.0321454940
-0.0308949555
-0.0280812437
-0.0258928012
-0.0268307052
-0.0255801666
-0.0165137620
-0.0021325685
0.0100601827
0.0203771261
0.0269424537
0.0300688003
0.0288182617
0.0263171844
0.0250666458
0.0163128757
0.0022443165
-0.0130747810
-0.0312075901
-0.0468393219
-0.0471519565
-0.0352718404
-0.0255801666
-0.0208906470
-0.0162011274
-0.0183895699
-0.0227664549
-0.0243296281
-0.0258928012
-0.0262054359
-0.0146379542
0.0075591055
0.0250666458
0.0341330507
0.0297561656
0.0069338362
-0.0287065130
-0.0565309955
-0.0677858422
-0.0602826111
-0.0365223789
-0.0080726267
0.0134991638
0.0250666458
0.0260045498
0.0216276647
0.0150623371
0.0116233559
0.0128738945
0.0113107213
0.0047453937
-0.0052589149
-0.0105737039
-0.0115116078
-0.0215159163
-0.0352718404
-0.0430877063
-0.0405866292
-0.0283938784
-0.0155758581
-0.0083852614
-0.0083852614
-0.0105737039
-0.0115116078
-0.0108863385
-0.0030704724
0.0109980866
0.0200644914
0.0219402993
0.0256919151
0.0338204161
0.0338204161
0.0216276647
0.0003685087
-0.0233917241
-0.0355844750
-0.0365223789
-0.0296444169
-0.0196401085
-0.0074473574
0.0000558740
-0.0021325685
-0.0058841842
-0.0105737039
-0.0143253196
-0.0215159163
-0.0280812437
-0.0299570515
-0.0202653777
-0.0077599921
-0.0002567606
0.0103728173
0.0210023954
0.0175634143
0.0025569512
-0.0165137620
-0.0355844750
-0.0471519565
-0.0434003409
-0.0280812437
-0.0049462803
0.0094349134
0.0113107213
0.0081843748
0.0166255103
0.0269424537
0.0291308963
0.0191265875
0.0013064126
-0.0190148392
-0.0346465711
-0.0408992638
-0.0352718404
-0.0255801666
-0.0193274738
-0.0155758581
-0.0108863385
-0.0093231653
-0.0124495117
-0.0152632235
-0.0105737039
0.0028695858
0.0150623371
0.0194392221
0.0160002410
0.0088096441
-0.0002567606
-0.0090105306
-0.0202653777
-0.0262054359
-0.0249548973
-0.0215159163
-0.0168263967
-0.0108863385
-0.0068220881
-0.0115116078
-0.0168263967
-0.0174516660
-0.0118242424
-0.0024452031
0.0069338362
0.0156876064
0.0197518568
0.0181886835
0.0113107213
0.0019316819
-0.0002567606
0.0009937780
-0.0002567606
-0.0074473574
-0.0124495117
-0.0155758581
-0.0180769353
-0.0205780124
-0.0168263967
-0.0108863385
-0.0108863385
-0.0149505888
-0.0171390313
-0.0143253196
-0.0058841842
0.0066212016
0.0188139528
0.0235034726
0.0203771261
0.0084970095
-0.0049462803
-0.0127621464
-0.0130747810
-0.0083852614
-0.0033831071
-0.0011946646
-0.0046336456
-0.0080726267
-0.0036957417
0.0059959323
0.0113107213
0.0113107213
0.0088096441
0.0013064126
-0.0090105306
-0.0121368771
-0.0086978960
0.0000558740
0.0109980866
0.0144370678
0.0053706630
-0.0162011274
-0.0377729175
-0.0496530336
-0.0502783029
-0.0415245331
-0.0237043588
0.0028695858
0.0310067042
0.0497647835
0.0513279568
0.0369467626
0.0091222788
-0.0174516660
-0.0330833979
-0.0343339365
-0.0265180705
-0.0140126849
-0.0043210110
-0.0008820299
-0.0027578378
-0.0061968189
-0.0121368771
-0.0215159163
-0.0321454940
-0.0387108214
-0.0343339365
-0.0212032817
-0.0065094535
0.0053706630
0.0119359906
0.0144370678
0.0128738945
0.0116233559
0.0134991638
0.0109980866
0.0022443165
-0.0065094535
-0.0118242424
-0.0146379542
-0.0149505888
-0.0130747810
-0.0058841842
0.0034948551
0.0109980866
0.0175634143
0.0231908379
0.0260045498
0.0216276647
0.0075591055
-0.0080726267
-0.0202653777
-0.0293317823
-0.0337086672
-0.0305823208
-0.0224538202
-0.0099484346
0.0000558740
0.0103728173
0.0206897607
0.0278803577
0.0288182617
0.0216276647
0.0100601827
0.0016190473
-0.0058841842
-0.0140126849
-0.0190148392
-0.0168263967
-0.0133874156
-0.0140126849
-0.0118242424
-0.0071347228
-0.0021325685
0.0006811433
0.0000558740
-0.0011946646
-0.0030704724
-0.0090105306
-0.0180769353
-0.0237043588
-0.0233917241
-0.0196401085
-0.0090105306
0.0044327591
0.0188139528
0.0266298191
0.0263171844
0.0206897607
0.0097475481
-0.0015072992
-0.0086978960
-0.0143253196
-0.0196401085
-0.0218285509
-0.0187022045
-0.0140126849
-0.0093231653
-0.0043210110
0.0000558740
0.0028695858
0.0028695858
-0.0005693953
-0.0033831071
-0.0058841842
-0.0071347228
-0.0052589149
-0.0005693953
0.0056832976
0.0072464709
0.0056832976
0.0000558740
-0.0049462803
-0.0065094535
-0.0049462803
-0.0033831071
-0.0008820299
0.0022443165
0.0044327591
0.0056832976
0.0041201244
0.0025569512
0.0056832976
0.0109980866
0.0141244331
0.0128738945
0.0044327591
-0.0068220881
-0.0183895699
-0.0265180705
-0.0255801666
-0.0190148392
-0.0083852614
0.0003685087
0.0034948551
0.0019316819
-0.0030704724
-0.0077599921
-0.0083852614
-0.0068220881
-0.0027578378
0.0038074898
0.0100601827
0.0160002410
0.0181886835
0.0163128757
0.0103728173
0.0006811433
-0.0071347228
-0.0077599921
-0.0033831071
-0.0002567606
0.0019316819
-0.0002567606
-0.0030704724
-0.0074473574
-0.0118242424
-0.0155758581
-0.0137000503
-0.0096357999
-0.0040083763
0.0038074898
0.0088096441
0.0119359906
0.0109980866
0.0081843748
0.0069338362
0.0078717402
0.0103728173
0.0094349134
0.0044327591
0.0022443165
0.0013064126
0.0016190473
0.0009937780
-0.0008820299
-0.0061968189
-0.0111989731
-0.0121368771
-0.0105737039
-0.0102610692
-0.0108863385
-0.0108863385
-0.0108863385
-0.0080726267
-0.0049462803
-0.0030704724
-0.0011946646
-0.0002567606
-0.0008820299
0.0003685087
0.0053706630
0.0134991638
0.0216276647
0.0269424537
0.0269424537
0.0194392221
0.0047453937
-0.0108863385
-0.0218285509
-0.0274559744
-0.0271433398
-0.0215159163
-0.0105737039
0.0000558740
0.0069338362
0.0084970095
0.0069338362
0.0028695858
-0.0002567606
-0.0005693953
-0.0008820299
-0.0043210110
-0.0071347228
-0.0052589149
-0.0024452031
0.0009937780
0.0025569512
0.0019316819
0.0009937780
-0.0011946646
-0.0040083763
-0.0068220881
-0.0071347228
-0.0083852614
-0.0111989731
-0.0108863385
-0.0071347228
-0.0040083763
-0.0036957417
-0.0030704724
-0.0030704724
-0.0024452031
-0.0011946646
0.0025569512
0.0066212016
0.0103728173
0.0150623371
0.0163128757
0.0134991638
0.0072464709
0.0000558740
-0.0036957417
-0.0052589149
-0.0036957417
-0.0002567606
0.0019316819
0.0038074898
0.0069338362
0.0088096441
0.0078717402
0.0050580284
-0.0005693953
-0.0080726267
-0.0146379542
-0.0174516660
-0.0174516660
-0.0162011274
-0.0121368771
-0.0074473574
-0.0011946646
0.0059959323
0.0147497024
0.0213150300
0.0225655686
0.0175634143
0.0094349134
0.0013064126
-0.0027578378
-0.0049462803
-0.0058841842
-0.0061968189
-0.0080726267
-0.0105737039
-0.0118242424
-0.0061968189
0.0006811433
0.0066212016
0.0100601827
0.0131865292
0.0147497024
0.0141244331
0.0128738945
0.0134991638
0.0138117985
0.0119359906
0.0069338362
0.0006811433
-0.0030704724
-0.0046336456
-0.0033831071
-0.0005693953
0.0034948551
0.0056832976
0.0059959323
0.0056832976
0.0050580284
0.0041201244
0.0031822205
0.0038074898
0.0059959323
0.0075591055
0.0088096441
0.0091222788
0.0075591055
0.0022443165
-0.0033831071
-0.0077599921
-0.0090105306
-0.0074473574
-0.0024452031
0.0025569512
0.0022443165
-0.0018199338
-0.0077599921
-0.0118242424
-0.0140126849
-0.0149505888
-0.0127621464
-0.0065094535
0.0022443165
0.0119359906
0.0181886835
0.0166255103
0.0109980866
0.0028695858
-0.0052589149
-0.0108863385
-0.0137000503
-0.0130747810
-0.0111989731
-0.0074473574
-0.0058841842
-0.0074473574
-0.0105737039
-0.0111989731
-0.0080726267
-0.0021325685
0.0056832976
0.0141244331
0.0222529340
0.0266298191
0.0253792805
0.0194392221
0.0144370678
0.0091222788
0.0047453937
-0.0002567606
-0.0052589149
-0.0090105306
-0.0080726267
-0.0033831071
0.0003685087
0.0016190473
0.0025569512
0.0047453937
0.0069338362
0.0078717402
0.0075591055
0.0047453937
-0.0008820299
-0.0052589149
-0.0080726267
-0.0071347228
-0.0055715496
-0.0011946646
0.0025569512
0.0028695858
0.0000558740
-0.0018199338
0.0013064126
0.0059959323
0.0113107213
0.0147497024
0.0147497024
0.0097475481
0.0013064126
-0.0068220881
-0.0121368771
-0.0121368771
-0.0058841842
0.0053706630
0.0156876064
0.0206897607
0.0228782033
0.0216276647
0.0138117985
0.0047453937
-0.0021325685
-0.0061968189
-0.0058841842
0.0000558740
0.0050580284
0.0075591055
0.0072464709
0.0009937780
-0.0043210110
-0.0043210110
-0.0030704724
0.0009937780
0.0091222788
0.0119359906
0.0091222788
0.0066212016
0.0050580284
0.0053706630
0.0072464709
0.0091222788
0.0066212016
-0.0008820299
-0.0096357999
-0.0155758581
-0.0187022045
-0.0187022045
-0.0146379542
-0.0115116078
-0.0108863385
-0.0093231653
-0.0036957417
0.0038074898
0.0091222788
0.0119359906
0.0125612599
0.0116233559
0.0106854520
0.0109980866
0.0109980866
0.0103728173
0.0069338362
0.0050580284
0.0047453937
0.0056832976
0.0063085669
0.0059959323
0.0034948551
-0.0015072992
-0.0093231653
-0.0146379542
-0.0130747810
-0.0049462803
0.0063085669
0.0156876064
0.0197518568
0.0156876064
0.0053706630
-0.0052589149
-0.0111989731
-0.0108863385
-0.0040083763
0.0025569512
0.0050580284
0.0050580284
0.0016190473
-0.0033831071
-0.0090105306
-0.0127621464
-0.0124495117
-0.0093231653
-0.0040083763
0.0006811433
0.0034948551
0.0031822205
0.0003685087
-0.0030704724
-0.0008820299
0.0038074898
0.0100601827
0.0147497024
0.0191265875
0.0241287419
0.0272550884
0.0281929924
0.0253792805
0.0194392221
0.0113107213
0.0003685087
-0.0111989731
-0.0221411856
-0.0315202247
-0.0365223789
-0.0340213018
-0.0280812437
-0.0233917241
-0.0205780124
-0.0199527431
-0.0187022045
-0.0130747810
-0.0049462803
0.0019316819
0.0075591055
0.0113107213
0.0172507796
0.0263171844
0.0331951468
0.0369467626
0.0356962240
0.0310067042
0.0253792805
0.0160002410
0.0050580284
-0.0018199338
-0.0065094535
-0.0108863385
-0.0140126849
-0.0162011274
-0.0180769353
-0.0174516660
-0.0140126849
-0.0074473574
-0.0018199338
0.0028695858
0.0063085669
0.0078717402
0.0066212016
0.0056832976
0.0044327591
0.0050580284
0.0072464709
0.0091222788
0.0091222788
0.0084970095
0.0091222788
0.0122486252
0.0134991638
0.0131865292
0.0122486252
0.0084970095
0.0038074898
0.0003685087
-0.0018199338
-0.0021325685
0.0006811433
0.0059959323
0.0075591055
0.0053706630
0.0016190473
-0.0024452031
-0.0068220881
-0.0102610692
-0.0115116078
-0.0118242424
-0.0108863385
-0.0080726267
-0.0043210110
-0.0005693953
0.0003685087
0.0003685087
-0.0002567606
0.0003685087
0.0034948551
0.0106854520
0.0181886835
0.0213150300
0.0213150300
0.0175634143
0.0119359906
0.0031822205
-0.0049462803
-0.0121368771
-0.0168263967
-0.0183895699
-0.0165137620
-0.0124495117
-0.0058841842
0.0000558740
0.0059959323
0.0097475481
0.0088096441
0.0056832976
0.0016190473
0.0009937780
0.0038074898
0.0091222788
0.0144370678
0.0166255103
0.0128738945
0.0063085669
-0.0008820299
-0.0040083763
-0.0049462803
-0.0065094535
-0.0061968189
-0.0018199338
0.0047453937
0.0097475481
0.0119359906
0.0106854520
0.0053706630
-0.0015072992
-0.0058841842
-0.0071347228
-0.0061968189
-0.0021325685
0.0016190473
0.0041201244
0.0044327591
0.0025569512
0.0022443165
0.0016190473
0.0009937780
0.0000558740
0.0022443165
0.0075591055
0.0131865292
0.0166255103
0.0166255103
0.0141244331
0.0125612599
0.0119359906
0.0103728173
0.0066212016
0.0050580284
0.0038074898
0.0028695858
0.0013064126
-0.0011946646
-0.0018199338
-0.0033831071
-0.0043210110
-0.0046336456
-0.0030704724
-0.0015072992
-0.0002567606
0.0013064126
0.0044327591
0.0053706630
0.0038074898
0.0019316819
-0.0002567606
-0.0008820299
0.0000558740
0.0041201244
0.0097475481
0.0153749717
0.0188139528
0.0200644914
0.0185013182
0.0125612599
0.0038074898
-0.0018199338
-0.0052589149
-0.0083852614
-0.0105737039
-0.0102610692
-0.0086978960
-0.0058841842
-0.0021325685
0.0028695858
0.0063085669
0.0097475481
0.0103728173
0.0106854520
0.0094349134
0.0094349134
0.0088096441
0.0059959323
0.0025569512
0.0003685087
-0.0011946646
-0.0008820299
0.0000558740
0.0009937780
0.0022443165
0.0022443165
0.0025569512
0.0028695858
0.0044327591
0.0044327591
0.0025569512
0.0006811433
0.0000558740
0.0003685087
0.0009937780
0.0016190473
0.0019316819
0.0031822205
0.0038074898
0.0031822205
0.0016190473
-0.0008820299
-0.0030704724
-0.0024452031
-0.0008820299
0.0022443165
0.0056832976
0.0075591055
0.0059959323
0.0019316819
-0.0021325685
-0.0027578378
0.0006811433
0.0066212016
0.0125612599
0.0172507796
0.0191265875
0.0191265875
0.0169381450
0.0144370678
0.0128738945
0.0103728173
0.0088096441
0.0081843748
0.0081843748
0.0084970095
0.0088096441
0.0084970095
0.0081843748
0.0075591055
0.0053706630
0.0031822205
0.0016190473
-0.0008820299
-0.0049462803
-0.0105737039
-0.0140126849
-0.0121368771
-0.0074473574
-0.0024452031
0.0006811433
0.0013064126
0.0006811433
-0.0008820299
-0.0024452031
-0.0049462803
-0.0068220881
-0.0061968189
-0.0030704724
0.0019316819
0.0066212016
0.0113107213
0.0150623371
0.0153749717
0.0150623371
0.0131865292
0.0106854520
0.0088096441
0.0069338362
0.0069338362
0.0075591055
0.0091222788
0.0091222788
0.0072464709
0.0031822205
0.0006811433
-0.0008820299
-0.0005693953
0.0006811433
0.0031822205
0.0047453937
0.0047453937
0.0031822205
0.0016190473
0.0006811433
-0.0002567606
-0.0005693953
-0.0002567606
0.0013064126
0.0047453937
0.0081843748
0.0100601827
0.0088096441
0.0072464709
0.0069338362
0.0075591055
0.0081843748
0.0094349134
0.0106854520
0.0103728173
0.0094349134
0.0075591055
0.0053706630
0.0038074898
0.0031822205
0.0047453937
0.0078717402
0.0113107213
0.0131865292
0.0122486252
0.0109980866
0.0091222788
0.0081843748
0.0059959323
0.0038074898
0.0003685087
-0.0021325685
-0.0036957417
-0.0055715496
-0.0077599921
-0.0096357999
-0.0102610692
-0.0071347228
-0.0027578378
0.0009937780
0.0025569512
0.0025569512
0.0006811433
-0.0030704724
-0.0043210110
-0.0027578378
0.0019316819
0.0066212016
0.0109980866
0.0138117985
0.0113107213
0.0069338362
0.0025569512
-0.0008820299
-0.0036957417
-0.0043210110
-0.0018199338
0.0016190473
0.0050580284
0.0075591055
0.0088096441
0.0097475481
0.0131865292
0.0166255103
0.0172507796
0.0156876064
0.0125612599
0.0103728173
0.0113107213
0.0100601827
0.0069338362
0.0028695858
0.0009937780
0.0006811433
0.0022443165
0.0025569512
0.0022443165
0.0038074898
0.0031822205
0.0006811433
-0.0033831071
-0.0071347228
-0.0102610692
-0.0124495117
-0.0124495117
-0.0102610692
-0.0061968189
-0.0021325685
0.0022443165
0.0050580284
0.0053706630
0.0034948551
0.0009937780
0.0006811433
0.0016190473
0.0019316819
0.0016190473
0.0016190473
0.0028695858
0.0047453937
0.0066212016
0.0069338362
0.0066212016
0.0053706630
0.0038074898
0.0006811433
-0.0043210110
-0.0071347228
-0.0040083763
0.0019316819
0.0078717402
0.0109980866
0.0131865292
0.0122486252
0.0106854520
0.0088096441
0.0075591055
0.0069338362
0.0075591055
0.0081843748
0.0088096441
0.0094349134
0.0088096441
0.0075591055
0.0066212016
0.0034948551
-0.0002567606
-0.0040083763
-0.0043210110
-0.0024452031
0.0009937780
0.0041201244
0.0053706630
0.0059959323
0.0059959323
0.0069338362
0.0091222788
0.0100601827
0.0109980866
0.0116233559
0.0113107213
0.0113107213
0.0097475481
0.0091222788
0.0084970095
0.0081843748
0.0069338362
0.0034948551
0.0000558740
0.0000558740
0.0006811433
0.0022443165
0.0041201244
0.0044327591
0.0038074898
0.0034948551
0.0047453937
0.0066212016
0.0069338362
0.0072464709
0.0066212016
0.0050580284
0.0025569512
-0.0005693953
-0.0024452031
-0.0024452031
-0.0002567606
0.0038074898
0.0072464709
0.0097475481
0.0088096441
0.0063085669
0.0034948551
0.0016190473
0.0006811433
0.0009937780
0.0022443165
0.0034948551
0.0044327591
0.0041201244
0.0047453937
0.0050580284
0.0050580284
0.0038074898
0.0019316819
-0.0002567606
-0.0024452031
-0.0024452031
0.0000558740
0.0044327591
0.0081843748
0.0113107213
0.0122486252
0.0116233559
0.0081843748
0.0034948551
-0.0002567606
-0.0033831071
-0.0055715496
-0.0061968189
-0.0052589149
-0.0018199338
0.0025569512
0.0059959323
0.0072464709
0.0059959323
0.0031822205
0.0009937780
-0.0005693953
-0.0008820299
0.0000558740
0.0009937780
0.0025569512
0.0038074898
0.0038074898
0.0028695858
0.0019316819
0.0009937780
0.0013064126
0.0013064126
0.0013064126
-0.0018199338
-0.0043210110
-0.0058841842
-0.0055715496
-0.0061968189
-0.0065094535
-0.0068220881
-0.0068220881
-0.0033831071
0.0016190473
0.0056832976
0.0075591055
0.0075591055
0.0072464709
0.0041201244
0.0003685087
-0.0024452031
-0.0024452031
-0.0005693953
0.0016190473
0.0041201244
0.0059959323
0.0069338362
0.0078717402
0.0091222788
0.0100601827
0.0125612599
0.0141244331
0.0156876064
0.0163128757
0.0166255103
0.0166255103
0.0147497024
0.0119359906
0.0100601827
0.0084970095
0.0063085669
0.0050580284
0.0019316819
0.0000558740
-0.0033831071
-0.0049462803
-0.0058841842
-0.0046336456
-0.0024452031
0.0019316819
0.0066212016
0.0097475481
0.0106854520
0.0100601827
0.0072464709
0.0038074898
0.0003685087
-0.0008820299
0.0000558740
0.0016190473
0.0031822205
0.0050580284
0.0069338362
0.0075591055
0.0081843748
0.0078717402
0.0069338362
0.0063085669
0.0056832976
0.0084970095
0.0100601827
0.0122486252
0.0131865292
0.0141244331
0.0153749717
0.0169381450
0.0160002410
0.0150623371
0.0131865292
0.0116233559
0.0097475481
0.0081843748
0.0072464709
0.0059959323
0.0063085669
0.0059959323
0.0066212016
0.0066212016
0.0059959323
0.0038074898
0.0031822205
0.0031822205
0.0038074898
0.0050580284
0.0053706630
0.0066212016
0.0069338362
0.0066212016
0.0056832976
0.0050580284
0.0053706630
0.0059959323
0.0066212016
0.0075591055
0.0075591055
0.0075591055
0.0081843748
0.0097475481
0.0109980866
0.0100601827
0.0069338362
0.0053706630
0.0044327591
0.0038074898
0.0031822205
0.0022443165
0.0022443165
0.0022443165
0.0028695858
0.0025569512
0.0041201244
0.0053706630
0.0056832976
0.0056832976
0.0047453937
0.0038074898
0.0016190473
-0.0002567606
-0.0002567606
-0.0002567606
0.0013064126
0.0025569512
0.0028695858
0.0028695858
0.0019316819
0.0006811433
0.0006811433
0.0013064126
0.0034948551
0.0047453937
0.0069338362
0.0063085669
0.0038074898
0.0000558740
-0.0036957417
-0.0052589149
-0.0061968189
-0.0052589149
-0.0033831071
-0.0008820299
0.0003685087
0.0016190473
0.0025569512
0.0034948551
0.0056832976
0.0056832976
0.0075591055
0.0094349134
0.0113107213
0.0116233559
0.0106854520
0.0081843748
0.0044327591
-0.0002567606
-0.0027578378
-0.0027578378
-0.0011946646
0.0013064126
0.0031822205
0.0050580284
0.0041201244
0.0019316819
-0.0008820299
-0.0018199338
-0.0005693953
0.0022443165
0.0050580284
0.0066212016
0.0053706630
0.0031822205
0.0013064126
0.0016190473
0.0031822205
0.0044327591
0.0056832976
0.0059959323
0.0053706630
0.0056832976
0.0047453937
0.0034948551
0.0031822205
0.0025569512
0.0038074898
0.0053706630
0.0072464709
0.0078717402
0.0084970095
0.0094349134
0.0103728173
0.0091222788
0.0075591055
0.0063085669
0.0053706630
0.0041201244
0.0034948551
0.0041201244
0.0053706630
0.0063085669
0.0047453937
0.0031822205
0.0022443165
0.0025569512
0.0031822205
0.0041201244
0.0053706630
0.0075591055
0.0094349134
0.0103728173
0.0106854520
0.0097475481
0.0081843748
0.0084970095
0.0072464709
0.0053706630
0.0022443165
-0.0002567606
-0.0011946646
0.0003685087
0.0034948551
0.0059959323
0.0066212016
0.0072464709
0.0081843748
0.0078717402
0.0069338362
0.0053706630
0.0053706630
0.0053706630
0.0053706630
0.0034948551
0.0016190473
0.0003685087
0.0003685087
0.0038074898
0.0053706630
0.0056832976
0.0041201244
0.0006811433
-0.0021325685
-0.0033831071
-0.0036957417
-0.0040083763
-0.0036957417
-0.0011946646
0.0013064126
0.0047453937
0.0078717402
0.0097475481
0.0109980866
0.0106854520
0.0094349134
0.0063085669
0.0019316819
-0.0008820299
-0.0030704724
-0.0021325685
-0.0008820299
0.0000558740
0.0016190473
0.0022443165
0.0038074898
0.0050580284
0.0059959323
0.0050580284
0.0044327591
0.0031822205
0.0019316819
0.0022443165
0.0022443165
0.0028695858
0.0025569512
0.0034948551
0.0053706630
0.0075591055
0.0094349134
0.0103728173
0.0094349134
0.0066212016
0.0034948551
0.0025569512
0.0016190473
0.0025569512
0.0028695858
0.0031822205
0.0025569512
0.0028695858
0.0041201244
0.0056832976
0.0075591055
0.0094349134
0.0113107213
0.0281929924
0.0682102283
0.1032253108
0.1076021962
0.0741502869
0.0144370678
-0.0471519565
-0.0881070930
-0.0996745741
-0.0856060160
-0.0555930916
-0.0221411856
0.0013064126
0.0072464709
-0.0018199338
-0.0171390313
-0.0165137620
0.0235034726
0.0769639989
0.1069769269
0.0904072894
0.0381973012
-0.0252675320
-0.0740385348
-0.0915460739
-0.0802912274
-0.0487151297
-0.0124495117
0.0144370678
0.0260045498
0.0263171844
0.0216276647
0.0181886835
0.0156876064
0.0081843748
-0.0005693953
-0.0049462803
-0.0021325685
0.0072464709
0.0181886835
0.0250666458
0.0269424537
0.0238161072
0.0194392221
0.0172507796
0.0169381450
0.0188139528
0.0219402993
0.0238161072
0.0210023954
0.0138117985
0.0041201244
-0.0040083763
-0.0043210110
0.0009937780
0.0066212016
0.0094349134
0.0091222788
0.0072464709
0.0053706630
0.0056832976
0.0091222788
0.0134991638
0.0163128757
0.0169381450
0.0169381450
0.0153749717
0.0131865292
0.0122486252
0.0128738945
0.0141244331
0.0131865292
0.0109980866
0.0091222788
0.0097475481
0.0131865292
0.0163128757
0.0185013182
0.0203771261
0.0188139528
0.0147497024
0.0084970095
0.0025569512
-0.0002567606
-0.0005693953
0.0016190473
0.0041201244
0.0041201244
0.0003685087
-0.0058841842
-0.0127621464
-0.0193274738
-0.0240169934
-0.0252675320
-0.0227664549
-0.0177643006
-0.0124495117
-0.0090105306
-0.0077599921
-0.0074473574
-0.0077599921
-0.0086978960
-0.0093231653
-0.0099484346
-0.0093231653
-0.0068220881
-0.0024452031
0.0019316819
0.0066212016
0.0106854520
0.0138117985
0.0163128757
0.0166255103
0.0141244331
0.0103728173
0.0059959323
0.0025569512
0.0003685087
-0.0011946646
-0.0011946646
0.0009937780
0.0009937780
-0.0021325685
-0.0040083763
-0.0033831071
-0.0011946646
0.0003685087
0.0006811433
0.0000558740
-0.0002567606
-0.0011946646
-0.0021325685
-0.0040083763
-0.0058841842
-0.0071347228
-0.0052589149
-0.0021325685
0.0022443165
0.0013064126
0.0000558740
0.0000558740
0.0034948551
0.0066212016
0.0078717402
0.0097475481
0.0106854520
0.0097475481
0.0084970095
0.0072464709
0.0072464709
0.0081843748
0.0084970095
0.0072464709
0.0066212016
0.0047453937
0.0003685087
-0.0043210110
-0.0083852614
-0.0105737039
-0.0102610692
-0.0071347228
-0.0033831071
-0.0002567606
0.0009937780
0.0025569512
0.0031822205
0.0056832976
0.0100601827
0.0138117985
0.0178760489
0.0210023954
0.0235034726
0.0231908379
0.0219402993
0.0206897607
0.0181886835
0.0169381450
0.0131865292
0.0078717402
0.0019316819
-0.0058841842
-0.0146379542
-0.0227664549
-0.0280812437
-0.0287065130
-0.0233917241
-0.0149505888
-0.0040083763
0.0063085669
0.0138117985
0.0163128757
0.0185013182
0.0203771261
0.0210023954
0.0210023954
0.0216276647
0.0216276647
0.0172507796
0.0088096441
-0.0015072992
-0.0124495117
-0.0205780124
-0.0255801666
-0.0252675320
-0.0215159163
-0.0155758581
-0.0099484346
-0.0071347228
-0.0077599921
-0.0099484346
-0.0099484346
-0.0058841842
0.0041201244
0.0188139528
0.0335077814
0.0444499943
0.0503900528
0.0519532261
0.0475763409
0.0410110131
0.0322572428
0.0225655686
0.0138117985
0.0072464709
0.0009937780
-0.0058841842
-0.0108863385
-0.0152632235
-0.0168263967
-0.0155758581
-0.0102610692
-0.0033831071
0.0016190473
0.0041201244
0.0038074898
0.0013064126
-0.0005693953
-0.0008820299
-0.0002567606
0.0009937780
0.0028695858
0.0034948551
0.0031822205
0.0031822205
0.0028695858
0.0028695858
0.0034948551
0.0034948551
0.0034948551
0.0013064126
-0.0011946646
-0.0024452031
-0.0027578378
-0.0015072992
0.0000558740
0.0019316819
0.0022443165
0.0022443165
0.0031822205
0.0031822205
0.0028695858
0.0016190473
0.0003685087
0.0003685087
0.0006811433
0.0019316819
0.0044327591
0.0066212016
0.0100601827
0.0125612599
0.0150623371
0.0153749717
0.0147497024
0.0119359906
0.0081843748
0.0044327591
0.0013064126
-0.0005693953
-0.0005693953
-0.0005693953
-0.0021325685
-0.0033831071
-0.0024452031
0.0016190473
0.0056832976
0.0069338362
0.0063085669
0.0050580284
0.0041201244
0.0041201244
0.0047453937
0.0047453937
0.0044327591
0.0044327591
0.0063085669
0.0066212016
0.0063085669
0.0047453937
0.0031822205
0.0006811433
-0.0024452031
-0.0043210110
-0.0052589149
-0.0058841842
-0.0055715496
-0.0043210110
-0.0011946646
0.0013064126
0.0044327591
0.0078717402
0.0097475481
0.0100601827
0.0100601827
0.0088096441
0.0075591055
0.0041201244
0.0003685087
-0.0021325685
-0.0030704724
-0.0011946646
0.0009937780
0.0047453937
0.0084970095
0.0106854520
0.0116233559
0.0103728173
0.0075591055
0.0053706630
0.0038074898
0.0022443165
0.0009937780
-0.0005693953
-0.0005693953
-0.0002567606
0.0019316819
0.0041201244
0.0072464709
0.0088096441
0.0088096441
0.0072464709
0.0059959323
0.0028695858
0.0006811433
0.0006811433
0.0003685087
0.0016190473
0.0016190473
0.0016190473
0.0006811433
0.0016190473
0.0006811433
-0.0005693953
-0.0011946646
-0.0011946646
-0.0002567606
-0.0005693953
-0.0015072992
-0.0018199338
-0.0008820299
0.0009937780
0.0019316819
0.0019316819
0.0019316819
0.0019316819
0.0013064126
0.0000558740
-0.0002567606
0.0006811433
0.0034948551
0.0063085669
0.0066212016
0.0056832976
0.0028695858
0.0009937780
0.0009937780
0.0019316819
0.0038074898
0.0050580284
0.0056832976
0.0063085669
0.0066212016
0.0059959323
0.0050580284
0.0041201244
0.0038074898
0.0038074898
0.0028695858
0.0016190473
0.0003685087
0.0006811433
0.0016190473
0.0019316819
0.0031822205
0.0025569512
0.0038074898
0.0047453937
0.0059959323
0.0059959323
0.0053706630
0.0028695858
-0.0005693953
-0.0046336456
-0.0061968189
-0.0074473574
-0.0058841842
-0.0030704724
0.0000558740
0.0016190473
0.0025569512
0.0019316819
0.0009937780
0.0003685087
0.0000558740
0.0003685087
0.0016190473
0.0022443165
0.0025569512
0.0031822205
0.0053706630
0.0078717402
0.0100601827
0.0125612599
0.0153749717
0.0169381450
0.0172507796
0.0150623371
0.0119359906
0.0094349134
0.0069338362
0.0050580284
0.0022443165
0.0003685087
-0.0021325685
-0.0036957417
-0.0055715496
-0.0068220881
-0.0077599921
-0.0083852614
-0.0086978960
-0.0077599921
-0.0068220881
-0.0046336456
-0.0024452031
0.0003685087
0.0038074898
0.0078717402
0.0097475481
0.0103728173
0.0094349134
0.0094349134
0.0097475481
0.0094349134
0.0081843748
0.0072464709
0.0047453937
0.0041201244
0.0038074898
0.0038074898
0.0038074898
0.0041201244
0.0044327591
0.0063085669
0.0078717402
0.0097475481
0.0106854520
0.0103728173
0.0094349134
0.0075591055
0.0063085669
0.0028695858
0.0022443165
0.0019316819
0.0041201244
0.0069338362
0.0081843748
0.0072464709
0.0038074898
0.0000558740
-0.0015072992
-0.0015072992
-0.0008820299
0.0003685087
0.0022443165
0.0028695858
0.0028695858
0.0022443165
0.0028695858
0.0025569512
0.0025569512
0.0050580284
0.0075591055
0.0103728173
0.0122486252
0.0119359906
0.0091222788
0.0059959323
0.0041201244
0.0038074898
0.0034948551
0.0038074898
0.0034948551
0.0031822205
0.0031822205
0.0019316819
0.0009937780
0.0016190473
0.0016190473
0.0028695858
0.0047453937
0.0066212016
0.0081843748
0.0088096441
0.0088096441
0.0078717402
0.0069338362
0.0053706630
0.0019316819
-0.0002567606
-0.0015072992
-0.0008820299
-0.0002567606
0.0000558740
0.0006811433
0.0025569512
0.0044327591
0.0069338362
0.0072464709
0.0069338362
0.0056832976
0.0050580284
0.0050580284
0.0053706630
0.0063085669
0.0059959323
0.0047453937
0.0031822205
0.0009937780
0.0009937780
0.0025569512
0.0044327591
0.0069338362
0.0078717402
0.0069338362
0.0053706630
0.0031822205
0.0013064126
0.0000558740
0.0003685087
-0.0002567606
0.0013064126
0.0022443165
0.0038074898
0.0047453937
0.0053706630
0.0063085669
0.0066212016
0.0069338362
0.0066212016
0.0053706630
0.0041201244
0.0019316819
-0.0011946646
-0.0030704724
-0.0027578378
-0.0021325685
-0.0005693953
0.0000558740
-0.0008820299
-0.0024452031
-0.0018199338
-0.0002567606
0.0013064126
0.0034948551
0.0063085669
0.0066212016
0.0053706630
0.0038074898
0.0025569512
0.0025569512
0.0044327591
0.0081843748
0.0119359906
0.0153749717
0.0169381450
0.0169381450
0.0144370678
0.0103728173
0.0050580284
0.0013064126
-0.0021325685
-0.0033831071
-0.0021325685
-0.0002567606
0.0025569512
0.0050580284
0.0075591055
0.0091222788
0.0097475481
0.0103728173
0.0106854520
0.0103728173
0.0100601827
0.0075591055
0.0053706630
0.0031822205
0.0022443165
0.0041201244
0.0059959323
0.0088096441
0.0094349134
0.0088096441
0.0081843748
0.0075591055
0.0066212016
0.0063085669
0.0063085669
0.0044327591
0.0031822205
0.0016190473
0.0003685087
-0.0002567606
-0.0005693953
0.0003685087
0.0009937780
0.0016190473
0.0022443165
0.0028695858
0.0056832976
0.0078717402
0.0081843748
0.0069338362
0.0059959323
0.0050580284
0.0059959323
0.0059959323
0.0059959323
0.0063085669
0.0050580284
0.0019316819
-0.0002567606
-0.0033831071
-0.0052589149
-0.0068220881
-0.0071347228
-0.0058841842
-0.0046336456
-0.0021325685
-0.0002567606
0.0003685087
0.0006811433
0.0013064126
0.0016190473
0.0009937780
0.0013064126
0.0006811433
0.0006811433
0.0019316819
0.0044327591
0.0072464709
0.0097475481
0.0128738945
0.0147497024
0.0150623371
0.0147497024
0.0134991638
0.0116233559
0.0088096441
0.0056832976
0.0016190473
-0.0021325685
-0.0058841842
-0.0074473574
-0.0071347228
-0.0061968189
-0.0036957417
-0.0011946646
0.0009937780
0.0025569512
0.0031822205
0.0041201244
0.0041201244
0.0047453937
0.0050580284
0.0038074898
0.0025569512
0.0019316819
0.0019316819
0.0013064126
-0.0002567606
-0.0015072992
-0.0018199338
-0.0008820299
0.0022443165
0.0028695858
0.0019316819
0.0006811433
0.0009937780
0.0019316819
0.0038074898
0.0053706630
0.0069338362
0.0063085669
0.0053706630
0.0034948551
0.0016190473
0.0006811433
-0.0002567606
-0.0011946646
0.0003685087
0.0019316819
0.0044327591
0.0063085669
0.0075591055
0.0075591055
0.0066212016
0.0059959323
0.0053706630
0.0044327591
0.0038074898
0.0041201244
0.0066212016
0.0084970095
0.0113107213
0.0116233559
0.0109980866
0.0088096441
0.0059959323
0.0041201244
0.0022443165
0.0003685087
-0.0011946646
-0.0011946646
0.0000558740
0.0009937780
0.0016190473
0.0013064126
0.0000558740
-0.0005693953
-0.0005693953
0.0006811433
0.0013064126
0.0025569512
0.0022443165
0.0031822205
0.0025569512
0.0009937780
-0.0018199338
-0.0043210110
-0.0058841842
-0.0058841842
-0.0046336456
-0.0036957417
-0.0036957417
-0.0033831071
-0.0021325685
0.0000558740
0.0019316819
0.0028695858
0.0034948551
0.0038074898
0.0044327591
0.0056832976
0.0075591055
0.0091222788
0.0106854520
0.0109980866
0.0116233559
0.0103728173
0.0091222788
0.0069338362
0.0053706630
0.0028695858
0.0003685087
-0.0024452031
-0.0040083763
-0.0043210110
-0.0030704724
-0.0008820299
0.0013064126
0.0028695858
0.0031822205
0.0028695858
0.0031822205
0.0044327591
0.0063085669
0.0091222788
0.0116233559
0.0138117985
0.0144370678
0.0141244331
0.0128738945
0.0109980866
0.0084970095
0.0047453937
0.0031822205
0.0016190473
0.0009937780
0.0003685087
0.0006811433
0.0016190473
0.0013064126
-0.0005693953
-0.0011946646
-0.0002567606
0.0009937780
0.0016190473
0.0013064126
0.0013064126
-0.0002567606
-0.0015072992
-0.0008820299
-0.0005693953
0.0009937780
0.0016190473
0.0016190473
0.0006811433
-0.0005693953
-0.0015072992
-0.0008820299
0.0016190473
0.0044327591
0.0075591055
0.0084970095
0.0081843748
0.0053706630
0.0031822205
0.0006811433
-0.0005693953
-0.0011946646
-0.0018199338
-0.0011946646
-0.0002567606
0.0003685087
0.0013064126
0.0019316819
0.0031822205
0.0044327591
0.0053706630
0.0059959323
0.0066212016
0.0072464709
0.0084970095
0.0094349134
0.0088096441
0.0075591055
0.0053706630
0.0047453937
0.0044327591
0.0047453937
0.0059959323
0.0066212016
0.0069338362
0.0066212016
0.0072464709
0.0097475481
0.0109980866
0.0125612599
0.0119359906
0.0106854520
0.0088096441
0.0069338362
0.0041201244
0.0006811433
-0.0018199338
-0.0049462803
-0.0065094535
-0.0074473574
-0.0065094535
-0.0058841842
-0.0040083763
-0.0033831071
-0.0027578378
-0.0024452031
-0.0008820299
0.0016190473
0.0041201244
0.0050580284
0.0041201244
0.0038074898
0.0019316819
0.0016190473
0.0006811433
0.0009937780
0.0016190473
0.0034948551
0.0053706630
0.0063085669
0.0069338362
0.0072464709
0.0072464709
0.0056832976
0.0041201244
0.0019316819
0.0006811433
0.0006811433
0.0013064126
0.0025569512
0.0041201244
0.0066212016
0.0081843748
0.0091222788
0.0075591055
0.0050580284
0.0025569512
0.0006811433
-0.0008820299
-0.0005693953
0.0006811433
0.0025569512
0.0044327591
0.0047453937
0.0038074898
0.0006811433
-0.0024452031
-0.0055715496
-0.0061968189
-0.0046336456
-0.0011946646
0.0019316819
0.0038074898
0.0044327591
0.0025569512
0.0000558740
-0.0027578378
-0.0024452031
0.0006811433
0.0041201244
0.0081843748
0.0119359906
0.0131865292
0.0134991638
0.0116233559
0.0094349134
0.0059959323
0.0041201244
0.0022443165
0.0009937780
0.0000558740
-0.0005693953
-0.0015072992
-0.0005693953
0.0000558740
0.0006811433
0.0022443165
0.0034948551
0.0050580284
0.0050580284
0.0050580284
0.0056832976
0.0066212016
0.0066212016
0.0072464709
0.0066212016
0.0069338362
0.0069338362
0.0084970095
0.0094349134
0.0094349134
0.0094349134
0.0081843748
0.0072464709
0.0063085669
0.0063085669
0.0056832976
0.0050580284
0.0041201244
0.0031822205
0.0013064126
-0.0008820299
-0.0021325685
-0.0033831071
-0.0043210110
-0.0036957417
-0.0033831071
-0.0030704724
-0.0030704724
-0.0024452031
-0.0021325685
-0.0005693953
0.0013064126
0.0025569512
0.0028695858
0.0031822205
0.0041201244
0.0028695858
0.0019316819
0.0022443165
0.0022443165
0.0031822205
0.0038074898
0.0034948551
0.0025569512
0.0019316819
0.0013064126
0.0013064126
0.0016190473
0.0022443165
0.0038074898
0.0047453937
0.0044327591
0.0034948551
0.0025569512
0.0013064126
0.0000558740
-0.0011946646
-0.0030704724
-0.0036957417
-0.0030704724
-0.0027578378
-0.0033831071
-0.0046336456
-0.0046336456
-0.0046336456
-0.0033831071
-0.0021325685
0.0000558740
0.0019316819
0.0041201244
0.0063085669
0.0084970095
0.0100601827
0.0113107213
0.0109980866
0.0097475481
0.0094349134
0.0091222788
0.0100601827
0.0103728173
0.0103728173
0.0084970095
0.0059959323
0.0038074898
0.0031822205
0.0041201244
0.0063085669
0.0081843748
0.0100601827
0.0103728173
0.0088096441
0.0066212016
0.0050580284
0.0034948551
0.0013064126
-0.0002567606
-0.0011946646
-0.0002567606
0.0000558740
0.0016190473
0.0025569512
0.0047453937
0.0066212016
0.0078717402
0.0069338362
0.0050580284
0.0009937780
-0.0052589149
-0.0111989731
-0.0162011274
-0.0165137620
-0.0137000503
-0.0096357999
-0.0049462803
-0.0008820299
0.0034948551
0.0072464709
0.0113107213
0.0134991638
0.0128738945
0.0113107213
0.0081843748
0.0050580284
0.0028695858
0.0028695858
0.0038074898
0.0047453937
0.0047453937
0.0056832976
0.0056832976
0.0050580284
0.0034948551
0.0025569512
0.0016190473
0.0009937780
0.0025569512
0.0041201244
0.0063085669
0.0075591055
0.0088096441
0.0094349134
0.0091222788
0.0059959323
-0.0002567606
-0.0052589149
-0.0086978960
-0.0096357999
-0.0086978960
-0.0049462803
0.0016190473
0.0072464709
0.0103728173
0.0116233559
0.0141244331
0.0166255103
0.0172507796
0.0119359906
0.0044327591
-0.0021325685
-0.0065094535
-0.0080726267
-0.0058841842
-0.0024452031
0.0009937780
0.0019316819
0.0009937780
0.0003685087
-0.0008820299
-0.0011946646
-0.0024452031
-0.0024452031
-0.0021325685
-0.0005693953
0.0013064126
0.0044327591
0.0075591055
0.0106854520
0.0122486252
0.0125612599
0.0109980866
0.0081843748
0.0041201244
0.0000558740
-0.0015072992
-0.0011946646
-0.0015072992
-0.0021325685
-0.0036957417
-0.0055715496
-0.0055715496
-0.0052589149
-0.0040083763
-0.0011946646
0.0019316819
0.0041201244
0.0038074898
0.0019316819
-0.0018199338
-0.0055715496
-0.0077599921
-0.0077599921
-0.0058841842
-0.0021325685
0.0009937780
0.0044327591
0.0069338362
0.0075591055
0.0081843748
0.0078717402
0.0063085669
0.0059959323
0.0050580284
0.0056832976
0.0059959323
0.0050580284
0.0034948551
0.0025569512
0.0016190473
0.0025569512
0.0022443165
0.0016190473
0.0009937780
0.0003685087
0.0003685087
0.0019316819
0.0047453937
0.0075591055
0.0084970095
0.0078717402
0.0056832976
0.0034948551
0.0009937780
-0.0002567606
-0.0005693953
0.0003685087
0.0019316819
0.0016190473
-0.0002567606
-0.0027578378
-0.0049462803
-0.0061968189
-0.0061968189
-0.0061968189
-0.0055715496
-0.0046336456
-0.0021325685
0.0009937780
0.0044327591
0.0088096441
0.0125612599
0.0144370678
0.0131865292
0.0103728173
0.0069338362
0.0031822205
0.0009937780
0.0006811433
0.0028695858
0.0044327591
0.0056832976
0.0063085669
0.0066212016
0.0072464709
0.0072464709
0.0069338362
0.0056832976
0.0050580284
0.0041201244
0.0044327591
0.0034948551
0.0028695858
0.0028695858
0.0022443165
0.0016190473
0.0009937780
-0.0002567606
-0.0005693953
0.0009937780
0.0025569512
0.0050580284
0.0063085669
0.0056832976
0.0031822205
0.0009937780
-0.0011946646
-0.0024452031
-0.0024452031
-0.0011946646
0.0006811433
0.0016190473
0.0022443165
0.0022443165
0.0016190473
0.0025569512
0.0028695858
0.0053706630
0.0075591055
0.0106854520
0.0134991638
0.0150623371
0.0156876064
0.0141244331
0.0109980866
0.0072464709
0.0034948551
-0.0002567606
-0.0033831071
-0.0071347228
-0.0102610692
-0.0127621464
-0.0152632235
-0.0168263967
-0.0155758581
-0.0115116078
-0.0052589149
0.0009937780
0.0063085669
0.0088096441
0.0100601827
0.0106854520
0.0109980866
0.0122486252
0.0147497024
0.0185013182
0.0210023954
0.0206897607
0.0166255103
0.0088096441
-0.0027578378
-0.0133874156
-0.0221411856
-0.0277686091
-0.0299570515
-0.0315202247
-0.0324581286
-0.0337086672
-0.0321454940
-0.0283938784
-0.0212032817
-0.0111989731
0.0009937780
0.0134991638
0.0241287419
0.0313193389
0.0344456854
0.0335077814
0.0294435310
0.0238161072
0.0169381450
0.0113107213
0.0059959323
0.0003685087
-0.0036957417
-0.0077599921
-0.0096357999
-0.0093231653
-0.0068220881
-0.0024452031
0.0019316819
0.0059959323
0.0084970095
0.0103728173
0.0097475481
0.0078717402
0.0053706630
0.0038074898
0.0028695858
0.0031822205
0.0041201244
0.0053706630
0.0053706630
0.0038074898
0.0016190473
-0.0008820299
-0.0018199338
-0.0027578378
-0.0015072992
0.0013064126
0.0031822205
0.0038074898
0.0041201244
0.0025569512
0.0009937780
-0.0018199338
-0.0036957417
-0.0049462803
-0.0036957417
-0.0005693953
0.0025569512
0.0050580284
0.0056832976
0.0047453937
0.0022443165
-0.0002567606
-0.0027578378
-0.0040083763
-0.0043210110
-0.0024452031
-0.0008820299
0.0022443165
0.0044327591
0.0050580284
0.0044327591
0.0031822205
0.0025569512
0.0034948551
0.0044327591
0.0056832976
0.0069338362
0.0072464709
0.0069338362
0.0053706630
0.0025569512
0.0016190473
0.0016190473
0.0034948551
0.0053706630
0.0078717402
0.0091222788
0.0094349134
0.0081843748
0.0066212016
0.0059959323
0.0059959323
0.0063085669
0.0066212016
0.0059959323
0.0047453937
0.0031822205
0.0022443165
0.0019316819
0.0006811433
-0.0008820299
-0.0024452031
-0.0033831071
-0.0036957417
-0.0036957417
-0.0049462803
-0.0052589149
-0.0043210110
-0.0040083763
-0.0040083763
-0.0046336456
-0.0058841842
-0.0068220881
-0.0061968189
-0.0055715496
-0.0046336456
-0.0033831071
-0.0033831071
-0.0030704724
-0.0027578378
-0.0024452031
-0.0018199338
-0.0008820299
0.0003685087
0.0022443165
0.0053706630
0.0072464709
0.0088096441
0.0084970095
0.0081843748
0.0091222788
0.0094349134
0.0091222788
0.0078717402
0.0050580284
0.0019316819
-0.0015072992
-0.0055715496
-0.0068220881
-0.0065094535
-0.0055715496
-0.0033831071
-0.0008820299
0.0009937780
0.0025569512
0.0022443165
0.0019316819
0.0013064126
0.0006811433
0.0003685087
0.0013064126
0.0009937780
0.0022443165
0.0025569512
0.0019316819
0.0013064126
0.0006811433
0.0000558740
0.0006811433
0.0013064126
0.0009937780
0.0003685087
-0.0018199338
-0.0021325685
-0.0021325685
-0.0002567606
0.0019316819
0.0028695858
0.0031822205
0.0031822205
0.0025569512
0.0019316819
0.0009937780
0.0016190473
0.0022443165
0.0053706630
0.0075591055
0.0088096441
0.0066212016
0.0034948551
-0.0002567606
-0.0027578378
-0.0040083763
-0.0036957417
-0.0027578378
-0.0011946646
-0.0015072992
-0.0030704724
-0.0043210110
-0.0074473574
-0.0077599921
-0.0065094535
-0.0030704724
0.0025569512
0.0063085669
0.0081843748
0.0081843748
0.0075591055
0.0069338362
0.0066212016
0.0075591055
0.0100601827
0.0131865292
0.0147497024
0.0144370678
0.0122486252
0.0094349134
0.0066212016
0.0047453937
0.0025569512
0.0006811433
-0.0027578378
-0.0061968189
-0.0105737039
-0.0149505888
-0.0171390313
-0.0183895699
-0.0168263967
-0.0140126849
-0.0090105306
-0.0030704724
0.0019316819
0.0047453937
0.0053706630
0.0044327591
0.0044327591
0.0044327591
0.0050580284
0.0050580284
0.0050580284
0.0044327591
0.0044327591
0.0038074898
0.0047453937
0.0041201244
0.0053706630
0.0059959323
0.0066212016
0.0075591055
0.0078717402
0.0069338362
0.0059959323
0.0044327591
0.0031822205
0.0016190473
-0.0005693953
-0.0015072992
-0.0018199338
-0.0011946646
-0.0008820299
0.0000558740
0.0013064126
0.0013064126
0.0028695858
0.0041201244
0.0069338362
0.0094349134
0.0116233559
0.0116233559
0.0103728173
0.0084970095
0.0069338362
0.0047453937
0.0013064126
-0.0018199338
-0.0049462803
-0.0074473574
-0.0086978960
-0.0093231653
-0.0083852614
-0.0074473574
-0.0055715496
-0.0036957417
-0.0005693953
0.0028695858
0.0059959323
0.0094349134
0.0116233559
0.0125612599
0.0128738945
0.0119359906
0.0109980866
0.0081843748
0.0059959323
0.0038074898
0.0006811433
-0.0015072992
-0.0033831071
-0.0049462803
-0.0058841842
-0.0068220881
-0.0083852614
-0.0093231653
-0.0093231653
-0.0083852614
-0.0080726267
-0.0074473574
-0.0077599921
-0.0058841842
-0.0033831071
-0.0005693953
0.0022443165
0.0044327591
0.0063085669
0.0066212016
0.0063085669
0.0056832976
0.0050580284
0.0047453937
0.0038074898
0.0038074898
0.0022443165
-0.0002567606
-0.0008820299
0.0000558740
0.0016190473
0.0047453937
0.0088096441
0.0119359906
0.0128738945
0.0138117985
0.0125612599
0.0113107213
0.0097475481
0.0088096441
0.0081843748
0.0075591055
0.0069338362
0.0059959323
0.0050580284
0.0034948551
0.0019316819
0.0000558740
-0.0011946646
-0.0021325685
-0.0036957417
-0.0040083763
-0.0052589149
-0.0058841842
-0.0061968189
-0.0052589149
-0.0043210110
-0.0030704724
-0.0015072992
0.0000558740
0.0006811433
0.0013064126
0.0006811433
0.0006811433
0.0006811433
0.0013064126
0.0003685087
-0.0005693953
-0.0027578378
-0.0052589149
-0.0077599921
-0.0093231653
-0.0093231653
-0.0080726267
-0.0058841842
-0.0030704724
-0.0005693953
0.0019316819
0.0044327591
0.0047453937
0.0044327591
0.0034948551
0.0028695858
0.0031822205
0.0038074898
0.0038074898
0.0041201244
0.0044327591
0.0044327591
0.0041201244
0.0053706630
0.0053706630
0.0069338362
0.0091222788
0.0125612599
0.0172507796
0.0216276647
0.0244413765
0.0247540112
0.0235034726
0.0200644914
0.0163128757
0.0128738945
0.0091222788
0.0053706630
0.0019316819
-0.0008820299
-0.0018199338
-0.0030704724
-0.0040083763
-0.0040083763
-0.0046336456
-0.0036957417
-0.0027578378
-0.0024452031
-0.0027578378
-0.0033831071
-0.0043210110
-0.0052589149
-0.0065094535
-0.0077599921
-0.0090105306
-0.0102610692
-0.0118242424
-0.0121368771
-0.0111989731
-0.0093231653
-0.0061968189
-0.0027578378
-0.0008820299
-0.0005693953
-0.0011946646
-0.0024452031
-0.0018199338
-0.0008820299
-0.0015072992
-0.0030704724
-0.0030704724
-0.0008820299
0.0006811433
0.0022443165
0.0009937780
-0.0008820299
-0.0024452031
-0.0036957417
-0.0021325685
-0.0002567606
0.0022443165
0.0038074898
0.0047453937
0.0056832976
0.0066212016
0.0069338362
0.0066212016
0.0059959323
0.0072464709
0.0088096441
0.0125612599
0.0153749717
0.0160002410
0.0144370678
0.0116233559
0.0078717402
0.0044327591
0.0016190473
0.0016190473
0.0031822205
0.0063085669
0.0103728173
0.0128738945
0.0122486252
0.0094349134
0.0059959323
0.0028695858
0.0006811433
0.0009937780
0.0022443165
0.0044327591
0.0066212016
0.0084970095
0.0084970095
0.0066212016
0.0047453937
0.0022443165
0.0000558740
-0.0011946646
-0.0021325685
-0.0024452031
-0.0011946646
-0.0005693953
-0.0002567606
-0.0021325685
-0.0049462803
-0.0080726267
-0.0111989731
-0.0124495117
-0.0118242424
-0.0099484346
-0.0080726267
-0.0071347228
-0.0065094535
-0.0046336456
-0.0024452031
-0.0005693953
0.0013064126
0.0022443165
0.0038074898
0.0038074898
0.0044327591
0.0053706630
0.0056832976
0.0041201244
0.0025569512
-0.0002567606
-0.0036957417
-0.0065094535
-0.0083852614
-0.0083852614
-0.0083852614
-0.0071347228
-0.0052589149
-0.0030704724
-0.0015072992
-0.0005693953
0.0041201244
0.0557048420
0.1945146376
0.3652131924
0.4755732613
0.4777617047
0.3789691211
0.2354697831
0.0816535188
-0.0462140526
-0.1103041512
-0.1156189398
-0.0909208046
-0.0662226691
-0.0634089574
-0.0868565545
-0.1259358822
-0.1706426318
-0.2140988417
-0.2528655316
-0.2856921635
-0.3019491619
-0.2294179370
-0.0115116078
0.2457867283
0.4008535533
0.3867849897
0.2439109201
0.0460131676
-0.1337517476
-0.2234778797
-0.2187883607
-0.1568867090
-0.0821670351
-0.0315202247
-0.0165137620
-0.0293317823
-0.0555930916
-0.0765396118
-0.0843554775
-0.0756017080
-0.0546551877
-0.0290191476
-0.0024452031
0.0172507796
0.0228782033
0.0144370678
0.0000558740
-0.0111989731
-0.0143253196
-0.0086978960
0.0016190473
0.0138117985
0.0272550884
0.0347583200
0.0347583200
0.0297561656
0.0250666458
0.0206897607
0.0197518568
0.0222529340
0.0260045498
0.0297561656
0.0306940696
0.0285056270
0.0225655686
0.0169381450
0.0103728173
0.0028695858
-0.0049462803
-0.0096357999
-0.0086978960
-0.0024452031
0.0059959323
0.0125612599
0.0138117985
0.0103728173
0.0044327591
-0.0008820299
-0.0036957417
-0.0030704724
-0.0018199338
-0.0018199338
-0.0043210110
-0.0080726267
-0.0149505888
-0.0233917241
-0.0315202247
-0.0343339365
-0.0293317823
-0.0171390313
-0.0015072992
0.0113107213
0.0197518568
0.0225655686
0.0181886835
0.0084970095
-0.0015072992
-0.0080726267
-0.0093231653
-0.0043210110
0.0053706630
0.0160002410
0.0200644914
0.0156876064
0.0072464709
0.0019316819
0.0016190473
0.0034948551
0.0063085669
0.0084970095
0.0109980866
0.0122486252
0.0097475481
0.0031822205
-0.0052589149
-0.0111989731
-0.0127621464
-0.0099484346
-0.0036957417
0.0041201244
0.0081843748
0.0078717402
0.0038074898
0.0000558740
-0.0024452031
-0.0033831071
-0.0024452031
-0.0005693953
0.0041201244
0.0097475481
0.0128738945
0.0113107213
0.0066212016
0.0025569512
0.0022443165
0.0044327591
0.0059959323
0.0059959323
0.0034948551
0.0025569512
0.0034948551
0.0041201244
0.0003685087
-0.0052589149
-0.0093231653
-0.0111989731
-0.0115116078
-0.0077599921
-0.0015072992
0.0019316819
0.0019316819
0.0000558740
-0.0021325685
-0.0046336456
-0.0046336456
-0.0033831071
-0.0024452031
-0.0018199338
-0.0011946646
-0.0008820299
0.0003685087
0.0013064126
0.0022443165
0.0028695858
0.0041201244
0.0041201244
0.0041201244
0.0063085669
0.0091222788
0.0097475481
0.0081843748
0.0069338362
0.0059959323
0.0072464709
0.0078717402
0.0081843748
0.0109980866
0.0141244331
0.0175634143
0.0191265875
0.0203771261
0.0197518568
0.0163128757
0.0122486252
0.0081843748
0.0056832976
0.0041201244
0.0025569512
-0.0021325685
-0.0090105306
-0.0137000503
-0.0146379542
-0.0096357999
-0.0033831071
0.0016190473
0.0028695858
0.0022443165
-0.0005693953
-0.0040083763
-0.0096357999
-0.0133874156
-0.0149505888
-0.0140126849
-0.0108863385
-0.0080726267
-0.0052589149
-0.0021325685
0.0003685087
0.0025569512
0.0034948551
0.0047453937
0.0069338362
0.0103728173
0.0134991638
0.0156876064
0.0138117985
0.0084970095
0.0019316819
-0.0021325685
-0.0036957417
-0.0024452031
-0.0008820299
-0.0011946646
-0.0033831071
-0.0052589149
-0.0033831071
0.0006811433
0.0038074898
0.0047453937
0.0034948551
0.0013064126
-0.0015072992
-0.0036957417
-0.0043210110
-0.0024452031
0.0013064126
0.0031822205
0.0059959323
0.0084970095
0.0100601827
0.0091222788
0.0078717402
0.0078717402
0.0100601827
0.0119359906
0.0119359906
0.0091222788
0.0031822205
-0.0011946646
-0.0027578378
-0.0011946646
0.0016190473
0.0047453937
0.0066212016
0.0069338362
0.0053706630
0.0028695858
0.0003685087
-0.0021325685
-0.0065094535
-0.0102610692
-0.0124495117
-0.0096357999
-0.0043210110
0.0016190473
0.0050580284
0.0050580284
0.0025569512
-0.0015072992
-0.0052589149
-0.0068220881
-0.0068220881
-0.0046336456
-0.0005693953
0.0047453937
0.0106854520
0.0131865292
0.0109980866
0.0053706630
-0.0015072992
-0.0080726267
-0.0118242424
-0.0115116078
-0.0099484346
-0.0080726267
-0.0080726267
-0.0074473574
-0.0099484346
-0.0130747810
-0.0171390313
-0.0168263967
-0.0143253196
-0.0080726267
-0.0008820299
0.0059959323
0.0116233559
0.0156876064
0.0166255103
0.0156876064
0.0138117985
0.0128738945
0.0144370678
0.0156876064
0.0144370678
0.0094349134
0.0013064126
-0.0049462803
-0.0108863385
-0.0177643006
-0.0237043588
-0.0246422627
-0.0212032817
-0.0158884928
-0.0105737039
-0.0052589149
-0.0002567606
0.0034948551
0.0081843748
0.0138117985
0.0185013182
0.0225655686
0.0210023954
0.0163128757
0.0125612599
0.0113107213
0.0088096441
0.0038074898
-0.0033831071
-0.0086978960
-0.0118242424
-0.0143253196
-0.0165137620
-0.0174516660
-0.0180769353
-0.0187022045
-0.0171390313
-0.0152632235
-0.0118242424
-0.0099484346
-0.0096357999
-0.0086978960
-0.0058841842
-0.0055715496
-0.0068220881
-0.0052589149
-0.0018199338
0.0009937780
0.0013064126
0.0006811433
0.0009937780
0.0006811433
-0.0005693953
0.0000558740
0.0053706630
0.0109980866
0.0160002410
0.0185013182
0.0188139528
0.0172507796
0.0166255103
0.0153749717
0.0116233559
0.0047453937
-0.0015072992
-0.0071347228
-0.0090105306
-0.0068220881
-0.0046336456
-0.0018199338
0.0003685087
0.0038074898
0.0050580284
0.0041201244
0.0050580284
0.0056832976
0.0053706630
0.0066212016
0.0091222788
0.0125612599
0.0153749717
0.0169381450
0.0150623371
0.0113107213
0.0050580284
0.0000558740
-0.0011946646
0.0000558740
0.0028695858
0.0050580284
0.0047453937
0.0047453937
0.0016190473
-0.0021325685
-0.0068220881
-0.0099484346
-0.0124495117
-0.0146379542
-0.0165137620
-0.0168263967
-0.0127621464
-0.0093231653
-0.0049462803
-0.0024452031
-0.0008820299
-0.0008820299
0.0000558740
0.0025569512
0.0056832976
0.0063085669
0.0081843748
0.0122486252
0.0156876064
0.0178760489
0.0160002410
0.0125612599
0.0078717402
0.0034948551
0.0009937780
-0.0002567606
-0.0002567606
0.0000558740
0.0003685087
0.0003685087
0.0019316819
0.0019316819
0.0022443165
0.0034948551
0.0038074898
0.0025569512
0.0006811433
0.0000558740
0.0006811433
0.0003685087
-0.0024452031
-0.0058841842
-0.0090105306
-0.0111989731
-0.0121368771
-0.0111989731
-0.0105737039
-0.0108863385
-0.0121368771
-0.0124495117
-0.0124495117
-0.0086978960
-0.0021325685
0.0088096441
0.0194392221
0.0263171844
0.0250666458
0.0172507796
0.0066212016
-0.0021325685
-0.0077599921
-0.0093231653
-0.0086978960
-0.0071347228
-0.0052589149
-0.0049462803
-0.0074473574
-0.0105737039
-0.0146379542
-0.0183895699
-0.0187022045
-0.0177643006
-0.0143253196
-0.0074473574
0.0016190473
0.0078717402
0.0094349134
0.0038074898
-0.0043210110
-0.0086978960
-0.0083852614
-0.0071347228
-0.0058841842
-0.0061968189
-0.0065094535
-0.0055715496
-0.0033831071
-0.0021325685
-0.0002567606
0.0016190473
0.0041201244
0.0066212016
0.0097475481
0.0109980866
0.0094349134
0.0078717402
0.0078717402
0.0088096441
0.0091222788
0.0088096441
0.0053706630
0.0019316819
-0.0024452031
-0.0043210110
-0.0052589149
-0.0033831071
0.0000558740
0.0019316819
0.0022443165
0.0003685087
-0.0043210110
-0.0074473574
-0.0083852614
-0.0061968189
-0.0027578378
0.0013064126
0.0028695858
0.0031822205
0.0013064126
-0.0011946646
-0.0024452031
-0.0033831071
-0.0033831071
-0.0021325685
-0.0005693953
0.0006811433
0.0003685087
-0.0008820299
-0.0008820299
-0.0033831071
-0.0074473574
-0.0121368771
-0.0140126849
-0.0143253196
-0.0118242424
-0.0080726267
-0.0046336456
-0.0027578378
-0.0018199338
-0.0033831071
-0.0052589149
-0.0058841842
-0.0043210110
-0.0021325685
-0.0015072992
-0.0008820299
-0.0002567606
0.0022443165
0.0056832976
0.0084970095
0.0097475481
0.0109980866
0.0106854520
0.0122486252
0.0131865292
0.0138117985
0.0122486252
0.0100601827
0.0078717402
0.0072464709
0.0059959323
0.0031822205
-0.0005693953
-0.0052589149
-0.0093231653
-0.0127621464
-0.0155758581
-0.0171390313
-0.0155758581
-0.0118242424
-0.0058841842
-0.0008820299
0.0025569512
0.0028695858
0.0031822205
0.0038074898
0.0038074898
0.0028695858
0.0022443165
0.0041201244
0.0053706630
0.0066212016
0.0066212016
0.0066212016
0.0053706630
0.0050580284
0.0050580284
0.0047453937
0.0041201244
0.0016190473
0.0000558740
-0.0015072992
-0.0027578378
-0.0027578378
-0.0030704724
-0.0033831071
-0.0043210110
-0.0065094535
-0.0065094535
-0.0058841842
-0.0052589149
-0.0046336456
-0.0043210110
-0.0049462803
-0.0046336456
-0.0046336456
-0.0027578378
0.0003685087
0.0044327591
0.0075591055
0.0106854520
0.0116233559
0.0109980866
0.0100601827
0.0084970095
0.0056832976
0.0016190473
-0.0011946646
-0.0040083763
-0.0040083763
-0.0024452031
0.0000558740
0.0013064126
0.0038074898
0.0072464709
0.0119359906
0.0156876064
0.0181886835
0.0178760489
0.0153749717
0.0106854520
0.0053706630
0.0019316819
0.0013064126
0.0009937780
0.0009937780
0.0003685087
-0.0021325685
-0.0055715496
-0.0074473574
-0.0074473574
-0.0058841842
-0.0027578378
0.0000558740
0.0028695858
0.0053706630
0.0056832976
0.0053706630
0.0028695858
0.0013064126
-0.0005693953
-0.0024452031
-0.0024452031
-0.0021325685
-0.0015072992
0.0000558740
0.0022443165
0.0034948551
0.0044327591
0.0044327591
0.0038074898
0.0031822205
0.0022443165
0.0003685087
0.0000558740
-0.0008820299
-0.0011946646
-0.0021325685
-0.0021325685
-0.0033831071
-0.0043210110
-0.0052589149
-0.0061968189
-0.0061968189
-0.0046336456
-0.0052589149
-0.0065094535
-0.0074473574
-0.0061968189
-0.0030704724
0.0000558740
0.0013064126
0.0013064126
0.0013064126
0.0016190473
0.0028695858
0.0050580284
0.0069338362
0.0088096441
0.0097475481
0.0091222788
0.0088096441
0.0078717402
0.0069338362
0.0059959323
0.0038074898
0.0000558740
-0.0040083763
-0.0090105306
-0.0124495117
-0.0155758581
-0.0171390313
-0.0174516660
-0.0158884928
-0.0118242424
-0.0068220881
-0.0018199338
0.0019316819
0.0034948551
0.0028695858
0.0013064126
-0.0011946646
-0.0036957417
-0.0052589149
-0.0068220881
-0.0074473574
-0.0068220881
-0.0052589149
-0.0033831071
-0.0011946646
0.0019316819
0.0044327591
0.0066212016
0.0094349134
0.0100601827
0.0063085669
0.0019316819
-0.0027578378
-0.0052589149
-0.0074473574
-0.0080726267
-0.0068220881
-0.0049462803
-0.0027578378
-0.0005693953
0.0009937780
0.0028695858
0.0034948551
0.0047453937
0.0066212016
0.0078717402
0.0091222788
0.0091222788
0.0094349134
0.0094349134
0.0094349134
0.0097475481
0.0081843748
0.0063085669
0.0041201244
0.0016190473
0.0000558740
-0.0008820299
-0.0008820299
-0.0021325685
-0.0040083763
-0.0055715496
-0.0058841842
-0.0046336456
-0.0024452031
-0.0008820299
0.0000558740
0.0003685087
-0.0008820299
-0.0024452031
-0.0033831071
-0.0024452031
-0.0005693953
0.0019316819
0.0038074898
0.0053706630
0.0072464709
0.0081843748
0.0091222788
0.0094349134
0.0103728173
0.0100601827
0.0097475481
0.0081843748
0.0072464709
0.0053706630
0.0034948551
0.0022443165
0.0009937780
-0.0005693953
-0.0018199338
-0.0030704724
-0.0036957417
-0.0036957417
-0.0040083763
-0.0046336456
-0.0049462803
-0.0058841842
-0.0058841842
-0.0043210110
-0.0015072992
0.0006811433
0.0016190473
0.0000558740
-0.0018199338
-0.0040083763
-0.0049462803
-0.0043210110
-0.0021325685
0.0000558740
0.0022443165
0.0053706630
0.0066212016
0.0066212016
0.0069338362
0.0069338362
0.0063085669
0.0053706630
0.0038074898
0.0006811433
-0.0027578378
-0.0058841842
-0.0083852614
-0.0105737039
-0.0124495117
-0.0130747810
-0.0121368771
-0.0093231653
-0.0055715496
-0.0018199338
0.0003685087
0.0016190473
0.0025569512
0.0028695858
0.0041201244
0.0050580284
0.0056832976
0.0047453937
0.0034948551
0.0022443165
0.0009937780
0.0003685087
0.0013064126
0.0019316819
0.0013064126
0.0006811433
-0.0011946646
-0.0033831071
-0.0052589149
-0.0049462803
-0.0055715496
-0.0052589149
-0.0030704724
0.0009937780
0.0059959323
0.0088096441
0.0100601827
0.0091222788
0.0063085669
0.0041201244
0.0038074898
0.0047453937
0.0059959323
0.0069338362
0.0059959323
0.0034948551
0.0000558740
-0.0030704724
-0.0049462803
-0.0068220881
-0.0077599921
-0.0080726267
-0.0074473574
-0.0058841842
-0.0043210110
-0.0021325685
0.0003685087
0.0022443165
0.0028695858
0.0028695858
0.0044327591
0.0066212016
0.0078717402
0.0088096441
0.0094349134
0.0084970095
0.0078717402
0.0069338362
0.0066212016
0.0056832976
0.0044327591
0.0031822205
0.0009937780
-0.0021325685
-0.0043210110
-0.0055715496
-0.0061968189
-0.0052589149
-0.0043210110
-0.0033831071
-0.0021325685
-0.0015072992
-0.0002567606
0.0016190473
0.0031822205
0.0053706630
0.0075591055
0.0084970095
0.0091222788
0.0081843748
0.0072464709
0.0047453937
0.0025569512
-0.0015072992
-0.0046336456
-0.0061968189
-0.0071347228
-0.0055715496
-0.0036957417
-0.0011946646
0.0006811433
0.0006811433
0.0009937780
0.0003685087
0.0003685087
0.0003685087
0.0003685087
-0.0008820299
-0.0024452031
-0.0046336456
-0.0068220881
-0.0077599921
-0.0083852614
-0.0068220881
-0.0065094535
-0.0046336456
-0.0033831071
-0.0002567606
0.0031822205
0.0053706630
0.0063085669
0.0050580284
0.0031822205
-0.0005693953
-0.0036957417
-0.0049462803
-0.0055715496
-0.0046336456
-0.0033831071
-0.0021325685
-0.0024452031
-0.0040083763
-0.0052589149
-0.0068220881
-0.0086978960
-0.0086978960
-0.0071347228
-0.0046336456
-0.0015072992
0.0022443165
0.0056832976
0.0081843748
0.0088096441
0.0078717402
0.0066212016
0.0044327591
0.0022443165
0.0003685087
0.0000558740
-0.0008820299
0.0000558740
-0.0002567606
-0.0002567606
-0.0002567606
-0.0002567606
-0.0005693953
-0.0011946646
-0.0008820299
-0.0005693953
-0.0002567606
0.0003685087
0.0013064126
0.0038074898
0.0050580284
0.0063085669
0.0059959323
0.0053706630
0.0038074898
0.0016190473
0.0006811433
-0.0008820299
-0.0008820299
0.0003685087
0.0013064126
0.0006811433
-0.0002567606
-0.0033831071
-0.0055715496
-0.0074473574
-0.0061968189
-0.0043210110
-0.0021325685
0.0000558740
0.0009937780
0.0013064126
0.0009937780
-0.0002567606
-0.0005693953
-0.0018199338
-0.0015072992
-0.0011946646
0.0013064126
0.0031822205
0.0056832976
0.0066212016
0.0075591055
0.0066212016
0.0063085669
0.0053706630
0.0041201244
0.0031822205
0.0025569512
0.0028695858
0.0022443165
0.0022443165
0.0019316819
0.0019316819
0.0019316819
0.0009937780
-0.0005693953
-0.0018199338
-0.0027578378
-0.0024452031
-0.0024452031
-0.0021325685
-0.0021325685
-0.0018199338
-0.0015072992
-0.0002567606
0.0009937780
0.0009937780
0.0000558740
-0.0002567606
-0.0008820299
-0.0024452031
-0.0030704724
-0.0033831071
-0.0027578378
-0.0030704724
-0.0024452031
-0.0018199338
-0.0008820299
0.0006811433
0.0034948551
0.0069338362
0.0081843748
0.0078717402
0.0050580284
0.0028695858
0.0013064126
-0.0015072992
-0.0027578378
-0.0027578378
-0.0021325685
-0.0015072992
-0.0011946646
-0.0018199338
-0.0018199338
-0.0015072992
-0.0024452031
-0.0033831071
-0.0046336456
-0.0061968189
-0.0083852614
-0.0108863385
-0.0127621464
-0.0130747810
-0.0124495117
-0.0093231653
-0.0055715496
-0.0008820299
0.0038074898
0.0078717402
0.0103728173
0.0103728173
0.0091222788
0.0078717402
0.0075591055
0.0091222788
0.0166255103
0.0269424537
0.0366341280
0.0406983785
0.0366341280
0.0272550884
0.0163128757
0.0063085669
0.0006811433
-0.0018199338
-0.0015072992
-0.0011946646
-0.0036957417
-0.0071347228
-0.0121368771
-0.0155758581
-0.0187022045
-0.0193274738
-0.0165137620
-0.0068220881
0.0063085669
0.0178760489
0.0219402993
0.0181886835
0.0075591055
-0.0058841842
-0.0168263967
-0.0227664549
-0.0240169934
-0.0227664549
-0.0205780124
-0.0190148392
-0.0202653777
-0.0196401085
-0.0165137620
-0.0096357999
-0.0018199338
0.0028695858
0.0038074898
0.0031822205
0.0013064126
-0.0005693953
-0.0005693953
-0.0008820299
-0.0018199338
-0.0043210110
-0.0065094535
-0.0077599921
-0.0068220881
-0.0043210110
-0.0008820299
0.0016190473
0.0025569512
0.0034948551
0.0050580284
0.0075591055
0.0091222788
0.0094349134
0.0072464709
0.0041201244
0.0006811433
-0.0015072992
-0.0021325685
-0.0024452031
-0.0024452031
-0.0024452031
-0.0033831071
-0.0043210110
-0.0074473574
-0.0099484346
-0.0133874156
-0.0143253196
-0.0111989731
-0.0055715496
0.0013064126
0.0056832976
0.0075591055
0.0053706630
0.0028695858
0.0006811433
-0.0015072992
-0.0008820299
-0.0018199338
-0.0015072992
-0.0011946646
-0.0005693953
0.0006811433
0.0000558740
-0.0002567606
-0.0015072992
-0.0021325685
-0.0021325685
0.0003685087
0.0028695858
0.0053706630
0.0063085669
0.0066212016
0.0044327591
0.0016190473
-0.0011946646
-0.0036957417
-0.0071347228
-0.0096357999
-0.0118242424
-0.0137000503
-0.0152632235
-0.0158884928
-0.0143253196
-0.0108863385
-0.0061968189
-0.0008820299
0.0059959323
0.0109980866
0.0134991638
0.0116233559
0.0081843748
0.0031822205
0.0003685087
-0.0002567606
0.0031822205
0.0069338362
0.0094349134
0.0075591055
0.0019316819
-0.0055715496
-0.0099484346
-0.0105737039
-0.0080726267
-0.0046336456
0.0000558740
0.0031822205
0.0059959323
0.0081843748
0.0094349134
0.0084970095
0.0063085669
0.0056832976
0.0063085669
0.0078717402
0.0081843748
0.0078717402
0.0069338362
0.0050580284
0.0034948551
0.0028695858
0.0025569512
0.0019316819
0.0006811433
-0.0002567606
-0.0002567606
0.0009937780
0.0025569512
0.0034948551
0.0016190473
-0.0011946646
-0.0043210110
-0.0061968189
-0.0074473574
-0.0068220881
-0.0049462803
-0.0024452031
-0.0005693953
0.0000558740
-0.0008820299
-0.0021325685
-0.0021325685
-0.0008820299
0.0009937780
0.0016190473
0.0016190473
0.0003685087
-0.0002567606
0.0009937780
0.0016190473
0.0016190473
0.0025569512
0.0038074898
0.0047453937
0.0050580284
0.0047453937
0.0025569512
0.0013064126
0.0013064126
0.0003685087
-0.0008820299
-0.0027578378
-0.0015072992
0.0003685087
0.0016190473
0.0003685087
-0.0021325685
-0.0061968189
-0.0096357999
-0.0105737039
-0.0090105306
-0.0065094535
-0.0036957417
-0.0002567606
0.0006811433
0.0003685087
-0.0005693953
-0.0002567606
0.0006811433
0.0013064126
0.0025569512
0.0044327591
0.0053706630
0.0044327591
0.0025569512
0.0006811433
-0.0002567606
-0.0008820299
-0.0005693953
-0.0008820299
-0.0011946646
-0.0011946646
0.0003685087
0.0019316819
0.0028695858
0.0034948551
0.0050580284
0.0063085669
0.0069338362
0.0072464709
0.0059959323
0.0053706630
0.0044327591
0.0028695858
0.0009937780
0.0003685087
-0.0005693953
0.0009937780
0.0013064126
0.0009937780
-0.0005693953
-0.0008820299
-0.0002567606
0.0019316819
0.0031822205
0.0025569512
0.0022443165
0.0003685087
-0.0011946646
-0.0040083763
-0.0052589149
-0.0043210110
-0.0018199338
0.0003685087
0.0006811433
-0.0002567606
-0.0005693953
-0.0021325685
-0.0024452031
-0.0018199338
-0.0008820299
0.0009937780
0.0022443165
0.0038074898
0.0056832976
0.0063085669
0.0072464709
0.0081843748
0.0088096441
0.0088096441
0.0081843748
0.0075591055
0.0059959323
0.0031822205
0.0003685087
-0.0005693953
-0.0018199338
-0.0024452031
-0.0036957417
-0.0052589149
-0.0055715496
-0.0043210110
-0.0036957417
-0.0024452031
-0.0011946646
0.0003685087
0.0009937780
0.0022443165
0.0016190473
0.0006811433
-0.0008820299
-0.0024452031
-0.0046336456
-0.0052589149
-0.0043210110
-0.0021325685
0.0006811433
0.0028695858
0.0041201244
0.0038074898
0.0028695858
0.0028695858
0.0022443165
0.0019316819
0.0022443165
0.0028695858
0.0034948551
0.0031822205
0.0022443165
0.0013064126
0.0006811433
0.0013064126
0.0025569512
0.0041201244
0.0056832976
0.0088096441
0.0103728173
0.0113107213
0.0097475481
0.0066212016
0.0038074898
0.0006811433
-0.0005693953
-0.0011946646
-0.0024452031
-0.0033831071
-0.0040083763
-0.0043210110
-0.0049462803
-0.0046336456
-0.0058841842
-0.0058841842
-0.0058841842
-0.0052589149
-0.0046336456
-0.0036957417
-0.0040083763
-0.0049462803
-0.0071347228
-0.0096357999
-0.0121368771
-0.0118242424
-0.0105737039
-0.0071347228
-0.0030704724
0.0009937780
0.0050580284
0.0072464709
0.0088096441
0.0088096441
0.0075591055
0.0072464709
0.0081843748
0.0094349134
0.0113107213
0.0128738945
0.0144370678
0.0144370678
0.0128738945
0.0113107213
0.0072464709
0.0034948551
0.0000558740
-0.0011946646
-0.0015072992
-0.0015072992
-0.0008820299
-0.0005693953
-0.0015072992
-0.0027578378
-0.0024452031
-0.0011946646
-0.0002567606
0.0013064126
0.0016190473
0.0013064126
0.0006811433
-0.0008820299
-0.0021325685
-0.0024452031
-0.0018199338
-0.0015072992
-0.0011946646
-0.0008820299
-0.0002567606
0.0016190473
0.0031822205
0.0041201244
0.0041201244
0.0031822205
0.0006811433
-0.0011946646
-0.0024452031
-0.0033831071
-0.0033831071
-0.0043210110
-0.0055715496
-0.0058841842
-0.0065094535
-0.0058841842
-0.0061968189
-0.0049462803
-0.0033831071
-0.0011946646
0.0006811433
0.0016190473
0.0009937780
-0.0005693953
-0.0027578378
-0.0043210110
-0.0058841842
-0.0068220881
-0.0061968189
-0.0058841842
-0.0046336456
-0.0040083763
-0.0024452031
-0.0008820299
0.0000558740
0.0013064126
0.0028695858
0.0041201244
0.0059959323
0.0081843748
0.0088096441
0.0088096441
0.0075591055
0.0056832976
0.0034948551
0.0006811433
-0.0024452031
-0.0055715496
-0.0068220881
-0.0077599921
-0.0065094535
-0.0043210110
-0.0030704724
-0.0005693953
0.0016190473
0.0022443165
0.0031822205
0.0038074898
0.0038074898
0.0031822205
0.0019316819
0.0003685087
-0.0005693953
-0.0024452031
-0.0027578378
-0.0021325685
-0.0015072992
-0.0024452031
-0.0030704724
-0.0033831071
-0.0043210110
-0.0046336456
-0.0046336456
-0.0046336456
-0.0036957417
-0.0030704724
-0.0021325685
-0.0018199338
-0.0018199338
-0.0030704724
-0.0036957417
-0.0046336456
-0.0033831071
-0.0015072992
0.0006811433
0.0031822205
0.0041201244
0.0031822205
0.0019316819
0.0019316819
0.0022443165
0.0022443165
0.0028695858
0.0022443165
0.0009937780
-0.0005693953
-0.0027578378
-0.0033831071
-0.0033831071
-0.0027578378
-0.0018199338
-0.0021325685
-0.0033831071
-0.0040083763
-0.0052589149
-0.0043210110
-0.0036957417
-0.0018199338
0.0019316819
0.0047453937
0.0072464709
0.0084970095
0.0072464709
0.0066212016
0.0053706630
0.0038074898
0.0016190473
0.0000558740
-0.0005693953
-0.0002567606
-0.0002567606
-0.0018199338
-0.0040083763
-0.0046336456
-0.0055715496
-0.0049462803
-0.0036957417
-0.0024452031
-0.0021325685
-0.0024452031
-0.0043210110
-0.0055715496
-0.0083852614
-0.0086978960
-0.0093231653
-0.0090105306
-0.0080726267
-0.0074473574
-0.0061968189
-0.0065094535
-0.0065094535
-0.0068220881
-0.0065094535
-0.0046336456
-0.0027578378
-0.0018199338
-0.0008820299
-0.0011946646
-0.0021325685
-0.0027578378
-0.0021325685
-0.0008820299
0.0019316819
0.0047453937
0.0069338362
0.0078717402
0.0075591055
0.0063085669
0.0044327591
0.0038074898
0.0038074898
0.0038074898
0.0044327591
0.0066212016
0.0069338362
0.0078717402
0.0066212016
0.0053706630
0.0025569512
0.0013064126
0.0003685087
-0.0002567606
-0.0008820299
-0.0011946646
-0.0015072992
-0.0018199338
-0.0015072992
-0.0018199338
-0.0024452031
-0.0024452031
-0.0030704724
-0.0043210110
-0.0049462803
-0.0052589149
-0.0043210110
-0.0040083763
-0.0030704724
-0.0033831071
-0.0033831071
-0.0033831071
-0.0027578378
-0.0002567606
0.0019316819
0.0038074898
0.0059959323
0.0072464709
0.0088096441
0.0097475481
0.0119359906
0.0131865292
0.0144370678
0.0138117985
0.0116233559
0.0088096441
0.0044327591
0.0000558740
-0.0040083763
-0.0061968189
-0.0077599921
-0.0083852614
-0.0074473574
-0.0061968189
-0.0061968189
-0.0065094535
-0.0083852614
-0.0118242424
-0.0143253196
-0.0152632235
-0.0133874156
-0.0090105306
-0.0036957417
-0.0005693953
0.0028695858
0.0038074898
0.0019316819
-0.0021325685
-0.0046336456
-0.0061968189
-0.0061968189
-0.0052589149
-0.0024452031
-0.0002567606
-0.0002567606
-0.0005693953
-0.0024452031
-0.0036957417
-0.0071347228
-0.0108863385
-0.0121368771
-0.0099484346
-0.0074473574
-0.0040083763
-0.0008820299
0.0025569512
0.0044327591
0.0047453937
0.0034948551
0.0009937780
0.0006811433
-0.0002567606
-0.0002567606
0.0022443165
0.0044327591
0.0047453937
0.0047453937
0.0050580284
0.0047453937
0.0025569512
0.0003685087
-0.0021325685
-0.0046336456
-0.0068220881
-0.0096357999
-0.0108863385
-0.0096357999
-0.0080726267
-0.0077599921
-0.0055715496
-0.0024452031
-0.0002567606
0.0019316819
0.0056832976
0.0103728173
0.0138117985
0.0147497024
0.0131865292
0.0119359906
0.0097475481
0.0069338362
0.0050580284
0.0038074898
0.0041201244
0.0038074898
0.0031822205
0.0016190473
0.0003685087
-0.0021325685
-0.0052589149
-0.0058841842
-0.0065094535
-0.0058841842
-0.0052589149
-0.0033831071
-0.0008820299
-0.0008820299
-0.0043210110
-0.0071347228
-0.0080726267
-0.0080726267
-0.0061968189
-0.0024452031
-0.0011946646
-0.0005693953
-0.0015072992
-0.0011946646
0.0016190473
0.0044327591
0.0066212016
0.0091222788
0.0125612599
0.0150623371
0.0144370678
0.0125612599
0.0119359906
0.0116233559
0.0100601827
0.0069338362
0.0059959323
0.0059959323
0.0063085669
0.0075591055
0.0056832976
0.0031822205
0.0006811433
-0.0002567606
0.0000558740
0.0000558740
-0.0005693953
-0.0015072992
-0.0015072992
-0.0015072992
-0.0005693953
0.0000558740
0.0009937780
0.0003685087
0.0006811433
0.0006811433
0.0006811433
0.0009937780
0.0019316819
0.0009937780
-0.0002567606
-0.0027578378
-0.0043210110
-0.0049462803
-0.0055715496
-0.0052589149
-0.0033831071
-0.0024452031
-0.0024452031
-0.0024452031
-0.0030704724
-0.0040083763
-0.0040083763
-0.0036957417
-0.0040083763
-0.0033831071
-0.0027578378
-0.0021325685
0.0000558740
0.0025569512
0.0022443165
0.0006811433
-0.0018199338
-0.0043210110
-0.0052589149
-0.0036957417
0.0003685087
0.0028695858
0.0044327591
0.0050580284
0.0041201244
0.0025569512
0.0016190473
0.0006811433
-0.0008820299
-0.0033831071
-0.0055715496
-0.0071347228
-0.0061968189
-0.0040083763
-0.0005693953
0.0000558740
-0.0027578378
-0.0061968189
-0.0099484346
-0.0111989731
-0.0099484346
-0.0065094535
-0.0021325685
0.0016190473
0.0041201244
0.0059959323
0.0078717402
0.0100601827
0.0113107213
0.0097475481
0.0081843748
0.0063085669
0.0063085669
0.0075591055
0.0084970095
0.0072464709
0.0038074898
-0.0002567606
-0.0040083763
-0.0071347228
-0.0083852614
-0.0074473574
-0.0065094535
-0.0036957417
-0.0018199338
-0.0011946646
-0.0021325685
-0.0036957417
-0.0049462803
-0.0049462803
-0.0052589149
-0.0055715496
-0.0055715496
-0.0046336456
-0.0033831071
-0.0011946646
0.0016190473
0.0038074898
0.0050580284
0.0050580284
0.0044327591
0.0041201244
0.0044327591
0.0044327591
0.0038074898
0.0031822205
0.0038074898
0.0044327591
0.0056832976
0.0072464709
0.0075591055
0.0063085669
0.0050580284
0.0028695858
0.0025569512
0.0025569512
0.0031822205
0.0047453937
0.0066212016
0.0081843748
0.0078717402
0.0059959323
0.0022443165
-0.0008820299
-0.0049462803
-0.0086978960
-0.0111989731
-0.0121368771
-0.0130747810
-0.0130747810
-0.0115116078
-0.0111989731
-0.0108863385
-0.0105737039
-0.0083852614
-0.0065094535
-0.0036957417
-0.0011946646
0.0016190473
0.0041201244
0.0053706630
0.0063085669
0.0075591055
0.0088096441
0.0094349134
0.0097475481
0.0084970095
0.0078717402
0.0059959323
0.0031822205
0.0006811433
-0.0024452031
-0.0049462803
-0.0068220881
-0.0061968189
-0.0049462803
-0.0036957417
-0.0008820299
0.0028695858
0.0053706630
0.0056832976
0.0066212016
0.0050580284
0.0031822205
0.0006811433
-0.0002567606
-0.0011946646
-0.0024452031
-0.0036957417
-0.0046336456
-0.0046336456
-0.0046336456
-0.0046336456
-0.0052589149
-0.0058841842
-0.0080726267
-0.0102610692
-0.0108863385
-0.0096357999
-0.0071347228
-0.0043210110
-0.0005693953
0.0013064126
0.0019316819
0.0022443165
0.0028695858
0.0041201244
0.0050580284
0.0056832976
0.0041201244
0.0019316819
0.0000558740
-0.0024452031
-0.0046336456
-0.0052589149
-0.0049462803
-0.0030704724
0.0000558740
0.0022443165
0.0038074898
0.0050580284
0.0063085669
0.0056832976
0.0044327591
0.0028695858
0.0009937780
-0.0015072992
-0.0043210110
-0.0058841842
-0.0061968189
-0.0061968189
-0.0061968189
-0.0055715496
-0.0046336456
-0.0040083763
-0.0033831071
-0.0021325685
-0.0005693953
0.0009937780
0.0038074898
0.0066212016
0.0081843748
0.0078717402
0.0066212016
0.0041201244
0.0013064126
-0.0033831071
-0.0068220881
-0.0077599921
-0.0080726267
-0.0074473574
-0.0065094535
-0.0055715496
-0.0052589149
-0.0046336456
-0.0033831071
-0.0018199338
0.0003685087
0.0016190473
0.0013064126
0.0003685087
-0.0002567606
0.0006811433
0.0025569512
0.0034948551
0.0034948551
0.0019316819
-0.0005693953
-0.0024452031
-0.0052589149
-0.0074473574
-0.0083852614
-0.0080726267
-0.0058841842
-0.0030704724
-0.0011946646
0.0006811433
0.0009937780
0.0003685087
-0.0015072992
-0.0027578378
-0.0030704724
-0.0021325685
-0.0011946646
0.0000558740
0.0006811433
0.0003685087
-0.0002567606
-0.0011946646
-0.0027578378
-0.0043210110
-0.0058841842
-0.0061968189
-0.0046336456
-0.0024452031
0.0000558740
0.0028695858
0.0056832976
0.0063085669
0.0041201244
0.0009937780
-0.0027578378
-0.0043210110
-0.0036957417
-0.0005693953
0.0031822205
0.0072464709
0.0084970095
0.0066212016
0.0028695858
-0.0011946646
-0.0046336456
-0.0055715496
-0.0043210110
-0.0021325685
-0.0002567606
0.0003685087
-0.0002567606
-0.0024452031
-0.0052589149
-0.0083852614
-0.0105737039
-0.0118242424
-0.0099484346
-0.0065094535
-0.0021325685
0.0028695858
0.0066212016
0.0075591055
0.0084970095
0.0078717402
0.0075591055
0.0072464709
0.0078717402
0.0078717402
0.0088096441
0.0094349134
0.0091222788
0.0072464709
0.0044327591
0.0006811433
-0.0021325685
-0.0033831071
-0.0033831071
-0.0030704724
-0.0027578378
-0.0011946646
-0.0008820299
-0.0008820299
-0.0033831071
-0.0061968189
-0.0086978960
-0.0099484346
-0.0096357999
-0.0083852614
-0.0058841842
-0.0033831071
-0.0008820299
0.0000558740
-0.0002567606
-0.0005693953
-0.0015072992
-0.0030704724
-0.0046336456
-0.0074473574
-0.0090105306
-0.0108863385
-0.0111989731
-0.0111989731
-0.0096357999
-0.0086978960
-0.0074473574
-0.0074473574
-0.0061968189
-0.0052589149
-0.0049462803
-0.0043210110
-0.0024452031
0.0013064126
0.0056832976
0.0084970095
0.0109980866
0.0113107213
0.0103728173
0.0084970095
0.0063085669
0.0047453937
0.0031822205
0.0022443165
0.0016190473
0.0006811433
0.0003685087
0.0000558740
-0.0005693953
-0.0005693953
-0.0011946646
-0.0005693953
-0.0002567606
0.0000558740
0.0009937780
0.0013064126
0.0000558740
-0.0008820299
-0.0008820299
-0.0008820299
0.0003685087
0.0016190473
0.0028695858
0.0031822205
0.0047453937
0.0059959323
0.0072464709
0.0069338362
0.0063085669
0.0044327591
0.0034948551
0.0019316819
0.0006811433
0.0003685087
-0.0002567606
0.0006811433
0.0013064126
0.0019316819
0.0019316819
0.0006811433
-0.0005693953
-0.0021325685
-0.0027578378
-0.0018199338
-0.0005693953
0.0000558740
0.0003685087
-0.0015072992
-0.0024452031
-0.0021325685
-0.0015072992
-0.0018199338
-0.0021325685
-0.0021325685
-0.0033831071
-0.0040083763
-0.0040083763
-0.0027578378
-0.0018199338
-0.0002567606
0.0019316819
0.0028695858
0.0031822205
0.0034948551
0.0038074898
0.0028695858
0.0028695858
0.0028695858
0.0028695858
0.0025569512
0.0016190473
-0.0005693953
-0.0024452031
-0.0036957417
-0.0033831071
-0.0030704724
-0.0008820299
0.0009937780
0.0028695858
0.0053706630
0.0053706630
0.0044327591
0.0025569512
0.0003685087
-0.0011946646
-0.0015072992
-0.0011946646
0.0000558740
0.0016190473
0.0019316819
0.0019316819
0.0028695858
0.0028695858
0.0038074898
0.0056832976
0.0066212016
0.0072464709
0.0072464709
0.0063085669
0.0047453937
0.0041201244
0.0034948551
0.0016190473
0.0003685087
-0.0011946646
-0.0033831071
-0.0049462803
-0.0061968189
-0.0068220881
-0.0074473574
-0.0083852614
-0.0093231653
-0.0099484346
-0.0090105306
-0.0074473574
-0.0055715496
-0.0033831071
-0.0024452031
-0.0024452031
-0.0027578378
-0.0036957417
-0.0055715496
-0.0068220881
-0.0071347228
-0.0068220881
-0.0046336456
-0.0027578378
0.0003685087
0.0044327591
0.0081843748
0.0113107213
0.0131865292
0.0138117985
0.0122486252
0.0103728173
0.0081843748
0.0056832976
0.0025569512
0.0000558740
-0.0027578378
-0.0058841842
-0.0083852614
-0.0102610692
-0.0118242424
-0.0127621464
-0.0124495117
-0.0121368771
-0.0111989731
-0.0115116078
-0.0108863385
-0.0102610692
-0.0090105306
-0.0077599921
-0.0071347228
-0.0040083763
-0.0015072992
0.0003685087
0.0006811433
0.0016190473
0.0003685087
-0.0018199338
-0.0024452031
-0.0027578378
-0.0018199338
-0.0011946646
-0.0021325685
-0.0024452031
-0.0027578378
-0.0033831071
-0.0027578378
-0.0015072992
0.0000558740
0.0009937780
0.0016190473
0.0025569512
0.0047453937
0.0066212016
0.0063085669
0.0059959323
0.9088851562
3.6982205933
5.3067399277
4.9490820437
2.8534773260
0.2029557744
-0.5039110916
-0.5445535828
-0.5476799282
-0.5464293900
-0.5448662173
-0.5436156791
0.8366664923
2.3557611187
2.2197646304
1.2537215512
0.2154611622
-0.4119965318
-0.5426777755
-0.5517441773
