0.0021164241
0.0021164241
0.0024289395
0.0018039086
0.0018039086
0.0021164241
0.0024289395
0.0021164241
0.0021164241
0.0024289395
0.0021164241
0.0018039086
0.0021164241
0.0018039086
0.0021164241
0.0018039086
0.0024289395
0.0021164241
0.0021164241
0.0024289395
0.0021164241
0.0018039086
0.0018039086
0.0014913932
0.0021164241
0.0018039086
0.0021164241
0.0021164241
0.0021164241
0.0024289395
0.0021164241
0.0018039086
0.0021164241
0.0018039086
0.0021164241
0.0021164241
0.0014913932
0.0018039086
0.0018039086
0.0024289395
0.0018039086
0.0024289395
0.0021164241
0.0027414550
0.0024289395
0.0024289395
0.0024289395
0.0024289395
0.0021164241
0.0021164241
0.0021164241
0.0024289395
0.0021164241
0.0021164241
0.0024289395
0.0021164241
0.0018039086
0.0024289395
0.0021164241
0.0018039086
0.0021164241
0.0021164241
0.0027414550
0.0021164241
0.0021164241
0.0021164241
0.0021164241
0.0024289395
0.0021164241
0.0021164241
0.0027414550
0.0024289395
0.0018039086
0.0024289395
0.0021164241
0.0021164241
0.0024289395
0.0024289395
0.0021164241
0.0021164241
0.0018039086
0.0024289395
0.0021164241
0.0024289395
0.0021164241
0.0021164241
0.0021164241
0.0021164241
0.0024289395
0.0021164241
0.0024289395
0.0021164241
0.0024289395
0.0021164241
0.0024289395
0.0024289395
0.0024289395
0.0021164241
0.0021164241
0.0024289395
0.0021164241
0.0024289395
0.0021164241
0.0021164241
0.0021164241
0.0021164241
0.0021164241
0.0021164241
0.0021164241
0.0027414550
0.0021164241
0.0024289395
0.0021164241
0.0021164241
0.0021164241
0.0024289395
0.0021164241
0.0027414550
0.0027414550
0.0027414550
0.0024289395
0.0024289395
0.0024289395
0.0024289395
0.0021164241
0.0018039086
0.0021164241
0.0021164241
0.0024289395
0.0024289395
0.0021164241
0.0021164241
0.0024289395
0.0021164241
0.0021164241
0.0021164241
0.0021164241
0.0024289395
0.0021164241
0.0024289395
0.0018039086
0.0018039086
0.0027414550
0.0021164241
0.0021164241
0.0021164241
0.0018039086
0.0018039086
0.0024289395
0.0021164241
0.0021164241
0.0024289395
0.0021164241
0.0024289395
0.0027414550
0.0030539704
0.0027414550
0.0027414550
0.0030539704
0.0021164241
0.0027414550
0.0024289395
0.0024289395
0.0024289395
0.0027414550
0.0027414550
0.0021164241
0.0027414550
0.0024289395
0.0024289395
0.0024289395
0.0024289395
0.0021164241
0.0021164241
0.0024289395
0.0021164241
0.0027414550
0.0027414550
0.0018039086
0.0021164241
0.0024289395
0.0030539704
0.0027414550
0.0027414550
0.0027414550
0.0024289395
0.0021164241
0.0027414550
0.0024289395
0.0027414550
0.0027414550
0.0024289395
0.0024289395
0.0027414550
0.0027414550
0.0024289395
0.0024289395
0.0024289395
0.0021164241
0.0024289395
0.0024289395
0.0021164241
0.0024289395
0.0024289395
0.0024289395
0.0024289395
0.0024289395
0.0024289395
0.0024289395
0.0033664859
0.0033664859
0.0030539704
0.0027414550
0.0030539704
0.0033664859
0.0030539704
0.0027414550
0.0030539704
0.0024289395
0.0024289395
0.0024289395
0.0027414550
0.0030539704
0.0027414550
0.0027414550
0.0027414550
0.0027414550
0.0024289395
0.0024289395
0.0027414550
0.0027414550
0.0027414550
0.0033664859
0.0027414550
0.0027414550
0.0024289395
0.0027414550
0.0027414550
0.0027414550
0.0027414550
0.0024289395
0.0027414550
0.0027414550
0.0027414550
0.0027414550
0.0027414550
0.0027414550
0.0024289395
0.0021164241
0.0027414550
0.0027414550
0.0027414550
0.0027414550
0.0033664859
0.0033664859
0.0033664859
0.0030539704
0.0033664859
0.0027414550
0.0024289395
0.0024289395
0.0024289395
0.0030539704
0.0033664859
0.0030539704
0.0027414550
0.0033664859
0.0030539704
0.0036790014
0.0033664859
0.0030539704
0.0027414550
0.0030539704
0.0033664859
0.0027414550
0.0024289395
0.0024289395
0.0027414550
0.0027414550
0.0024289395
0.0027414550
0.0024289395
0.0024289395
0.0027414550
0.0027414550
0.0030539704
0.0027414550
0.0033664859
0.0033664859
0.0027414550
0.0030539704
0.0027414550
0.0024289395
0.0030539704
0.0030539704
0.0030539704
0.0027414550
0.0027414550
0.0024289395
0.0027414550
0.0027414550
0.0027414550
0.0024289395
0.0027414550
0.0027414550
0.0024289395
0.0027414550
0.0027414550
0.0027414550
0.0027414550
0.0030539704
0.0033664859
0.0030539704
0.0027414550
0.0033664859
0.0036790014
0.0033664859
0.0033664859
0.0036790014
0.0033664859
0.0033664859
0.0033664859
0.0030539704
0.0024289395
0.0027414550
0.0024289395
0.0027414550
0.0058666096
0.0071166714
0.0027414550
-0.0000711841
-0.0016337614
0.0014913932
0.0024289395
0.0027414550
0.0033664859
0.0030539704
0.0036790014
0.0064916405
0.0052415786
0.0033664859
0.0033664859
0.0030539704
0.0027414550
0.0033664859
0.0033664859
0.0033664859
0.0036790014
0.0052415786
0.0061791250
0.0046165477
0.0027414550
0.0011788777
0.0008663622
0.0030539704
0.0036790014
0.0036790014
0.0036790014
0.0039915168
0.0039915168
0.0052415786
0.0046165477
0.0030539704
0.0021164241
0.0021164241
0.0024289395
0.0030539704
0.0033664859
0.0033664859
0.0033664859
0.0036790014
0.0036790014
0.0036790014
0.0036790014
0.0033664859
0.0043040323
0.0043040323
0.0046165477
0.0046165477
0.0033664859
0.0036790014
0.0033664859
0.0027414550
0.0033664859
0.0033664859
0.0036790014
0.0036790014
0.0033664859
0.0033664859
0.0033664859
0.0033664859
0.0033664859
0.0033664859
0.0033664859
0.0033664859
0.0043040323
0.0052415786
0.0039915168
0.5218297159
2.0353443815
2.0903472741
2.0584705968
1.4718776623
0.1614993137
-0.0038213696
-0.0141343796
-0.0147594105
-0.0150719260
-0.0138218642
-0.0128843178
-0.0128843178
-0.0135093487
-0.0138218642
0.0127419496
0.0183672279
-0.0125718024
-0.0144468951
-0.0147594105
-0.0147594105
-0.0150719260
-0.0147594105
-0.0141343796
-0.0144468951
-0.0144468951
-0.0141343796
-0.0144468951
-0.0141343796
-0.0141343796
-0.0144468951
-0.0135093487
-0.0119467714
-0.0138218642
-0.0141343796
-0.0153844414
-0.0163219878
-0.0141343796
-0.0138218642
-0.0138218642
-0.0135093487
-0.0141343796
-0.0138218642
-0.0138218642
-0.0138218642
-0.0138218642
-0.0135093487
-0.0135093487
-0.0131968333
-0.0135093487
-0.0135093487
-0.0138218642
-0.0135093487
-0.0141343796
-0.0135093487
-0.0135093487
-0.0135093487
-0.0135093487
-0.0135093487
-0.0128843178
-0.0135093487
-0.0135093487
-0.0131968333
-0.0131968333
-0.0135093487
-0.0135093487
-0.0128843178
-0.0135093487
-0.0128843178
-0.0128843178
-0.0128843178
-0.0135093487
-0.0128843178
-0.0128843178
-0.0131968333
-0.0125718024
-0.0125718024
-0.0125718024
-0.0128843178
-0.0125718024
-0.0128843178
-0.0128843178
-0.0131968333
-0.0110092251
-0.0113217405
-0.0125718024
-0.0131968333
-0.0138218642
-0.0135093487
-0.0128843178
-0.0128843178
-0.0125718024
-0.0125718024
-0.0122592869
-0.0122592869
-0.0119467714
-0.0116342560
-0.0122592869
-0.0128843178
-0.0131968333
-0.0128843178
-0.0122592869
-0.0122592869
-0.0122592869
-0.0122592869
-0.0122592869
-0.0116342560
-0.0122592869
-0.0119467714
-0.0119467714
-0.0110092251
0.1965010484
0.7837178057
0.5937083010
0.0833704445
-0.0094466478
-0.0150719260
-0.0147594105
-0.0153844414
-0.0144468951
-0.0135093487
-0.0122592869
-0.0135093487
-0.0150719260
-0.0163219878
-0.0166345033
-0.0160094724
-0.0150719260
-0.0147594105
-0.0144468951
-0.0147594105
-0.0138218642
-0.0141343796
-0.0135093487
-0.0141343796
-0.0144468951
-0.0153844414
-0.0153844414
-0.0150719260
-0.0147594105
-0.0144468951
-0.0138218642
-0.0138218642
-0.0141343796
-0.0141343796
-0.0144468951
-0.0147594105
-0.0144468951
-0.0141343796
-0.0138218642
-0.0125718024
-0.0125718024
-0.0131968333
-0.0147594105
-0.0153844414
-0.0147594105
-0.0144468951
-0.0144468951
-0.0144468951
-0.0135093487
-0.0138218642
-0.0138218642
-0.0138218642
-0.0135093487
-0.0135093487
-0.0135093487
-0.0138218642
-0.0138218642
-0.0135093487
-0.0131968333
-0.0135093487
-0.0135093487
-0.0131968333
-0.0135093487
-0.0138218642
-0.0138218642
-0.0131968333
-0.0135093487
-0.0125718024
-0.0131968333
-0.0128843178
-0.0131968333
-0.0128843178
-0.0135093487
-0.0128843178
-0.0131968333
-0.0135093487
-0.0135093487
-0.0131968333
-0.0128843178
-0.0128843178
-0.0128843178
-0.0128843178
-0.0125718024
-0.0128843178
-0.0128843178
-0.0128843178
-0.0122592869
-0.0122592869
-0.0122592869
-0.0116342560
-0.0125718024
-0.0119467714
-0.0125718024
-0.0128843178
-0.0125718024
-0.0122592869
-0.0125718024
-0.0125718024
-0.0119467714
-0.0119467714
-0.0128843178
-0.0125718024
-0.0128843178
-0.0125718024
-0.0125718024
-0.0128843178
-0.0125718024
-0.0125718024
-0.0122592869
-0.0119467714
-0.0122592869
-0.0122592869
-0.0119467714
-0.0116342560
-0.0116342560
-0.0119467714
-0.0122592869
-0.0116342560
-0.0119467714
-0.0119467714
-0.0116342560
-0.0119467714
-0.0113217405
-0.0116342560
-0.0119467714
-0.0116342560
-0.0116342560
-0.0119467714
-0.0119467714
-0.0110092251
-0.0113217405
-0.0113217405
-0.0110092251
-0.0113217405
-0.0116342560
-0.0119467714
-0.0119467714
-0.0116342560
-0.0113217405
-0.0110092251
-0.0113217405
-0.0110092251
-0.0113217405
-0.0110092251
-0.0110092251
-0.0116342560
-0.0110092251
-0.0110092251
-0.0110092251
-0.0110092251
-0.0106967096
-0.0110092251
-0.0113217405
-0.0113217405
-0.0113217405
-0.0113217405
-0.0106967096
-0.0110092251
-0.0113217405
-0.0106967096
-0.0113217405
-0.0113217405
-0.0113217405
-0.0110092251
-0.0110092251
-0.0110092251
-0.0113217405
-0.0103841942
-0.0110092251
-0.0113217405
-0.0106967096
-0.0110092251
-0.0106967096
-0.0110092251
-0.0113217405
-0.0110092251
-0.0106967096
-0.0113217405
-0.0103841942
-0.0097591633
-0.0103841942
-0.0103841942
-0.0100716787
-0.0103841942
-0.0106967096
-0.0106967096
-0.0103841942
-0.0103841942
-0.0106967096
-0.0103841942
-0.0103841942
-0.0106967096
-0.0106967096
-0.0103841942
-0.0103841942
-0.0100716787
-0.0097591633
-0.0106967096
-0.0103841942
-0.0100716787
-0.0103841942
-0.0103841942
-0.0103841942
-0.0103841942
-0.0103841942
-0.0106967096
-0.0094466478
-0.0097591633
-0.0097591633
-0.0100716787
-0.0100716787
-0.0100716787
-0.0100716787
-0.0097591633
-0.0100716787
-0.0100716787
-0.0097591633
-0.0100716787
-0.0100716787
-0.0094466478
-0.0100716787
-0.0097591633
-0.0100716787
-0.0097591633
-0.0097591633
-0.0097591633
-0.0100716787
-0.0094466478
-0.0094466478
-0.0094466478
-0.0097591633
-0.0100716787
-0.0103841942
-0.0094466478
-0.0097591633
-0.0094466478
-0.0094466478
-0.0097591633
-0.0097591633
-0.0097591633
-0.0100716787
-0.0094466478
-0.0091341323
-0.0094466478
-0.0091341323
-0.0094466478
-0.0091341323
-0.0088216169
-0.0091341323
-0.0091341323
-0.0097591633
-0.0100716787
-0.0097591633
-0.0097591633
-0.0097591633
-0.0091341323
-0.0088216169
-0.0091341323
-0.0088216169
-0.0091341323
-0.0085091014
-0.0081965860
-0.0091341323
-0.0091341323
-0.0088216169
-0.0091341323
-0.0091341323
-0.0088216169
-0.0088216169
-0.0085091014
-0.0088216169
-0.0081965860
-0.0088216169
-0.0088216169
-0.0088216169
-0.0081965860
-0.0081965860
-0.0085091014
-0.0081965860
-0.0085091014
-0.0085091014
-0.0085091014
-0.0078840705
-0.0085091014
-0.0088216169
-0.0085091014
-0.0081965860
-0.0085091014
-0.0088216169
-0.0088216169
-0.0088216169
-0.0088216169
-0.0085091014
-0.0085091014
-0.0085091014
-0.0091341323
-0.0085091014
-0.0085091014
-0.0085091014
-0.0085091014
-0.0085091014
-0.0085091014
-0.0078840705
-0.0078840705
-0.0078840705
-0.0081965860
-0.0075715551
-0.0085091014
-0.0081965860
-0.0075715551
-0.0075715551
-0.0078840705
-0.0075715551
-0.0078840705
-0.0075715551
-0.0078840705
-0.0075715551
-0.0078840705
-0.0075715551
-0.0081965860
-0.0075715551
-0.0085091014
-0.0078840705
-0.0075715551
-0.0078840705
-0.0075715551
-0.0075715551
-0.0072590396
-0.0078840705
-0.0072590396
-0.0075715551
-0.0075715551
-0.0075715551
-0.0075715551
-0.0075715551
-0.0072590396
-0.0072590396
-0.0069465242
-0.0069465242
-0.0075715551
-0.0072590396
-0.0075715551
-0.0075715551
-0.0072590396
-0.0075715551
-0.0072590396
-0.0069465242
-0.0072590396
-0.0069465242
-0.0069465242
-0.0069465242
-0.0069465242
-0.0066340087
-0.0066340087
-0.0066340087
-0.0066340087
-0.0066340087
-0.0069465242
-0.0069465242
-0.0069465242
-0.0066340087
-0.0069465242
-0.0063214932
-0.0066340087
-0.0066340087
-0.0066340087
-0.0066340087
-0.0066340087
-0.0069465242
-0.0066340087
-0.0066340087
-0.0066340087
-0.0066340087
-0.0069465242
-0.0069465242
-0.0066340087
-0.0066340087
-0.0069465242
-0.0069465242
-0.0063214932
-0.0063214932
-0.0072590396
-0.0066340087
-0.0066340087
-0.0066340087
-0.0069465242
-0.0069465242
-0.0066340087
-0.0063214932
-0.0066340087
-0.0066340087
-0.0066340087
-0.0060089778
-0.0063214932
-0.0063214932
-0.0066340087
-0.0066340087
-0.0063214932
-0.0063214932
-0.0063214932
-0.0066340087
-0.0066340087
-0.0060089778
-0.0063214932
-0.0066340087
-0.0060089778
-0.0063214932
-0.0060089778
-0.0063214932
-0.0066340087
-0.0066340087
-0.0066340087
-0.0063214932
-0.0066340087
-0.0063214932
-0.0063214932
-0.0063214932
-0.0063214932
-0.0056964623
-0.0060089778
-0.0060089778
-0.0060089778
-0.0060089778
-0.0060089778
-0.0060089778
-0.0060089778
-0.0060089778
-0.0060089778
-0.0056964623
-0.0066340087
-0.0060089778
-0.0060089778
-0.0056964623
-0.0056964623
-0.0060089778
-0.0056964623
-0.0056964623
-0.0060089778
-0.0060089778
-0.0056964623
-0.0056964623
-0.0056964623
-0.0056964623
-0.0056964623
-0.0056964623
-0.0056964623
-0.0056964623
-0.0053839469
-0.0050714314
-0.0053839469
-0.0060089778
-0.0056964623
-0.0053839469
-0.0060089778
-0.0060089778
-0.0053839469
-0.0056964623
-0.0053839469
-0.0053839469
-0.0053839469
-0.0050714314
-0.0050714314
-0.0053839469
-0.0056964623
-0.0053839469
-0.0053839469
-0.0053839469
-0.0053839469
-0.0056964623
-0.0053839469
-0.0053839469
-0.0053839469
-0.0053839469
-0.0053839469
-0.0056964623
-0.0050714314
-0.0053839469
-0.0056964623
-0.0053839469
-0.0056964623
-0.0050714314
-0.0053839469
-0.0050714314
-0.0053839469
-0.0056964623
-0.0053839469
-0.0050714314
-0.0053839469
-0.0053839469
-0.0050714314
-0.0050714314
-0.0050714314
-0.0047589160
-0.0056964623
-0.0047589160
-0.0050714314
-0.0053839469
-0.0053839469
-0.0050714314
-0.0053839469
-0.0050714314
-0.0053839469
-0.0056964623
-0.0047589160
-0.0053839469
-0.0050714314
-0.0050714314
-0.0053839469
-0.0050714314
-0.0050714314
-0.0053839469
-0.0050714314
-0.0053839469
-0.0053839469
-0.0053839469
-0.0053839469
-0.0053839469
-0.0050714314
-0.0053839469
-0.0044464005
-0.0047589160
-0.0047589160
-0.0047589160
-0.0050714314
-0.0047589160
-0.0050714314
-0.0050714314
-0.0047589160
-0.0050714314
-0.0050714314
-0.0050714314
-0.0047589160
-0.0050714314
-0.0050714314
-0.0050714314
-0.0050714314
-0.0050714314
-0.0053839469
-0.0053839469
-0.0047589160
-0.0050714314
-0.0050714314
-0.0050714314
-0.0053839469
-0.0050714314
-0.0056964623
-0.0050714314
-0.0053839469
-0.0053839469
-0.0050714314
-0.0047589160
-0.0050714314
-0.0050714314
-0.0050714314
-0.0050714314
-0.0053839469
-0.0053839469
-0.0053839469
-0.0053839469
-0.0053839469
-0.0050714314
-0.0050714314
-0.0047589160
-0.0050714314
-0.0050714314
-0.0050714314
-0.0050714314
-0.0050714314
-0.0050714314
-0.0047589160
-0.0047589160
-0.0050714314
-0.0050714314
-0.0047589160
-0.0044464005
-0.0053839469
-0.0044464005
-0.0044464005
-0.0047589160
-0.0044464005
-0.0041338851
-0.0047589160
-0.0047589160
-0.0041338851
-0.0047589160
-0.0041338851
-0.0047589160
-0.0041338851
-0.0038213696
-0.0047589160
-0.0047589160
-0.0041338851
-0.0041338851
-0.0044464005
-0.0041338851
-0.0041338851
-0.0038213696
-0.0041338851
-0.0035088541
-0.0038213696
-0.0035088541
-0.0035088541
-0.0044464005
-0.0038213696
-0.0035088541
-0.0031963387
-0.0038213696
-0.0038213696
-0.0038213696
-0.0035088541
-0.0041338851
-0.0035088541
-0.0031963387
-0.0038213696
-0.0038213696
-0.0038213696
-0.0038213696
-0.0038213696
-0.0038213696
-0.0038213696
-0.0038213696
-0.0035088541
-0.0038213696
-0.0038213696
-0.0035088541
-0.0035088541
-0.0038213696
-0.0038213696
-0.0035088541
-0.0035088541
-0.0035088541
-0.0035088541
-0.0038213696
-0.0038213696
-0.0038213696
-0.0038213696
-0.0035088541
-0.0035088541
-0.0038213696
-0.0035088541
-0.0031963387
-0.0035088541
-0.0035088541
-0.0038213696
-0.0038213696
-0.0038213696
-0.0038213696
-0.0038213696
-0.0038213696
-0.0035088541
-0.0038213696
-0.0035088541
-0.0035088541
-0.0035088541
-0.0031963387
-0.0035088541
-0.0035088541
-0.0028838232
-0.0031963387
-0.0031963387
-0.0031963387
-0.0031963387
-0.0031963387
-0.0025713078
-0.0031963387
-0.0028838232
-0.0031963387
-0.0035088541
-0.0031963387
-0.0031963387
-0.0038213696
-0.0035088541
-0.0031963387
-0.0031963387
-0.0035088541
-0.0035088541
-0.0035088541
-0.0031963387
-0.0028838232
-0.0028838232
-0.0031963387
-0.0031963387
-0.0028838232
-0.0028838232
-0.0031963387
-0.0031963387
-0.0028838232
-0.0031963387
-0.0025713078
-0.0025713078
-0.0028838232
-0.0028838232
-0.0028838232
-0.0028838232
-0.0028838232
-0.0028838232
-0.0025713078
-0.0028838232
-0.0028838232
-0.0031963387
-0.0025713078
-0.0028838232
-0.0028838232
-0.0025713078
-0.0025713078
-0.0028838232
-0.0028838232
-0.0028838232
-0.0028838232
-0.0025713078
-0.0025713078
-0.0028838232
-0.0028838232
-0.0025713078
-0.0025713078
-0.0025713078
-0.0025713078
-0.0025713078
-0.0028838232
-0.0025713078
-0.0025713078
-0.0025713078
-0.0025713078
-0.0028838232
-0.0031963387
-0.0028838232
-0.0028838232
-0.0028838232
-0.0025713078
-0.0025713078
-0.0025713078
-0.0025713078
-0.0025713078
-0.0025713078
-0.0025713078
-0.0028838232
-0.0028838232
-0.0031963387
-0.0028838232
-0.0035088541
-0.0028838232
-0.0025713078
-0.0025713078
-0.0028838232
-0.0025713078
-0.0025713078
-0.0028838232
-0.0025713078
-0.0028838232
-0.0028838232
-0.0028838232
-0.0028838232
-0.0025713078
-0.0025713078
-0.0025713078
-0.0028838232
-0.0025713078
-0.0022587923
-0.0025713078
-0.0025713078
-0.0025713078
-0.0025713078
-0.0028838232
-0.0028838232
-0.0028838232
-0.0028838232
-0.0028838232
-0.0022587923
-0.0022587923
-0.0025713078
-0.0025713078
-0.0025713078
-0.0022587923
-0.0025713078
-0.0025713078
-0.0025713078
-0.0028838232
-0.0022587923
-0.0025713078
-0.0019462769
-0.0025713078
-0.0022587923
-0.0025713078
-0.0025713078
-0.0025713078
-0.0022587923
-0.0022587923
-0.0025713078
-0.0022587923
-0.0025713078
-0.0028838232
-0.0022587923
-0.0022587923
-0.0025713078
-0.0025713078
-0.0028838232
-0.0022587923
-0.0028838232
-0.0025713078
-0.0025713078
-0.0022587923
-0.0025713078
-0.0025713078
-0.0025713078
-0.0019462769
-0.0025713078
-0.0022587923
-0.0025713078
-0.0022587923
-0.0022587923
-0.0022587923
-0.0025713078
-0.0022587923
-0.0025713078
-0.0022587923
-0.0022587923
-0.0022587923
-0.0022587923
-0.0025713078
-0.0028838232
-0.0028838232
-0.0028838232
-0.0028838232
-0.0028838232
-0.0025713078
-0.0028838232
-0.0028838232
-0.0028838232
-0.0028838232
-0.0028838232
-0.0025713078
-0.0028838232
-0.0031963387
-0.0025713078
-0.0025713078
-0.0025713078
-0.0022587923
-0.0025713078
-0.0028838232
-0.0028838232
-0.0025713078
-0.0031963387
-0.0025713078
-0.0028838232
-0.0025713078
-0.0028838232
-0.0025713078
-0.0028838232
-0.0025713078
-0.0022587923
-0.0022587923
-0.0025713078
-0.0016337614
-0.0019462769
-0.0022587923
-0.0022587923
-0.0025713078
-0.0022587923
-0.0022587923
-0.0025713078
-0.0022587923
-0.0028838232
-0.0025713078
-0.0022587923
-0.0025713078
-0.0025713078
-0.0022587923
-0.0025713078
-0.0022587923
-0.0025713078
-0.0025713078
-0.0022587923
-0.0022587923
-0.0022587923
-0.0019462769
-0.0022587923
-0.0016337614
-0.0022587923
-0.0019462769
-0.0019462769
-0.0022587923
-0.0022587923
-0.0019462769
-0.0016337614
-0.0016337614
-0.0016337614
-0.0013212459
-0.0022587923
-0.0016337614
-0.0019462769
-0.0016337614
-0.0016337614
-0.0022587923
-0.0019462769
-0.0016337614
-0.0022587923
-0.0019462769
-0.0016337614
-0.0016337614
-0.0022587923
-0.0019462769
-0.0016337614
-0.0016337614
-0.0016337614
-0.0019462769
-0.0019462769
-0.0016337614
-0.0013212459
-0.0019462769
-0.0016337614
-0.0016337614
-0.0022587923
-0.0022587923
-0.0019462769
-0.0016337614
-0.0019462769
-0.0019462769
-0.0022587923
-0.0019462769
-0.0019462769
-0.0016337614
-0.0022587923
-0.0022587923
-0.0019462769
-0.0019462769
-0.0016337614
-0.0019462769
-0.0022587923
-0.0019462769
-0.0022587923
-0.0022587923
-0.0016337614
-0.0013212459
-0.0022587923
-0.0016337614
-0.0022587923
-0.0016337614
-0.0019462769
-0.0022587923
-0.0019462769
-0.0019462769
-0.0022587923
-0.0019462769
-0.0019462769
-0.0019462769
-0.0019462769
-0.0019462769
-0.0022587923
-0.0016337614
-0.0016337614
-0.0019462769
-0.0016337614
-0.0019462769
-0.0019462769
-0.0019462769
-0.0019462769
-0.0016337614
-0.0019462769
-0.0013212459
-0.0010087305
-0.0016337614
-0.0013212459
-0.0010087305
-0.0013212459
-0.0013212459
-0.0013212459
-0.0013212459
-0.0013212459
-0.0013212459
-0.0010087305
-0.0010087305
-0.0013212459
-0.0013212459
-0.0016337614
-0.0013212459
-0.0010087305
-0.0010087305
-0.0013212459
-0.0013212459
-0.0016337614
-0.0016337614
-0.0010087305
-0.0006962150
-0.0013212459
-0.0013212459
-0.0013212459
-0.0013212459
-0.0016337614
-0.0013212459
-0.0013212459
-0.0016337614
-0.0010087305
-0.0016337614
-0.0013212459
-0.0013212459
-0.0013212459
-0.0013212459
-0.0013212459
-0.0010087305
-0.0016337614
-0.0010087305
-0.0013212459
-0.0013212459
-0.0013212459
-0.0013212459
-0.0013212459
-0.0006962150
-0.0013212459
-0.0013212459
-0.0010087305
-0.0010087305
-0.0006962150
-0.0010087305
-0.0006962150
-0.0010087305
-0.0013212459
-0.0013212459
-0.0013212459
-0.0010087305
-0.0013212459
-0.0010087305
-0.0006962150
-0.0013212459
-0.0010087305
-0.0013212459
-0.0006962150
-0.0016337614
-0.0006962150
-0.0010087305
-0.0010087305
-0.0016337614
-0.0010087305
-0.0003836996
-0.0010087305
-0.0013212459
-0.0016337614
-0.0013212459
-0.0013212459
-0.0013212459
-0.0016337614
-0.0013212459
-0.0013212459
-0.0010087305
-0.0013212459
-0.0013212459
-0.0016337614
-0.0010087305
-0.0010087305
-0.0010087305
-0.0010087305
-0.0013212459
-0.0006962150
-0.0006962150
-0.0010087305
-0.0006962150
-0.0010087305
-0.0010087305
-0.0013212459
-0.0010087305
-0.0006962150
-0.0010087305
-0.0010087305
-0.0010087305
-0.0006962150
-0.0006962150
-0.0006962150
-0.0006962150
-0.0013212459
-0.0010087305
-0.0010087305
-0.0003836996
-0.0010087305
-0.0010087305
-0.0010087305
-0.0010087305
-0.0013212459
-0.0013212459
-0.0010087305
-0.0010087305
-0.0006962150
-0.0010087305
-0.0010087305
-0.0006962150
-0.0013212459
-0.0006962150
-0.0010087305
-0.0010087305
-0.0006962150
-0.0003836996
-0.0006962150
-0.0010087305
-0.0006962150
-0.0006962150
-0.0006962150
-0.0010087305
-0.0010087305
-0.0010087305
-0.0010087305
-0.0010087305
-0.0003836996
-0.0010087305
-0.0006962150
-0.0006962150
-0.0003836996
-0.0013212459
-0.0006962150
-0.0010087305
-0.0010087305
-0.0013212459
-0.0013212459
-0.0010087305
-0.0006962150
-0.0003836996
-0.0006962150
-0.0010087305
-0.0003836996
-0.0010087305
-0.0010087305
-0.0006962150
-0.0006962150
-0.0010087305
-0.0003836996
-0.0003836996
-0.0003836996
-0.0006962150
-0.0006962150
-0.0010087305
-0.0003836996
-0.0010087305
-0.0013212459
-0.0006962150
-0.0010087305
-0.0010087305
-0.0010087305
-0.0006962150
-0.0010087305
-0.0006962150
-0.0006962150
-0.0010087305
-0.0013212459
-0.0006962150
-0.0003836996
-0.0006962150
-0.0006962150
-0.0003836996
-0.0006962150
-0.0006962150
-0.0003836996
-0.0010087305
-0.0003836996
-0.0003836996
-0.0010087305
-0.0010087305
-0.0010087305
-0.0003836996
-0.0003836996
-0.0006962150
-0.0010087305
-0.0006962150
-0.0003836996
-0.0006962150
-0.0013212459
-0.0006962150
-0.0006962150
-0.0003836996
-0.0006962150
-0.0010087305
-0.0003836996
-0.0010087305
-0.0003836996
-0.0006962150
-0.0010087305
-0.0006962150
-0.0010087305
-0.0010087305
-0.0003836996
-0.0003836996
-0.0010087305
-0.0010087305
-0.0003836996
-0.0000711841
-0.0006962150
-0.0006962150
-0.0003836996
-0.0003836996
-0.0006962150
-0.0006962150
-0.0006962150
-0.0006962150
-0.0006962150
-0.0003836996
-0.0006962150
-0.0006962150
-0.0000711841
-0.0006962150
-0.0006962150
-0.0003836996
-0.0013212459
-0.0010087305
-0.0006962150
-0.0003836996
-0.0003836996
-0.0006962150
-0.0010087305
-0.0003836996
-0.0006962150
-0.0000711841
-0.0006962150
-0.0010087305
-0.0010087305
-0.0003836996
-0.0006962150
-0.0003836996
-0.0010087305
-0.0006962150
-0.0006962150
-0.0003836996
-0.0003836996
-0.0010087305
-0.0003836996
-0.0010087305
-0.0010087305
-0.0016337614
-0.0013212459
-0.0010087305
-0.0010087305
-0.0010087305
-0.0003836996
-0.0006962150
-0.0003836996
-0.0006962150
-0.0006962150
-0.0003836996
-0.0003836996
-0.0003836996
-0.0006962150
-0.0006962150
-0.0006962150
-0.0006962150
-0.0006962150
-0.0006962150
-0.0010087305
-0.0006962150
-0.0006962150
-0.0006962150
-0.0010087305
-0.0006962150
-0.0003836996
-0.0003836996
-0.0003836996
-0.0003836996
-0.0006962150
-0.0003836996
-0.0003836996
-0.0000711841
-0.0006962150
-0.0003836996
-0.0003836996
-0.0003836996
-0.0003836996
-0.0000711841
-0.0006962150
-0.0000711841
-0.0003836996
-0.0000711841
-0.0006962150
-0.0003836996
-0.0003836996
-0.0003836996
-0.0003836996
-0.0000711841
-0.0003836996
-0.0003836996
0.0002413313
-0.0003836996
-0.0003836996
-0.0000711841
-0.0003836996
0.0002413313
0.0002413313
-0.0000711841
-0.0000711841
-0.0003836996
0.0002413313
-0.0003836996
-0.0000711841
-0.0000711841
-0.0000711841
-0.0000711841
-0.0003836996
0.0002413313
0.0002413313
-0.0000711841
-0.0000711841
0.0002413313
-0.0000711841
-0.0000711841
-0.0003836996
-0.0003836996
-0.0003836996
0.0002413313
-0.0000711841
-0.0000711841
-0.0000711841
0.0005538468
-0.0003836996
-0.0000711841
-0.0003836996
-0.0003836996
-0.0000711841
0.0002413313
-0.0000711841
0.0002413313
0.0002413313
0.0002413313
-0.0003836996
-0.0003836996
-0.0000711841
-0.0003836996
-0.0000711841
0.0002413313
-0.0000711841
-0.0000711841
0.0002413313
0.0002413313
0.0002413313
0.0002413313
-0.0000711841
0.0002413313
-0.0003836996
-0.0003836996
-0.0003836996
-0.0000711841
-0.0003836996
-0.0000711841
-0.0000711841
-0.0003836996
-0.0000711841
0.0002413313
-0.0000711841
-0.0003836996
-0.0000711841
-0.0000711841
-0.0003836996
-0.0000711841
-0.0003836996
-0.0003836996
-0.0003836996
-0.0000711841
-0.0003836996
-0.0000711841
-0.0000711841
-0.0000711841
-0.0000711841
-0.0006962150
-0.0003836996
-0.0000711841
-0.0000711841
-0.0003836996
0.0002413313
0.0002413313
0.0002413313
0.0002413313
-0.0000711841
-0.0000711841
-0.0003836996
0.0005538468
-0.0000711841
0.0002413313
-0.0000711841
0.0002413313
-0.0000711841
-0.0000711841
0.0005538468
0.0002413313
-0.0000711841
-0.0000711841
0.0002413313
0.0002413313
-0.0000711841
0.0002413313
0.0002413313
-0.0000711841
0.0002413313
0.0002413313
-0.0000711841
0.0002413313
0.0002413313
0.0002413313
-0.0000711841
0.0002413313
-0.0000711841
-0.0000711841
0.0002413313
0.0002413313
-0.0000711841
0.0002413313
0.0002413313
-0.0000711841
-0.0000711841
0.0002413313
0.0002413313
0.0002413313
0.0002413313
-0.0000711841
0.0002413313
-0.0000711841
-0.0000711841
0.0002413313
0.0002413313
-0.0000711841
0.0002413313
0.0002413313
-0.0000711841
-0.0000711841
0.0002413313
0.0002413313
0.0002413313
0.0002413313
0.0002413313
0.0002413313
-0.0000711841
0.0002413313
0.0002413313
-0.0000711841
0.0005538468
0.0002413313
0.0002413313
0.0002413313
0.0002413313
0.0002413313
-0.0000711841
-0.0000711841
0.0002413313
-0.0003836996
0.0005538468
0.0005538468
0.0002413313
0.0002413313
-0.0000711841
-0.0003836996
0.0005538468
-0.0000711841
-0.0003836996
-0.0000711841
-0.0000711841
0.0002413313
-0.0000711841
0.0002413313
0.0002413313
-0.0003836996
0.0002413313
-0.0000711841
0.0002413313
0.0005538468
0.0008663622
-0.0000711841
0.0005538468
0.0002413313
0.0002413313
-0.0003836996
0.0002413313
-0.0000711841
0.0002413313
0.0005538468
-0.0000711841
0.0002413313
-0.0000711841
0.0002413313
0.0005538468
0.0008663622
-0.0000711841
-0.0000711841
0.0002413313
-0.0000711841
0.0002413313
0.0002413313
0.0002413313
-0.0003836996
-0.0000711841
0.0002413313
-0.0003836996
0.0002413313
-0.0003836996
0.0002413313
0.0002413313
0.0002413313
-0.0000711841
-0.0000711841
0.0005538468
0.0002413313
-0.0000711841
0.0005538468
0.0002413313
0.0002413313
0.0002413313
-0.0000711841
0.0005538468
0.0002413313
0.0002413313
-0.0003836996
0.0002413313
0.0002413313
-0.0003836996
-0.0000711841
0.0002413313
0.0002413313
-0.0000711841
-0.0000711841
-0.0000711841
0.0002413313
0.0002413313
-0.0003836996
-0.0003836996
-0.0000711841
-0.0000711841
0.0002413313
-0.0000711841
0.0002413313
0.0002413313
0.0002413313
-0.0000711841
0.0002413313
-0.0000711841
-0.0000711841
0.0002413313
-0.0003836996
-0.0000711841
-0.0000711841
-0.0000711841
-0.0000711841
-0.0000711841
0.0002413313
-0.0000711841
-0.0000711841
-0.0000711841
-0.0000711841
0.0002413313
-0.0000711841
0.0005538468
-0.0000711841
0.0002413313
0.0008663622
0.0002413313
0.0002413313
-0.0000711841
-0.0003836996
0.0005538468
0.0002413313
0.0002413313
0.0005538468
0.0005538468
-0.0000711841
0.0005538468
0.0002413313
0.0002413313
0.0005538468
0.0002413313
0.0008663622
0.0002413313
-0.0000711841
0.0002413313
0.0002413313
0.0002413313
-0.0000711841
0.0005538468
0.0002413313
0.0002413313
0.0005538468
0.0005538468
0.0008663622
0.0008663622
0.0005538468
0.0008663622
0.0005538468
0.0008663622
0.0008663622
0.0002413313
0.0005538468
0.0005538468
0.0005538468
0.0005538468
0.0005538468
0.0005538468
0.0005538468
0.0005538468
0.0008663622
0.0008663622
0.0011788777
0.0008663622
0.0005538468
0.0014913932
0.0008663622
0.0005538468
0.0005538468
0.0008663622
0.0011788777
0.0008663622
0.0008663622
0.0008663622
0.0005538468
0.0008663622
0.0005538468
0.0008663622
0.0005538468
0.0002413313
0.0005538468
0.0005538468
0.0002413313
0.0002413313
0.0002413313
0.0005538468
0.0005538468
0.0005538468
0.0008663622
0.0005538468
0.0008663622
-0.0000711841
0.0002413313
0.0008663622
0.0008663622
0.0005538468
0.0002413313
0.0005538468
0.0005538468
0.0008663622
0.0008663622
0.0002413313
0.0002413313
0.0002413313
0.0002413313
0.0005538468
0.0002413313
-0.0000711841
0.0005538468
0.0002413313
0.0005538468
0.0011788777
0.0005538468
0.0008663622
-0.0000711841
0.0008663622
0.0008663622
0.0005538468
0.0005538468
0.0002413313
0.0005538468
0.0002413313
0.0005538468
0.0008663622
0.0008663622
0.0011788777
0.0008663622
0.0005538468
0.0002413313
0.0005538468
0.0005538468
0.0005538468
0.0008663622
0.0008663622
0.0005538468
0.0002413313
0.0008663622
0.0005538468
0.0005538468
0.0008663622
0.0005538468
0.0002413313
0.0002413313
0.0002413313
0.0005538468
0.0005538468
0.0005538468
0.0005538468
0.0011788777
0.0008663622
0.0005538468
0.0005538468
0.0008663622
-0.0000711841
0.0002413313
0.0008663622
0.0002413313
-0.0000711841
0.0005538468
0.0002413313
0.0005538468
0.0005538468
0.0002413313
0.0005538468
0.0005538468
0.0005538468
0.0008663622
0.0008663622
0.0005538468
0.0005538468
0.0008663622
0.0008663622
0.0002413313
0.0008663622
0.0005538468
0.0008663622
0.0005538468
0.0002413313
0.0008663622
0.0002413313
0.0008663622
0.0008663622
0.0008663622
0.0008663622
0.0002413313
0.0008663622
0.0008663622
0.0002413313
0.0005538468
0.0005538468
0.0011788777
0.0008663622
0.0005538468
0.0008663622
0.0002413313
0.0008663622
0.0008663622
0.0002413313
0.0005538468
0.0005538468
0.0008663622
0.0008663622
0.0011788777
0.0002413313
0.0008663622
0.0008663622
0.0005538468
0.0008663622
0.0005538468
0.0005538468
0.0008663622
0.0005538468
0.0002413313
0.0008663622
0.0005538468
0.0008663622
0.0008663622
0.0005538468
0.0005538468
0.0002413313
0.0005538468
0.0008663622
0.0002413313
0.0002413313
0.0008663622
0.0005538468
0.0008663622
0.0002413313
0.0002413313
0.0002413313
0.0005538468
0.0005538468
0.0005538468
0.0002413313
0.0002413313
0.0002413313
0.0002413313
0.0008663622
0.0005538468
0.0002413313
0.0005538468
0.0002413313
0.0005538468
0.0005538468
0.0002413313
0.0002413313
-0.0000711841
0.0002413313
0.0002413313
0.0002413313
0.0005538468
0.0002413313
-0.0000711841
0.0005538468
0.0005538468
0.0002413313
0.0005538468
0.0008663622
0.0005538468
0.0005538468
0.0005538468
0.0005538468
0.0005538468
0.0005538468
0.0002413313
0.0002413313
0.0005538468
0.0002413313
0.0008663622
0.0008663622
0.0008663622
0.0002413313
0.0008663622
0.0002413313
0.0002413313
0.0002413313
0.0005538468
0.0005538468
0.0011788777
0.0005538468
0.0008663622
0.0002413313
0.0005538468
0.0008663622
0.0008663622
0.0008663622
0.0002413313
0.0008663622
0.0005538468
0.0011788777
0.0008663622
0.0008663622
0.0008663622
0.0008663622
0.0005538468
0.0005538468
0.0008663622
0.0008663622
0.0008663622
0.0011788777
0.0011788777
0.0011788777
0.0008663622
0.0008663622
0.0011788777
0.0014913932
0.0008663622
0.0005538468
0.0011788777
0.0008663622
0.0005538468
0.0008663622
0.0005538468
0.0008663622
0.0005538468
0.0005538468
0.0005538468
0.0008663622
0.0005538468
0.0008663622
0.0008663622
0.0008663622
0.0008663622
0.0011788777
0.0011788777
0.0011788777
0.0008663622
0.0011788777
0.0008663622
0.0005538468
0.0011788777
0.0008663622
0.0005538468
0.0008663622
0.0008663622
0.0008663622
0.0008663622
0.0005538468
0.0008663622
0.0008663622
0.0008663622
0.0008663622
0.0005538468
0.0008663622
0.0008663622
0.0008663622
-0.0000711841
0.0005538468
-0.0000711841
0.0005538468
0.0008663622
0.0005538468
0.0008663622
0.0008663622
0.0002413313
0.0008663622
0.0005538468
0.0008663622
0.0005538468
0.0008663622
0.0008663622
0.0008663622
0.0008663622
0.0005538468
0.0008663622
0.0005538468
0.0008663622
0.0008663622
0.0008663622
0.0005538468
0.0008663622
-0.0000711841
0.0005538468
0.0011788777
0.0005538468
0.0008663622
0.0011788777
0.0008663622
0.0011788777
0.0005538468
0.0008663622
0.0008663622
0.0011788777
0.0005538468
0.0005538468
0.0008663622
0.0005538468
0.0008663622
0.0008663622
0.0005538468
0.0008663622
0.0008663622
0.0002413313
0.0008663622
0.0005538468
0.0008663622
0.0005538468
0.0002413313
0.0008663622
0.0002413313
0.0005538468
0.0008663622
0.0008663622
0.0005538468
0.0008663622
0.0011788777
0.0011788777
0.0008663622
0.0008663622
0.0008663622
0.0008663622
0.0008663622
0.0008663622
0.0008663622
0.0008663622
0.0008663622
0.0011788777
0.0008663622
0.0008663622
0.0002413313
0.0005538468
0.0005538468
0.0005538468
0.0008663622
0.0011788777
0.0008663622
0.0008663622
0.0008663622
0.0008663622
0.0005538468
0.0011788777
0.0008663622
0.0008663622
0.0008663622
0.0008663622
0.0008663622
0.0008663622
0.0008663622
0.0008663622
0.0011788777
0.0011788777
0.0014913932
0.0011788777
0.0011788777
0.0008663622
0.0011788777
0.0008663622
0.0008663622
0.0005538468
0.0011788777
0.0008663622
0.0008663622
0.0008663622
0.0011788777
0.0008663622
0.0008663622
0.0014913932
0.0011788777
0.0011788777
0.0011788777
0.0011788777
0.0011788777
0.0018039086
0.0011788777
0.0008663622
0.0011788777
0.0018039086
0.0014913932
0.0018039086
0.0014913932
0.0008663622
0.0005538468
0.0011788777
0.0011788777
0.0011788777
0.0008663622
0.0011788777
0.0008663622
0.0011788777
0.0011788777
0.0008663622
0.0011788777
0.0008663622
0.0008663622
0.0011788777
0.0008663622
0.0011788777
0.0011788777
0.0011788777
0.0011788777
0.0008663622
0.0011788777
0.0005538468
0.0008663622
0.0008663622
0.0008663622
0.0008663622
0.0008663622
0.0008663622
0.0008663622
0.0008663622
0.0011788777
0.0008663622
0.0008663622
0.0011788777
0.0008663622
0.0008663622
0.0005538468
0.0005538468
0.0008663622
0.0008663622
0.0008663622
0.0008663622
0.0011788777
0.0008663622
0.0005538468
0.0008663622
0.0005538468
0.0011788777
0.0008663622
0.0008663622
0.0005538468
0.0008663622
0.0008663622
0.0011788777
0.0008663622
0.0008663622
0.0011788777
0.0005538468
0.0008663622
0.0011788777
0.0008663622
0.0008663622
0.0005538468
0.0008663622
0.0011788777
0.0008663622
0.0011788777
0.0014913932
0.0008663622
0.0008663622
0.0011788777
0.0008663622
0.0014913932
0.0011788777
0.0008663622
0.0005538468
0.0008663622
0.0008663622
0.0011788777
0.0011788777
0.0011788777
0.0011788777
0.0014913932
0.0011788777
0.0008663622
0.0011788777
0.0011788777
0.0008663622
0.0011788777
0.0014913932
0.0011788777
0.0011788777
0.0008663622
0.0008663622
0.0011788777
0.0011788777
0.0008663622
0.0011788777
0.0011788777
0.0008663622
0.0008663622
0.0011788777
0.0008663622
0.0011788777
0.0008663622
0.0011788777
0.0008663622
0.0002413313
0.0008663622
0.0011788777
0.0008663622
0.0005538468
0.0008663622
0.0011788777
0.0008663622
0.0011788777
0.0005538468
0.0005538468
0.0008663622
0.0011788777
0.0002413313
0.0005538468
0.0008663622
0.0005538468
0.0011788777
0.0002413313
0.0008663622
0.0008663622
0.0002413313
0.0008663622
0.0005538468
0.0002413313
0.0002413313
0.0002413313
0.0005538468
0.0002413313
0.0008663622
0.0005538468
0.0005538468
0.0005538468
0.0002413313
0.0002413313
0.0005538468
0.0002413313
0.0005538468
0.0002413313
0.0002413313
-0.0000711841
0.0005538468
0.0005538468
0.0002413313
0.0005538468
0.0005538468
0.0005538468
0.0002413313
0.0008663622
0.0008663622
0.0005538468
0.0008663622
0.0005538468
0.0002413313
0.0002413313
0.0002413313
0.0008663622
0.0011788777
0.0008663622
0.0005538468
0.0008663622
0.0008663622
0.0008663622
0.0005538468
0.0005538468
0.0005538468
0.0005538468
0.0002413313
0.0005538468
0.0008663622
0.0005538468
0.0002413313
0.0002413313
0.0005538468
0.0005538468
0.0008663622
0.0002413313
0.0008663622
0.0005538468
0.0005538468
0.0005538468
0.0008663622
0.0005538468
0.0008663622
0.0008663622
0.0008663622
0.0008663622
0.0005538468
0.0008663622
0.0008663622
0.0011788777
0.0011788777
0.0008663622
0.0008663622
0.0008663622
0.0005538468
0.0011788777
0.0008663622
0.0008663622
0.0011788777
0.0011788777
0.0011788777
0.0011788777
0.0008663622
0.0008663622
0.0008663622
0.0011788777
0.0011788777
0.0008663622
0.0005538468
0.0011788777
0.0008663622
0.0008663622
0.0008663622
0.0011788777
0.0008663622
0.0011788777
0.0011788777
0.0011788777
0.0011788777
0.0008663622
0.0011788777
0.0011788777
0.0008663622
0.0011788777
0.0014913932
0.0008663622
0.0008663622
0.0011788777
0.0008663622
0.0011788777
0.0011788777
0.0008663622
0.0005538468
0.0011788777
0.0011788777
0.0008663622
0.0011788777
0.0018039086
0.0014913932
0.0011788777
0.0011788777
0.0011788777
0.0011788777
0.0011788777
0.0014913932
0.0011788777
0.0011788777
0.0008663622
0.0014913932
0.0011788777
0.0011788777
0.0011788777
0.0008663622
0.0014913932
0.0014913932
0.0014913932
0.0014913932
0.0014913932
0.0011788777
0.0014913932
0.0014913932
0.0008663622
0.0011788777
0.0011788777
0.0011788777
0.0008663622
0.0011788777
0.0014913932
0.0008663622
0.0008663622
0.0011788777
0.0011788777
0.0014913932
0.0011788777
0.0011788777
0.0011788777
0.0011788777
0.0011788777
0.0011788777
0.0014913932
0.0011788777
0.0014913932
0.0008663622
0.0008663622
0.0011788777
0.0014913932
0.0014913932
0.0011788777
0.0011788777
0.0011788777
0.0011788777
0.0011788777
0.0008663622
0.0011788777
0.0011788777
0.0011788777
0.0008663622
0.0011788777
0.0011788777
0.0011788777
0.0014913932
0.0014913932
0.0011788777
0.0011788777
0.0008663622
0.0014913932
0.0014913932
0.0011788777
0.0011788777
0.0011788777
0.0014913932
0.0008663622
0.0011788777
0.0011788777
0.0011788777
0.0008663622
0.0011788777
0.0014913932
0.0011788777
0.0014913932
0.0008663622
0.0011788777
0.0008663622
0.0018039086
0.0018039086
0.0008663622
0.0008663622
0.0008663622
0.0008663622
0.0008663622
0.0008663622
0.0011788777
0.0008663622
0.0011788777
0.0014913932
0.0008663622
0.0008663622
0.0014913932
0.0008663622
0.0011788777
0.0008663622
0.0008663622
0.0008663622
0.0008663622
0.0005538468
0.0008663622
0.0008663622
0.0011788777
0.0008663622
0.0005538468
0.0008663622
0.0008663622
0.0002413313
0.0005538468
0.0011788777
0.0008663622
0.0008663622
0.0011788777
0.0014913932
0.0008663622
0.0008663622
0.0008663622
0.0008663622
0.0005538468
0.0011788777
0.0011788777
0.0008663622
0.0002413313
0.0011788777
0.0011788777
0.0008663622
0.0008663622
0.0011788777
0.0005538468
0.0008663622
0.0008663622
0.0008663622
0.0011788777
0.0011788777
0.0008663622
0.0008663622
0.0011788777
0.0011788777
0.0011788777
0.0011788777
0.0008663622
0.0014913932
0.0011788777
0.0014913932
0.0014913932
0.0008663622
0.0008663622
0.0014913932
0.0011788777
0.0014913932
0.0011788777
0.0011788777
0.0011788777
0.0014913932
0.0011788777
0.0008663622
0.0008663622
0.0011788777
0.0011788777
0.0011788777
0.0005538468
0.0011788777
0.0008663622
0.0011788777
0.0011788777
0.0011788777
0.0014913932
0.0008663622
0.0008663622
0.0011788777
0.0011788777
0.0011788777
0.0005538468
0.0011788777
0.0014913932
0.0011788777
0.0011788777
0.0011788777
0.0011788777
0.0014913932
0.0014913932
0.0014913932
0.0008663622
0.0011788777
0.0008663622
0.0011788777
0.0011788777
0.0011788777
0.0011788777
0.0008663622
0.0011788777
0.0008663622
0.0008663622
0.0008663622
0.0008663622
0.0008663622
0.0008663622
0.0008663622
0.0005538468
0.0005538468
0.0008663622
0.0008663622
0.0008663622
0.0011788777
0.0008663622
0.0005538468
0.0005538468
0.0011788777
0.0011788777
0.0008663622
0.0008663622
0.0008663622
0.0008663622
0.0008663622
0.0011788777
0.0005538468
0.0011788777
0.0008663622
0.0008663622
0.0008663622
0.0011788777
0.0008663622
0.0008663622
0.0005538468
0.0008663622
0.0008663622
0.0005538468
0.0008663622
0.0011788777
0.0011788777
0.0011788777
0.0005538468
0.0011788777
0.0005538468
0.0011788777
0.0008663622
0.0008663622
0.0008663622
0.0005538468
0.0011788777
0.0008663622
0.0011788777
0.0011788777
0.0014913932
0.0014913932
0.0014913932
0.0008663622
0.0014913932
0.0008663622
0.0011788777
0.0011788777
0.0011788777
0.0011788777
0.0018039086
0.0008663622
0.0011788777
0.0014913932
0.0008663622
0.0011788777
0.0011788777
0.0014913932
0.0011788777
0.0014913932
0.0008663622
0.0011788777
0.0011788777
0.0011788777
0.0008663622
0.0011788777
0.0011788777
0.0014913932
0.0008663622
0.0011788777
0.0014913932
0.0011788777
0.0008663622
0.0011788777
0.0008663622
0.0008663622
0.0014913932
0.0011788777
0.0014913932
0.0011788777
0.0011788777
0.0011788777
0.0011788777
0.0008663622
0.0008663622
0.0011788777
0.0008663622
0.0014913932
0.0008663622
0.0011788777
0.0014913932
0.0011788777
0.0011788777
0.0014913932
0.0011788777
0.0008663622
0.0011788777
0.0008663622
0.0011788777
0.0011788777
0.0008663622
0.0014913932
0.0011788777
0.0011788777
0.0011788777
0.0011788777
0.0011788777
0.0018039086
0.0011788777
0.0011788777
0.0011788777
0.0011788777
0.0008663622
0.0011788777
0.0014913932
0.0018039086
0.0011788777
0.0011788777
0.0011788777
0.0008663622
0.0011788777
0.0014913932
0.0011788777
0.0008663622
0.0008663622
0.0008663622
0.0018039086
0.0008663622
0.0011788777
0.0008663622
0.0014913932
0.0011788777
0.0011788777
0.0008663622
0.0014913932
0.0014913932
0.0014913932
0.0008663622
0.0011788777
0.0011788777
0.0014913932
0.0014913932
0.0008663622
0.0014913932
0.0008663622
0.0011788777
0.0008663622
0.0011788777
0.0014913932
0.0008663622
0.0011788777
0.0014913932
0.0011788777
0.0014913932
0.0011788777
0.0011788777
0.0011788777
0.0014913932
0.0008663622
0.0008663622
0.0008663622
0.0011788777
0.0011788777
0.0011788777
0.0011788777
0.0014913932
0.0014913932
0.0008663622
0.0014913932
0.0008663622
0.0011788777
0.0014913932
0.0014913932
0.0014913932
0.0008663622
0.0011788777
0.0014913932
0.0011788777
0.0011788777
0.0008663622
0.0008663622
0.0011788777
0.0011788777
0.0008663622
0.0011788777
0.0011788777
0.0008663622
0.0014913932
0.0011788777
0.0008663622
0.0011788777
0.0008663622
0.0014913932
0.0008663622
0.0011788777
0.0011788777
0.0011788777
0.0011788777
0.0018039086
0.0014913932
0.0014913932
0.0011788777
0.0014913932
0.0011788777
0.0008663622
0.0021164241
0.0011788777
0.0014913932
0.0011788777
0.0011788777
0.0011788777
0.0014913932
0.0011788777
0.0011788777
0.0011788777
0.0008663622
0.0011788777
0.0011788777
0.0014913932
0.0011788777
0.0014913932
0.0011788777
0.0008663622
0.0014913932
0.0008663622
0.0011788777
0.0011788777
0.0011788777
0.0018039086
0.0011788777
0.0011788777
0.0011788777
0.0011788777
0.0011788777
0.0011788777
0.0008663622
0.0011788777
0.0011788777
0.0014913932
0.0008663622
0.0011788777
0.0011788777
0.0011788777
0.0011788777
0.0008663622
0.0011788777
0.0011788777
0.0011788777
0.0011788777
0.0008663622
0.0008663622
0.0008663622
0.0008663622
0.0008663622
0.0011788777
0.0014913932
0.0008663622
0.0014913932
0.0011788777
0.0008663622
0.0011788777
0.0011788777
0.0008663622
0.0011788777
0.0014913932
0.0011788777
0.0008663622
0.0011788777
0.0008663622
0.0005538468
0.0014913932
0.0008663622
0.0008663622
0.0008663622
0.0008663622
0.0008663622
0.0008663622
0.0008663622
0.0011788777
0.0011788777
0.0011788777
0.0011788777
0.0011788777
0.0008663622
0.0002413313
0.0011788777
0.0005538468
0.0005538468
0.0005538468
0.0011788777
0.0008663622
0.0011788777
0.0008663622
0.0011788777
0.0011788777
0.0011788777
0.0011788777
0.0008663622
0.0005538468
0.0008663622
0.0011788777
0.0011788777
0.0011788777
0.0008663622
0.0008663622
0.0011788777
0.0011788777
0.0008663622
0.0011788777
0.0008663622
0.0011788777
0.0008663622
0.0011788777
0.0014913932
0.0011788777
0.0008663622
0.0011788777
0.0011788777
0.0014913932
0.0011788777
0.0014913932
0.0008663622
0.0008663622
0.0011788777
0.0011788777
0.0011788777
0.0011788777
0.0011788777
0.0011788777
0.0011788777
0.0011788777
0.0011788777
0.0014913932
0.0011788777
0.0008663622
0.0011788777
0.0011788777
0.0014913932
0.0008663622
0.0011788777
0.0014913932
0.0014913932
0.0014913932
0.0008663622
0.0014913932
0.0008663622
0.0011788777
0.0011788777
0.0008663622
0.0011788777
0.0011788777
0.0011788777
0.0011788777
0.0014913932
0.0021164241
0.0014913932
0.0011788777
0.0014913932
0.0014913932
0.0011788777
0.0011788777
0.0008663622
0.0005538468
0.0018039086
0.0011788777
0.0014913932
0.0011788777
0.0011788777
0.0014913932
0.0014913932
0.0011788777
0.0014913932
0.0011788777
0.0011788777
0.0008663622
0.0011788777
0.0011788777
0.0014913932
0.0014913932
0.0014913932
0.0014913932
0.0014913932
0.0011788777
0.0011788777
0.0008663622
0.0008663622
0.0011788777
0.0018039086
0.0008663622
0.0008663622
0.0011788777
0.0011788777
0.0014913932
0.0008663622
0.0008663622
0.0008663622
0.0018039086
0.0011788777
0.0011788777
0.0014913932
0.0011788777
0.0011788777
0.0011788777
0.0011788777
0.0008663622
0.0011788777
0.0008663622
0.0008663622
0.0011788777
0.0005538468
0.0005538468
0.0014913932
0.0014913932
0.0008663622
0.0011788777
0.0011788777
0.0011788777
0.0011788777
0.0011788777
0.0014913932
0.0011788777
0.0011788777
0.0011788777
0.0011788777
0.0008663622
0.0008663622
0.0011788777
0.0011788777
0.0011788777
0.0008663622
0.0008663622
0.0011788777
0.0008663622
0.0008663622
0.0008663622
0.0011788777
0.0011788777
0.0011788777
0.0011788777
0.0011788777
0.0011788777
0.0011788777
0.0011788777
0.0008663622
0.0011788777
0.0008663622
0.0011788777
0.0011788777
0.0011788777
0.0011788777
0.0014913932
0.0011788777
0.0014913932
0.0008663622
0.0011788777
0.0008663622
0.0008663622
0.0014913932
0.0011788777
0.0011788777
0.0011788777
0.0014913932
0.0011788777
0.0014913932
0.0011788777
0.0008663622
0.0011788777
0.0008663622
0.0021164241
0.0014913932
0.0014913932
0.0008663622
0.0011788777
0.0011788777
0.0011788777
0.0011788777
0.0011788777
0.0011788777
0.0014913932
0.0011788777
0.0014913932
0.0011788777
0.0011788777
0.0008663622
0.0011788777
0.0011788777
0.0011788777
0.0014913932
0.0014913932
0.0008663622
0.0011788777
0.0011788777
0.0011788777
0.0008663622
0.0008663622
0.0018039086
0.0011788777
0.0011788777
0.0014913932
0.0011788777
0.0008663622
0.0008663622
0.0008663622
0.0014913932
0.0014913932
0.0008663622
0.0011788777
0.0011788777
0.0008663622
0.0014913932
0.0008663622
0.0011788777
0.0008663622
0.0011788777
0.0008663622
0.0011788777
0.0011788777
0.0008663622
0.0008663622
0.0002413313
0.0008663622
0.0008663622
0.0011788777
0.0011788777
0.0011788777
0.0011788777
0.0011788777
0.0011788777
0.0008663622
0.0011788777
0.0011788777
0.0011788777
0.0011788777
0.0011788777
0.0008663622
0.0011788777
0.0011788777
0.0018039086
0.0008663622
0.0008663622
0.0011788777
0.0008663622
0.0014913932
0.0011788777
0.0011788777
0.0011788777
0.0011788777
0.0008663622
0.0014913932
0.0011788777
0.0008663622
0.0014913932
0.0011788777
0.0011788777
0.0011788777
0.0011788777
0.0008663622
0.0008663622
0.0014913932
0.0011788777
0.0008663622
0.0014913932
0.0014913932
0.0011788777
0.0014913932
0.0008663622
0.0008663622
0.0011788777
0.0018039086
0.0011788777
0.0011788777
0.0011788777
0.0014913932
0.0008663622
0.0011788777
0.0008663622
0.0014913932
0.0011788777
0.0014913932
0.0014913932
0.0008663622
0.0014913932
0.0008663622
0.0008663622
0.0014913932
0.0014913932
0.0014913932
0.0011788777
0.0011788777
0.0011788777
0.0018039086
0.0011788777
0.0011788777
0.0008663622
0.0011788777
0.0018039086
0.0014913932
0.0014913932
0.0014913932
0.0008663622
0.0011788777
0.0014913932
0.0014913932
0.0011788777
0.0005538468
0.0011788777
0.0011788777
0.0018039086
0.0011788777
0.0014913932
0.0014913932
0.0011788777
0.0008663622
0.0011788777
0.0011788777
0.0008663622
0.0011788777
0.0011788777
0.0011788777
0.0011788777
0.0011788777
0.0011788777
0.0011788777
0.0014913932
0.0011788777
0.0011788777
0.0014913932
0.0018039086
0.0014913932
0.0011788777
0.0014913932
0.0008663622
0.0011788777
0.0014913932
0.0008663622
0.0011788777
0.0011788777
0.0014913932
0.0008663622
0.0014913932
0.0008663622
0.0014913932
0.0008663622
0.0008663622
0.0008663622
0.0011788777
0.0008663622
0.0011788777
0.0008663622
0.0011788777
0.0011788777
0.0008663622
0.0014913932
0.0008663622
0.0011788777
0.0014913932
0.0011788777
0.0014913932
0.0011788777
0.0008663622
0.0011788777
0.0011788777
0.0011788777
0.0011788777
0.0011788777
0.0011788777
0.0011788777
0.0011788777
0.0011788777
0.0011788777
0.0011788777
0.0014913932
0.0011788777
0.0008663622
0.0011788777
0.0011788777
0.0014913932
0.0008663622
0.0011788777
0.0011788777
0.0011788777
0.0011788777
0.0008663622
0.0011788777
0.0008663622
0.0011788777
0.0008663622
0.0011788777
0.0008663622
0.0008663622
0.0008663622
0.0014913932
0.0014913932
0.0008663622
0.0008663622
0.0008663622
0.0011788777
0.0011788777
0.0014913932
0.0011788777
0.0011788777
0.0011788777
0.0011788777
0.0014913932
0.0011788777
0.0008663622
0.0008663622
0.0011788777
0.0011788777
0.0011788777
0.0011788777
0.0014913932
0.0011788777
0.0011788777
0.0011788777
0.0011788777
0.0008663622
0.0014913932
0.0014913932
0.0011788777
0.0008663622
0.0011788777
0.0014913932
0.0011788777
0.0011788777
0.0014913932
0.0014913932
0.0011788777
0.0008663622
0.0011788777
0.0011788777
0.0014913932
0.0008663622
0.0011788777
0.0014913932
0.0008663622
0.0014913932
0.0011788777
0.0014913932
0.0008663622
0.0018039086
0.0008663622
0.0011788777
0.0011788777
0.0018039086
0.0008663622
0.0011788777
0.0011788777
0.0008663622
0.0011788777
0.0011788777
0.0018039086
0.0014913932
0.0014913932
0.0014913932
0.0008663622
0.0008663622
0.0008663622
0.0011788777
0.0011788777
0.0011788777
0.0014913932
0.0014913932
0.0011788777
0.0011788777
0.0011788777
0.0018039086
0.0008663622
0.0014913932
0.0011788777
0.0011788777
0.0011788777
0.0011788777
0.0008663622
0.0008663622
0.0011788777
0.0011788777
0.0011788777
0.0011788777
0.0011788777
0.0008663622
0.0011788777
0.0014913932
0.0011788777
0.0011788777
0.0011788777
0.0008663622
0.0011788777
0.0011788777
0.0014913932
0.0008663622
0.0011788777
0.0008663622
0.0008663622
0.0011788777
0.0008663622
0.0011788777
0.0008663622
0.0011788777
0.0008663622
0.0008663622
0.0011788777
0.0008663622
0.0002413313
0.0008663622
0.0008663622
0.0008663622
0.0008663622
0.0014913932
0.0011788777
0.0011788777
0.0005538468
0.0005538468
0.0008663622
0.0008663622
0.0014913932
0.0018039086
0.0008663622
0.0008663622
0.0014913932
0.0011788777
0.0011788777
0.0011788777
0.0008663622
0.0008663622
0.0008663622
0.0011788777
0.0011788777
0.0014913932
0.0008663622
0.0008663622
0.0014913932
0.0008663622
0.0008663622
0.0008663622
0.0011788777
0.0014913932
0.0014913932
0.0008663622
0.0008663622
0.0008663622
0.0011788777
0.0011788777
0.0014913932
0.0011788777
0.0011788777
0.0011788777
0.0011788777
0.0011788777
0.0011788777
0.0014913932
0.0014913932
0.0014913932
0.0011788777
0.0008663622
0.0018039086
0.0011788777
0.0014913932
0.0011788777
0.0014913932
0.0011788777
0.0014913932
0.0011788777
0.0011788777
0.0008663622
0.0008663622
0.0011788777
0.0014913932
0.0014913932
0.0014913932
0.0008663622
0.0011788777
0.0011788777
0.0008663622
0.0014913932
0.0011788777
0.0014913932
0.0011788777
0.0011788777
0.0018039086
0.0011788777
0.0014913932
0.0011788777
0.0008663622
0.0011788777
0.0014913932
0.0011788777
0.0008663622
0.0011788777
0.0008663622
0.0011788777
0.0008663622
0.0008663622
0.0008663622
0.0008663622
0.0011788777
0.0011788777
0.0011788777
0.0008663622
0.0011788777
0.0008663622
0.0005538468
0.0008663622
0.0008663622
0.0011788777
0.0005538468
0.0011788777
0.0011788777
0.0008663622
0.0011788777
0.0005538468
0.0011788777
0.0008663622
0.0008663622
0.0014913932
0.0011788777
0.0014913932
0.0008663622
0.0011788777
0.0011788777
0.0011788777
0.0005538468
0.0014913932
0.0011788777
0.0011788777
0.0008663622
0.0008663622
0.0014913932
0.0011788777
0.0011788777
0.0008663622
0.0008663622
0.0011788777
0.0011788777
0.0005538468
0.0014913932
0.0011788777
0.0008663622
0.0018039086
0.0008663622
0.0011788777
0.0011788777
0.0011788777
0.0011788777
0.0018039086
0.0011788777
0.0008663622
0.0014913932
0.0011788777
0.0018039086
0.0011788777
0.0014913932
0.0008663622
0.0014913932
0.0008663622
0.0011788777
0.0011788777
0.0014913932
0.0014913932
0.0008663622
0.0011788777
0.0011788777
0.0011788777
0.0014913932
0.0014913932
0.0011788777
0.0014913932
0.0008663622
0.0011788777
0.0011788777
0.0011788777
0.0011788777
0.0011788777
0.0011788777
0.0008663622
0.0008663622
0.0014913932
0.0011788777
0.0011788777
0.0005538468
0.0011788777
0.0011788777
0.0011788777
0.0008663622
0.0008663622
0.0011788777
0.0014913932
0.0008663622
0.0011788777
0.0011788777
0.0014913932
0.0011788777
0.0011788777
0.0018039086
0.0014913932
0.0014913932
0.0011788777
0.0014913932
0.0011788777
0.0014913932
0.0011788777
0.0011788777
0.0011788777
0.0011788777
0.0014913932
0.0011788777
0.0011788777
0.0011788777
0.0011788777
0.0011788777
0.0014913932
0.0014913932
0.0011788777
0.0011788777
0.0008663622
0.0011788777
0.0011788777
0.0014913932
0.0014913932
0.0008663622
0.0014913932
0.0018039086
0.0014913932
0.0011788777
0.0014913932
0.0014913932
0.0014913932
0.0014913932
0.0011788777
0.0008663622
0.0018039086
0.0014913932
0.0014913932
0.0014913932
0.0014913932
0.0011788777
0.0014913932
0.0008663622
0.0014913932
0.0018039086
0.0011788777
0.0011788777
0.0014913932
0.0014913932
0.0008663622
0.0014913932
0.0011788777
0.0011788777
0.0008663622
0.0014913932
0.0011788777
0.0008663622
0.0011788777
0.0011788777
0.0011788777
0.0011788777
0.0008663622
0.0011788777
0.0008663622
0.0008663622
0.0011788777
0.0008663622
0.0014913932
0.0011788777
0.0008663622
0.0014913932
0.0011788777
0.0014913932
0.0011788777
0.0008663622
0.0011788777
0.0014913932
0.0014913932
0.0011788777
0.0011788777
0.0011788777
0.0008663622
0.0011788777
0.0011788777
0.0008663622
0.0008663622
0.0011788777
0.0011788777
0.0008663622
0.0011788777
0.0008663622
0.0011788777
0.0011788777
0.0011788777
0.0008663622
0.0011788777
0.0008663622
0.0011788777
0.0011788777
0.0011788777
0.0011788777
0.0008663622
0.0011788777
0.0008663622
0.0008663622
0.0011788777
0.0018039086
0.0008663622
0.0008663622
0.0011788777
0.0011788777
0.0011788777
0.0011788777
0.0014913932
0.0011788777
0.0014913932
0.0014913932
0.0014913932
0.0014913932
0.0011788777
0.0014913932
0.0011788777
0.0014913932
0.0014913932
0.0014913932
0.0008663622
0.0018039086
0.0011788777
0.0011788777
0.0014913932
0.0014913932
0.0018039086
0.0008663622
0.0014913932
0.0008663622
0.0014913932
0.0008663622
0.0011788777
0.0011788777
0.0008663622
0.0014913932
0.0008663622
0.0011788777
0.0008663622
0.0008663622
0.0011788777
0.0008663622
0.0014913932
0.0011788777
0.0008663622
0.0011788777
0.0008663622
0.0008663622
0.0011788777
0.0011788777
0.0008663622
0.0014913932
0.0011788777
0.0008663622
0.0008663622
0.0011788777
0.0008663622
0.0008663622
0.0008663622
0.0011788777
0.0014913932
0.0014913932
0.0008663622
0.0005538468
0.0008663622
0.0008663622
0.0005538468
0.0011788777
0.0008663622
