-0.0034464292
-0.0056344686
-0.0065721997
-0.0068847768
-0.0062596227
-0.0053218915
-0.0034464292
-0.0015709670
-0.0006332358
0.0006170724
0.0018673806
0.0031176888
0.0040554199
0.0046805740
0.0059308822
0.0071811904
0.0078063445
0.0078063445
0.0071811904
0.0059308822
0.0043679970
0.0018673806
-0.0003206588
-0.0009458129
-0.0012583899
-0.0012583899
-0.0012583899
-0.0015709670
-0.0025086981
-0.0025086981
-0.0028212751
-0.0034464292
-0.0043841604
-0.0043841604
-0.0050093145
-0.0056344686
-0.0056344686
-0.0050093145
-0.0025086981
-0.0009458129
0.0012422265
0.0024925347
0.0034302658
0.0024925347
0.0018673806
0.0003044953
0.0003044953
-0.0006332358
-0.0012583899
-0.0015709670
-0.0015709670
-0.0025086981
-0.0021961210
-0.0012583899
-0.0006332358
0.0009296494
0.0012422265
0.0015548035
0.0015548035
0.0015548035
0.0003044953
0.0003044953
0.0009296494
0.0006170724
0.0003044953
0.0003044953
-0.0003206588
-0.0012583899
-0.0028212751
-0.0040715833
-0.0050093145
-0.0065721997
-0.0068847768
-0.0068847768
-0.0059470456
-0.0040715833
-0.0015709670
-0.0000080817
0.0009296494
0.0012422265
0.0003044953
-0.0006332358
-0.0015709670
-0.0031338522
-0.0040715833
-0.0046967374
-0.0034464292
-0.0031338522
-0.0031338522
-0.0025086981
-0.0015709670
-0.0012583899
-0.0012583899
-0.0009458129
-0.0000080817
0.0009296494
0.0012422265
0.0012422265
0.0018673806
0.0021799576
0.0018673806
0.0012422265
-0.0000080817
-0.0000080817
-0.0009458129
-0.0009458129
-0.0009458129
-0.0003206588
0.0003044953
0.0009296494
-0.0000080817
0.0003044953
-0.0006332358
-0.0009458129
-0.0009458129
-0.0012583899
-0.0012583899
-0.0009458129
-0.0015709670
-0.0028212751
-0.0034464292
-0.0037590063
-0.0040715833
-0.0037590063
-0.0031338522
-0.0028212751
-0.0025086981
-0.0021961210
-0.0021961210
-0.0015709670
-0.0012583899
-0.0012583899
-0.0012583899
-0.0009458129
-0.0000080817
0.0009296494
0.0009296494
0.0012422265
0.0012422265
-0.0006332358
-0.0021961210
-0.0031338522
-0.0037590063
-0.0040715833
-0.0040715833
-0.0034464292
-0.0031338522
-0.0025086981
-0.0025086981
-0.0018835440
-0.0012583899
-0.0000080817
-0.0003206588
0.0003044953
0.0009296494
0.0009296494
0.0009296494
0.0009296494
0.0003044953
-0.0012583899
-0.0012583899
-0.0018835440
-0.0021961210
-0.0015709670
-0.0012583899
-0.0009458129
-0.0003206588
0.0003044953
-0.0006332358
-0.0009458129
-0.0021961210
-0.0021961210
-0.0021961210
-0.0015709670
-0.0015709670
-0.0012583899
-0.0021961210
-0.0015709670
-0.0018835440
-0.0012583899
-0.0012583899
-0.0006332358
0.0003044953
0.0003044953
0.0015548035
0.0012422265
0.0018673806
0.0009296494
-0.0006332358
-0.0012583899
-0.0025086981
-0.0034464292
-0.0037590063
-0.0046967374
-0.0046967374
-0.0046967374
-0.0053218915
-0.0046967374
-0.0037590063
-0.0028212751
-0.0018835440
-0.0006332358
0.0003044953
0.0009296494
0.0015548035
0.0024925347
0.0034302658
0.0043679970
0.0046805740
0.0049931511
0.0053057281
0.0040554199
0.0037428429
0.0024925347
0.0024925347
0.0015548035
0.0015548035
0.0024925347
0.0021799576
0.0009296494
0.0003044953
-0.0021961210
-0.0031338522
-0.0043841604
-0.0043841604
-0.0037590063
-0.0037590063
-0.0028212751
-0.0028212751
-0.0025086981
-0.0034464292
-0.0040715833
-0.0037590063
-0.0037590063
-0.0031338522
-0.0025086981
-0.0012583899
0.0003044953
0.0006170724
0.0024925347
0.0024925347
0.0040554199
0.0043679970
0.0037428429
0.0028051117
0.0024925347
0.0015548035
0.0012422265
0.0003044953
-0.0003206588
0.0003044953
-0.0003206588
-0.0009458129
-0.0012583899
-0.0015709670
-0.0012583899
-0.0012583899
-0.0009458129
-0.0003206588
0.0003044953
0.0009296494
0.0009296494
0.0012422265
0.0012422265
0.0009296494
0.0009296494
0.0003044953
-0.0000080817
-0.0009458129
-0.0015709670
-0.0031338522
-0.0034464292
-0.0046967374
-0.0046967374
-0.0040715833
-0.0031338522
-0.0021961210
-0.0018835440
-0.0021961210
-0.0015709670
-0.0025086981
-0.0015709670
-0.0012583899
-0.0000080817
0.0003044953
0.0003044953
0.0006170724
0.0009296494
0.0006170724
0.0003044953
0.0003044953
-0.0000080817
-0.0006332358
-0.0012583899
-0.0015709670
-0.0025086981
-0.0028212751
-0.0025086981
-0.0015709670
-0.0000080817
-0.0006332358
-0.0003206588
-0.0009458129
-0.0006332358
-0.0006332358
-0.0009458129
-0.0006332358
-0.0003206588
0.0006170724
0.0018673806
0.0031176888
0.0040554199
0.0053057281
0.0053057281
0.0053057281
0.0049931511
0.0043679970
0.0031176888
0.0018673806
0.0003044953
-0.0009458129
-0.0018835440
-0.0025086981
-0.0025086981
-0.0018835440
0.1422144811
2.1142647497
4.2013485365
4.2035365867
2.7347315567
0.6695320915
-0.4523070222
-0.5413914611
-0.5467052696
-0.5467052696
-0.5442046538
-0.5432669229
0.3891503875
1.7654282007
1.9439099662
1.4481620987
0.8033151319
0.2744345883
-0.0275148618
-0.1612978323
-0.2159988107
-0.1863039940
-0.1366042473
-0.0578348349
-0.0165746652
-0.0112608554
-0.0197004357
-0.0146992030
0.0012422265
-0.0156369341
-0.0484575237
-0.0540839104
-0.0290777470
-0.0156369341
-0.0215758980
-0.0412682517
-0.0440814451
-0.0497078318
-0.0637737986
-0.0856541912
-0.0859667683
-0.0640863757
-0.0425185599
-0.0484575237
-0.0672121461
-0.0631486446
-0.0497078318
-0.0400179436
-0.0459569074
-0.0525210252
-0.0475197926
-0.0437688681
-0.0506455630
-0.0719008016
-0.0812781127
-0.0618983364
-0.0393927895
-0.0378299043
-0.0468946385
-0.0534587563
-0.0603354512
-0.0719008016
-0.0875296534
-0.0859667683
-0.0706504935
-0.0572096808
-0.0543964875
-0.0515832941
-0.0487701007
-0.0462694844
-0.0400179436
-0.0481449466
-0.0603354512
-0.0587725660
-0.0509581400
-0.0512707171
-0.0593977201
-0.0740888409
-0.1072220065
-0.1637984485
-0.2191245809
-0.2525703212
-0.2444433189
-0.1881794562
-0.1031585051
-0.0056344686
0.0875134941
0.1644074535
0.1953525844
0.1681583784
0.1006417308
0.0331250858
-0.0165746652
-0.0540839104
-0.0740888409
-0.0756517261
-0.0575222579
-0.0322035175
-0.0150117800
-0.0175123964
-0.0281400159
-0.0381424813
-0.0406430976
-0.0431437140
-0.0509581400
-0.0512707171
-0.0450191762
-0.0456443303
-0.0475197926
-0.0509581400
-0.0550216415
-0.0584599890
-0.0668995690
-0.0744014179
-0.0790900735
-0.0725259557
-0.0581474119
-0.0475197926
-0.0403305206
-0.0365795961
-0.0328286716
-0.0312657863
-0.0434562910
-0.0550216415
-0.0603354512
-0.0650241068
-0.0684624542
-0.0650241068
-0.0534587563
-0.0372047502
-0.0247016684
-0.0228262061
-0.0256393996
-0.0287651700
-0.0340789797
-0.0359544420
-0.0375173272
-0.0412682517
-0.0397053665
-0.0356418650
-0.0397053665
-0.0465820614
-0.0531461793
-0.0565845267
-0.0600228742
-0.0622109134
-0.0575222579
-0.0537713334
-0.0525210252
-0.0537713334
-0.0553342186
-0.0581474119
-0.0559593727
-0.0500204089
-0.0447065992
-0.0447065992
-0.0431437140
-0.0409556747
-0.0372047502
-0.0384550583
-0.0381424813
-0.0322035175
-0.0259519766
-0.0240765143
-0.0275148618
-0.0281400159
-0.0284525930
-0.0322035175
-0.0334538257
-0.0362670190
-0.0372047502
-0.0372047502
-0.0347041338
-0.0337664027
-0.0297029011
-0.0250142455
-0.0262645536
-0.0312657863
-0.0387676354
-0.0422059829
-0.0412682517
-0.0425185599
-0.0409556747
-0.0365795961
-0.0281400159
-0.0322035175
-0.0493952548
-0.0628360675
-0.0640863757
-0.0240765143
0.7023526960
2.2061625737
3.1417080528
3.0938836133
2.1530243749
0.8458256337
-0.2419427028
-0.5426417690
-0.5610838103
-0.5620215413
-0.5610838103
-0.5607712334
-0.5582706176
-0.5567077327
0.3925887358
1.3106280560
1.3572020821
0.8927122181
0.4288476823
0.2106688616
0.1065806951
0.0987662684
0.1325245918
0.0943901895
0.0468784762
-0.0312657863
-0.1369168243
-0.1597349472
-0.1259766283
-0.0987824267
-0.0618983364
0.0049931511
0.1112693511
0.1697212638
0.1397138645
0.0775110281
0.0284364300
0.0440652827
0.0712594868
0.0884512253
0.0459407451
-0.0687750312
-0.1997448059
-0.2753884429
-0.2560086683
-0.2263138522
-0.1738009132
-0.0937811941
-0.0440814451
-0.0284525930
-0.0156369341
-0.0525210252
-0.0572096808
-0.0528336023
-0.0434562910
-0.0231387832
-0.0568971038
-0.0828409979
-0.0828409979
-0.1247263202
-0.1437935189
-0.1165993175
-0.1056591214
-0.0959692334
-0.0684624542
-0.0306406323
-0.0206381668
-0.0697127624
-0.1212879729
-0.1156615864
-0.1253514743
-0.1369168243
-0.0837787290
-0.0293903241
0.0043679970
-0.0021961210
-0.0250142455
-0.0309532093
-0.0737762638
-0.1153490093
-0.1044088132
-0.0575222579
-0.0215758980
0.0090566527
0.0315622005
0.0306244693
-0.0100105472
-0.0725259557
-0.1053465443
-0.1047213903
-0.0969069645
-0.0725259557
-0.0606480282
-0.0684624542
-0.0787774964
-0.0794026505
-0.0862793453
-0.1025333510
-0.1225382810
-0.1509827905
-0.1687996809
-0.1653613336
-0.1222257040
-0.1025333510
-0.1012830429
-0.0965943874
-0.0884673845
-0.0815906898
-0.0759643031
-0.0912805778
-0.0947189252
-0.0890925386
-0.0506455630
0.0203094266
0.0762607198
0.0950153436
0.0684462933
0.0249980824
-0.0178249734
-0.0587725660
-0.0987824267
-0.1147238553
-0.0853416142
-0.0487701007
-0.0315783634
-0.0222010521
-0.0190752816
-0.0340789797
-0.0481449466
-0.0615857594
-0.0584599890
-0.0694001853
-0.0790900735
-0.0687750312
-0.0565845267
-0.0415808288
-0.0347041338
-0.0487701007
-0.0581474119
-0.0615857594
-0.0640863757
-0.0628360675
-0.0815906898
-0.0947189252
-0.0712756476
-0.0165746652
0.0187465413
0.0165585020
-0.0331412486
-0.0965943874
-0.1362916703
-0.1516079446
-0.1487947513
-0.1350413622
-0.1153490093
-0.0772146113
-0.0256393996
0.0228100430
0.0725097951
0.0934524583
0.0725097951
0.0215597348
-0.0465820614
-0.1297275527
-0.2025579990
-0.2363163166
-0.2213126200
-0.1838033779
-0.1456689811
-0.0828409979
-0.0312657863
0.0037428429
0.0199968495
-0.0000080817
-0.0281400159
-0.0628360675
-0.0756517261
-0.0537713334
-0.0187627046
0.0043679970
0.0290615841
0.0671959850
0.0897015335
0.0972033831
0.0787613363
0.0315622005
-0.0375173272
-0.0990950037
-0.1603601012
-0.2028705760
-0.2247509671
-0.2266264292
-0.2100598474
-0.1778644145
-0.1325407459
-0.0847164601
-0.0634612216
-0.0575222579
-0.0381424813
-0.0215758980
-0.0025086981
0.0196842725
0.0368760104
0.0443778598
0.0312496235
-0.0040715833
-0.0365795961
-0.0490826778
-0.0637737986
-0.0784649194
-0.1009704659
-0.1050339673
-0.0953440793
-0.0787774964
-0.0590851431
-0.0312657863
-0.0118860095
-0.0075099309
-0.0062596227
0.0074937675
0.0221848889
0.0203094266
0.0237477742
0.0434401286
0.0512545550
0.0496916697
0.0412520892
0.0118698462
-0.0331412486
-0.0856541912
-0.1125358161
-0.1406677487
-0.1656739106
-0.1578594850
-0.1119106620
-0.0840913060
-0.0650241068
-0.0300154782
0.0134327314
0.0437527057
0.0387514728
0.0371885875
0.0262483906
-0.0040715833
-0.0525210252
-0.1059716984
-0.1569217540
-0.1959938816
-0.1931806885
-0.1600475242
-0.1112855079
-0.0440814451
0.0240603512
0.0728223721
0.0925147271
0.0859506088
0.0606318668
0.0312496235
0.0043679970
-0.0228262061
-0.0509581400
-0.0656492609
-0.0556467956
-0.0362670190
-0.0228262061
-0.0234513602
-0.0503329859
-0.0728385327
-0.0881548075
-0.0947189252
-0.0940937712
-0.0875296534
-0.0772146113
-0.0550216415
-0.0293903241
-0.0003206588
0.0149956167
0.0112446921
-0.0243890914
-0.0715882246
-0.0950315023
-0.1075345836
-0.1115980850
-0.1147238553
-0.1028459281
-0.0628360675
-0.0153243570
0.0149956167
0.0306244693
0.0343753940
0.0171836561
-0.0050093145
-0.0125111636
-0.0190752816
-0.0350167109
-0.0565845267
-0.0640863757
-0.0590851431
-0.0553342186
-0.0450191762
-0.0353292879
-0.0234513602
-0.0275148618
-0.0462694844
-0.0550216415
-0.0587725660
-0.0503329859
-0.0275148618
-0.0012583899
0.0174962331
0.0249980824
0.0243729283
0.0112446921
-0.0081350850
-0.0359544420
-0.0612731823
-0.0662744149
-0.0747139950
-0.0744014179
-0.0597102971
-0.0665869920
-0.0909680008
-0.1115980850
-0.1184747796
-0.1109729309
-0.0900302697
-0.0481449466
0.0096818068
0.0621947521
0.0931398812
0.0937650354
0.0709469098
0.0353131252
0.0021799576
-0.0234513602
-0.0434562910
-0.0581474119
-0.0690876083
-0.0715882246
-0.0600228742
-0.0537713334
-0.0668995690
-0.0859667683
-0.1028459281
-0.1100351998
-0.1216005499
-0.1184747796
-0.0965943874
-0.0775271883
-0.0653366838
-0.0543964875
-0.0365795961
-0.0171998193
-0.0112608554
-0.0178249734
-0.0287651700
-0.0497078318
-0.0719008016
-0.0731511098
-0.0643989527
-0.0587725660
-0.0556467956
-0.0365795961
0.0059308822
0.0400017810
0.0600067127
0.0550054797
0.0324999317
0.0078063445
-0.0037590063
0.0003044953
0.0084314986
0.0024925347
-0.0053218915
-0.0156369341
-0.0228262061
-0.0209507439
-0.0159495111
-0.0140740489
-0.0365795961
-0.0722133787
-0.0844038831
-0.0747139950
-0.0497078318
-0.0325160945
-0.0303280552
-0.0353292879
-0.0475197926
-0.0572096808
-0.0440814451
-0.0146992030
-0.0028212751
-0.0081350850
-0.0146992030
-0.0150117800
-0.0065721997
-0.0090728161
-0.0175123964
-0.0184501275
-0.0225136291
-0.0297029011
-0.0309532093
-0.0181375505
-0.0025086981
-0.0009458129
-0.0087602391
-0.0112608554
-0.0096979702
-0.0071973538
-0.0109482784
-0.0109482784
-0.0137614718
-0.0259519766
-0.0409556747
-0.0553342186
-0.0609606053
-0.0612731823
-0.0697127624
-0.0784649194
-0.0703379164
-0.0565845267
-0.0406430976
-0.0215758980
-0.0168872423
-0.0365795961
-0.0590851431
-0.0612731823
-0.0515832941
-0.0437688681
-0.0497078318
-0.0612731823
-0.0562719497
-0.0309532093
0.0090566527
0.0390640498
0.0418772433
0.0209345807
-0.0087602391
-0.0253268225
-0.0359544420
-0.0406430976
-0.0384550583
-0.0400179436
-0.0400179436
-0.0337664027
-0.0234513602
-0.0125111636
-0.0025086981
0.0021799576
0.0006170724
0.0046805740
0.0096818068
0.0171836561
0.0199968495
0.0199968495
0.0168710790
0.0099943839
0.0024925347
-0.0103231243
-0.0250142455
-0.0434562910
-0.0615857594
-0.0672121461
-0.0631486446
-0.0581474119
-0.0497078318
-0.0362670190
-0.0259519766
-0.0265771307
-0.0281400159
-0.0350167109
-0.0450191762
-0.0450191762
-0.0406430976
-0.0390802124
-0.0475197926
-0.0615857594
-0.0675247231
-0.0750265720
-0.0812781127
-0.0697127624
-0.0443940221
-0.0143866259
0.0199968495
0.0465658992
0.0540677486
0.0450030139
0.0240603512
0.0012422265
-0.0203255898
-0.0453317533
-0.0550216415
-0.0475197926
-0.0365795961
-0.0300154782
-0.0312657863
-0.0300154782
-0.0359544420
-0.0459569074
-0.0397053665
-0.0275148618
-0.0137614718
-0.0040715833
0.0040554199
0.0140578856
0.0190591184
0.0199968495
0.0224974660
0.0237477742
0.0165585020
0.0006170724
-0.0115734325
-0.0293903241
-0.0387676354
-0.0400179436
-0.0406430976
-0.0490826778
-0.0603354512
-0.0675247231
-0.0600228742
-0.0431437140
-0.0334538257
-0.0309532093
-0.0356418650
-0.0365795961
-0.0312657863
-0.0181375505
-0.0046967374
0.0034302658
0.0084314986
0.0143704626
0.0037428429
-0.0081350850
-0.0146992030
-0.0281400159
-0.0387676354
-0.0481449466
-0.0547090645
-0.0547090645
-0.0515832941
-0.0434562910
-0.0375173272
-0.0309532093
-0.0265771307
-0.0225136291
-0.0106357013
0.0021799576
0.0103069609
0.0121824232
0.0131201544
0.0096818068
-0.0037590063
-0.0128237407
-0.0203255898
-0.0284525930
-0.0306406323
-0.0306406323
-0.0312657863
-0.0272022848
-0.0203255898
-0.0231387832
-0.0265771307
-0.0237639373
-0.0187627046
-0.0165746652
-0.0222010521
-0.0237639373
-0.0206381668
-0.0096979702
-0.0028212751
-0.0056344686
-0.0112608554
-0.0178249734
-0.0187627046
-0.0075099309
0.0096818068
0.0218723119
0.0159333479
-0.0037590063
-0.0175123964
-0.0262645536
-0.0297029011
-0.0365795961
-0.0431437140
-0.0381424813
-0.0287651700
-0.0225136291
-0.0184501275
-0.0134488948
-0.0134488948
-0.0275148618
-0.0409556747
-0.0447065992
-0.0431437140
-0.0306406323
-0.0175123964
-0.0056344686
-0.0015709670
-0.0031338522
-0.0034464292
-0.0150117800
-0.0268897077
-0.0322035175
-0.0243890914
-0.0087602391
0.0021799576
0.0018673806
-0.0012583899
-0.0028212751
-0.0025086981
-0.0059470456
-0.0131363177
-0.0187627046
-0.0281400159
-0.0397053665
-0.0440814451
-0.0403305206
-0.0287651700
-0.0275148618
-0.0237639373
-0.0197004357
-0.0171998193
-0.0159495111
-0.0162620882
-0.0065721997
0.0062434593
0.0124950003
0.0049931511
-0.0156369341
-0.0362670190
-0.0500204089
-0.0581474119
-0.0565845267
-0.0462694844
-0.0337664027
-0.0234513602
-0.0100105472
0.0087440757
0.0187465413
0.0153081938
0.0012422265
-0.0146992030
-0.0309532093
-0.0387676354
-0.0393927895
-0.0322035175
-0.0200130127
-0.0096979702
-0.0046967374
-0.0015709670
-0.0028212751
-0.0040715833
-0.0021961210
-0.0015709670
-0.0062596227
-0.0081350850
-0.0109482784
-0.0162620882
-0.0197004357
-0.0156369341
-0.0090728161
-0.0062596227
-0.0084476620
-0.0112608554
-0.0103231243
-0.0078225079
-0.0084476620
-0.0171998193
-0.0340789797
-0.0456443303
-0.0509581400
-0.0497078318
-0.0409556747
-0.0228262061
-0.0106357013
-0.0071973538
-0.0043841604
-0.0000080817
0.0062434593
0.0106195380
0.0124950003
0.0056183052
-0.0068847768
-0.0187627046
-0.0228262061
-0.0287651700
-0.0359544420
-0.0406430976
-0.0337664027
-0.0243890914
-0.0206381668
-0.0193878586
-0.0162620882
-0.0143866259
-0.0103231243
-0.0096979702
-0.0187627046
-0.0312657863
-0.0418934058
-0.0400179436
-0.0275148618
-0.0118860095
0.0059308822
0.0159333479
0.0218723119
0.0240603512
0.0218723119
0.0190591184
0.0121824232
-0.0000080817
-0.0059470456
-0.0153243570
-0.0268897077
-0.0350167109
-0.0356418650
-0.0275148618
-0.0168872423
-0.0096979702
-0.0075099309
-0.0115734325
-0.0175123964
-0.0222010521
-0.0225136291
-0.0206381668
-0.0240765143
-0.0240765143
-0.0187627046
-0.0109482784
-0.0006332358
0.0053057281
0.0012422265
-0.0115734325
-0.0228262061
-0.0250142455
-0.0190752816
-0.0121985866
-0.0078225079
0.0003044953
0.0090566527
0.0087440757
-0.0009458129
-0.0134488948
-0.0240765143
-0.0312657863
-0.0309532093
-0.0209507439
-0.0081350850
-0.0015709670
-0.0009458129
-0.0018835440
-0.0112608554
-0.0212633209
-0.0253268225
-0.0262645536
-0.0268897077
-0.0278274389
-0.0240765143
-0.0153243570
-0.0075099309
-0.0040715833
-0.0103231243
-0.0143866259
-0.0156369341
-0.0159495111
-0.0175123964
-0.0153243570
-0.0093853932
-0.0009458129
0.0078063445
0.0084314986
0.0009296494
-0.0031338522
0.0012422265
0.0046805740
0.0021799576
-0.0065721997
-0.0190752816
-0.0312657863
-0.0434562910
-0.0487701007
-0.0472072155
-0.0365795961
-0.0222010521
-0.0084476620
0.0018673806
0.0099943839
0.0174962331
0.0228100430
0.0259358135
0.0209345807
0.0115572691
-0.0003206588
-0.0109482784
-0.0200130127
-0.0281400159
-0.0328286716
-0.0359544420
-0.0372047502
-0.0325160945
-0.0165746652
-0.0009458129
0.0112446921
0.0159333479
0.0081189216
-0.0096979702
-0.0318909404
-0.0462694844
-0.0512707171
-0.0412682517
-0.0209507439
-0.0040715833
0.0065560363
0.0124950003
0.0078063445
0.0034302658
-0.0006332358
-0.0050093145
-0.0121985866
-0.0193878586
-0.0225136291
-0.0272022848
-0.0290777470
-0.0253268225
-0.0209507439
-0.0121985866
0.0049931511
0.0218723119
0.0343753940
0.0337502399
0.0231226201
0.0128075773
0.0040554199
-0.0043841604
-0.0115734325
-0.0159495111
-0.0162620882
-0.0115734325
-0.0084476620
-0.0081350850
-0.0137614718
-0.0256393996
-0.0378299043
-0.0387676354
-0.0250142455
-0.0084476620
0.0037428429
0.0084314986
0.0049931511
-0.0012583899
-0.0071973538
-0.0100105472
-0.0165746652
-0.0256393996
-0.0281400159
-0.0290777470
-0.0275148618
-0.0187627046
-0.0075099309
0.0040554199
0.0124950003
0.0187465413
0.0256232365
0.0218723119
0.0112446921
0.0015548035
-0.0056344686
-0.0018835440
0.0046805740
0.0062434593
0.0021799576
-0.0046967374
-0.0112608554
-0.0146992030
-0.0171998193
-0.0131363177
-0.0062596227
-0.0056344686
-0.0137614718
-0.0253268225
-0.0284525930
-0.0240765143
-0.0178249734
-0.0165746652
-0.0225136291
-0.0284525930
-0.0312657863
-0.0287651700
-0.0178249734
-0.0062596227
0.0012422265
0.0034302658
0.0031176888
-0.0003206588
-0.0031338522
0.0009296494
0.0062434593
0.0065560363
0.0028051117
-0.0003206588
-0.0053218915
-0.0087602391
-0.0106357013
-0.0184501275
-0.0265771307
-0.0256393996
-0.0165746652
-0.0121985866
-0.0084476620
-0.0040715833
-0.0025086981
-0.0043841604
-0.0103231243
-0.0156369341
-0.0212633209
-0.0281400159
-0.0300154782
-0.0250142455
-0.0162620882
-0.0062596227
0.0040554199
0.0112446921
0.0168710790
0.0153081938
0.0103069609
-0.0025086981
-0.0187627046
-0.0297029011
-0.0322035175
-0.0259519766
-0.0156369341
-0.0059470456
0.0012422265
0.0062434593
0.0087440757
0.0112446921
0.0062434593
-0.0065721997
-0.0137614718
-0.0096979702
-0.0015709670
0.0037428429
0.0081189216
0.0087440757
0.0021799576
-0.0031338522
-0.0062596227
-0.0062596227
-0.0021961210
0.0037428429
0.0037428429
-0.0015709670
-0.0075099309
-0.0137614718
-0.0212633209
-0.0297029011
-0.0356418650
-0.0337664027
-0.0228262061
-0.0103231243
-0.0028212751
0.0043679970
0.0153081938
0.0262483906
0.0303118923
0.0246855053
0.0128075773
-0.0021961210
-0.0146992030
-0.0197004357
-0.0156369341
-0.0106357013
-0.0065721997
-0.0065721997
-0.0128237407
-0.0184501275
-0.0197004357
-0.0150117800
-0.0081350850
-0.0062596227
-0.0100105472
-0.0146992030
-0.0171998193
-0.0125111636
-0.0046967374
0.0009296494
0.0043679970
0.0071811904
0.0090566527
0.0062434593
-0.0034464292
-0.0134488948
-0.0187627046
-0.0212633209
-0.0225136291
-0.0218884750
-0.0193878586
-0.0159495111
-0.0112608554
-0.0037590063
0.0009296494
0.0024925347
0.0062434593
0.0053057281
-0.0000080817
-0.0078225079
-0.0125111636
-0.0106357013
-0.0040715833
0.0028051117
0.0074937675
0.0068686134
0.0009296494
-0.0090728161
-0.0171998193
-0.0181375505
-0.0156369341
-0.0159495111
-0.0181375505
-0.0234513602
-0.0275148618
-0.0240765143
-0.0109482784
0.0024925347
0.0071811904
0.0062434593
0.0009296494
-0.0040715833
-0.0050093145
-0.0031338522
-0.0000080817
0.0031176888
0.0024925347
-0.0025086981
-0.0075099309
-0.0100105472
-0.0118860095
-0.0109482784
-0.0100105472
-0.0093853932
-0.0100105472
-0.0115734325
-0.0065721997
-0.0009458129
0.0009296494
0.0021799576
-0.0012583899
-0.0065721997
-0.0075099309
-0.0059470456
-0.0006332358
0.0018673806
0.0021799576
0.0031176888
0.0043679970
0.0068686134
0.0103069609
0.0090566527
-0.0009458129
-0.0140740489
-0.0247016684
-0.0309532093
-0.0281400159
-0.0184501275
-0.0050093145
0.0021799576
-0.0000080817
-0.0065721997
-0.0131363177
-0.0112608554
-0.0040715833
0.0034302658
0.0090566527
0.0146830397
0.0149956167
0.0093692298
0.0024925347
-0.0056344686
-0.0081350850
-0.0075099309
-0.0062596227
-0.0062596227
-0.0096979702
-0.0134488948
-0.0175123964
-0.0228262061
-0.0272022848
-0.0259519766
-0.0165746652
-0.0071973538
0.0009296494
0.0059308822
0.0031176888
-0.0012583899
-0.0053218915
-0.0062596227
-0.0050093145
-0.0025086981
-0.0025086981
-0.0003206588
0.0037428429
0.0062434593
0.0084314986
0.0124950003
0.0128075773
0.0103069609
0.0056183052
-0.0009458129
-0.0065721997
-0.0078225079
-0.0075099309
-0.0100105472
-0.0146992030
-0.0162620882
-0.0100105472
-0.0046967374
-0.0034464292
-0.0021961210
-0.0000080817
0.0003044953
-0.0009458129
-0.0040715833
-0.0081350850
-0.0112608554
-0.0131363177
-0.0121985866
-0.0087602391
-0.0059470456
-0.0034464292
-0.0025086981
-0.0062596227
-0.0115734325
-0.0146992030
-0.0131363177
-0.0059470456
0.0015548035
0.0081189216
0.0106195380
0.0090566527
0.0059308822
0.0062434593
0.0081189216
0.0037428429
-0.0050093145
-0.0087602391
-0.0075099309
-0.0053218915
-0.0028212751
-0.0031338522
-0.0040715833
-0.0031338522
0.0009296494
0.0053057281
0.0071811904
0.0043679970
-0.0025086981
-0.0109482784
-0.0178249734
-0.0212633209
-0.0212633209
-0.0178249734
-0.0112608554
-0.0021961210
0.0084314986
0.0162459249
0.0178088102
0.0137453085
0.0074937675
-0.0006332358
-0.0087602391
-0.0131363177
-0.0125111636
-0.0084476620
-0.0040715833
-0.0015709670
0.0012422265
0.0024925347
-0.0025086981
-0.0112608554
-0.0231387832
-0.0343915568
-0.0406430976
-0.0397053665
-0.0318909404
-0.0203255898
-0.0125111636
-0.0087602391
-0.0068847768
-0.0059470456
-0.0043841604
-0.0037590063
-0.0015709670
0.0037428429
0.0090566527
0.0099943839
0.0049931511
-0.0015709670
-0.0046967374
-0.0040715833
0.0003044953
0.0065560363
0.0124950003
0.0168710790
0.0193716954
0.0196842725
0.0174962331
0.0149956167
0.0103069609
0.0043679970
-0.0025086981
-0.0087602391
-0.0109482784
-0.0112608554
-0.0115734325
-0.0125111636
-0.0140740489
-0.0115734325
-0.0062596227
-0.0031338522
-0.0025086981
-0.0043841604
-0.0046967374
-0.0068847768
-0.0075099309
-0.0053218915
-0.0006332358
0.0040554199
0.0074937675
0.0090566527
0.0084314986
0.0037428429
-0.0012583899
-0.0046967374
-0.0050093145
-0.0037590063
-0.0012583899
-0.0006332358
-0.0018835440
-0.0018835440
-0.0000080817
0.0009296494
0.0009296494
0.0015548035
0.0040554199
0.0059308822
0.0037428429
-0.0009458129
-0.0034464292
-0.0025086981
-0.0021961210
-0.0037590063
-0.0071973538
-0.0109482784
-0.0090728161
-0.0009458129
0.0112446921
0.0187465413
0.0165585020
0.0062434593
-0.0062596227
-0.0165746652
-0.0212633209
-0.0206381668
-0.0146992030
-0.0050093145
-0.0000080817
-0.0025086981
-0.0093853932
-0.0137614718
-0.0134488948
-0.0087602391
-0.0056344686
-0.0034464292
-0.0012583899
0.0006170724
0.0024925347
0.0031176888
-0.0025086981
-0.0096979702
-0.0181375505
-0.0225136291
-0.0215758980
-0.0162620882
-0.0081350850
0.0009296494
0.0043679970
0.0034302658
0.0009296494
0.0006170724
-0.0000080817
-0.0000080817
0.0012422265
0.0056183052
0.0084314986
0.0056183052
0.0012422265
-0.0012583899
-0.0018835440
-0.0034464292
-0.0059470456
-0.0078225079
-0.0056344686
-0.0000080817
0.0034302658
0.0018673806
-0.0009458129
-0.0075099309
-0.0156369341
-0.0206381668
-0.0187627046
-0.0087602391
0.0028051117
0.0131201544
0.0184339643
0.0196842725
0.0159333479
0.0115572691
0.0090566527
0.0053057281
0.0040554199
0.0046805740
0.0049931511
0.0018673806
-0.0031338522
-0.0075099309
-0.0115734325
-0.0134488948
-0.0115734325
-0.0081350850
-0.0043841604
0.0012422265
0.0059308822
0.0062434593
0.0015548035
-0.0046967374
-0.0106357013
-0.0109482784
-0.0093853932
-0.0065721997
-0.0031338522
-0.0003206588
-0.0006332358
-0.0028212751
-0.0040715833
-0.0034464292
-0.0009458129
0.0018673806
0.0043679970
0.0065560363
0.0065560363
0.0049931511
0.0031176888
-0.0000080817
-0.0003206588
0.0009296494
0.0012422265
0.0018673806
0.0024925347
0.0024925347
0.0006170724
-0.0065721997
-0.0146992030
-0.0209507439
-0.0212633209
-0.0181375505
-0.0125111636
-0.0081350850
-0.0046967374
-0.0025086981
-0.0025086981
-0.0021961210
0.0015548035
0.0049931511
0.0059308822
0.0015548035
-0.0025086981
-0.0084476620
-0.0106357013
-0.0100105472
-0.0093853932
-0.0100105472
-0.0131363177
-0.0143866259
-0.0153243570
-0.0137614718
-0.0071973538
0.0018673806
0.0140578856
0.0215597348
0.0199968495
0.0106195380
0.0003044953
-0.0053218915
-0.0075099309
-0.0087602391
-0.0084476620
-0.0043841604
0.0015548035
0.0049931511
0.0071811904
0.0071811904
0.0043679970
0.0024925347
0.0031176888
0.0034302658
0.0009296494
-0.0012583899
-0.0043841604
-0.0071973538
-0.0109482784
-0.0140740489
-0.0165746652
-0.0171998193
-0.0165746652
-0.0146992030
-0.0100105472
-0.0040715833
0.0012422265
0.0043679970
0.0071811904
0.0084314986
0.0093692298
0.0124950003
0.0149956167
0.0171836561
0.0196842725
0.0196842725
0.0171836561
0.0124950003
0.0053057281
0.0018673806
0.0018673806
0.0015548035
0.0012422265
-0.0006332358
-0.0046967374
-0.0075099309
-0.0131363177
-0.0197004357
-0.0256393996
-0.0300154782
-0.0365795961
-0.0447065992
-0.0497078318
-0.0497078318
-0.0447065992
-0.0359544420
-0.0212633209
-0.0034464292
0.0131201544
0.0268735447
0.0375011645
0.0425023974
0.0403143580
0.0353131252
0.0284364300
0.0209345807
0.0143704626
0.0103069609
0.0068686134
0.0024925347
-0.0050093145
-0.0146992030
-0.0206381668
-0.0215758980
-0.0197004357
-0.0175123964
-0.0175123964
-0.0165746652
-0.0134488948
-0.0100105472
-0.0081350850
-0.0053218915
-0.0009458129
0.0062434593
0.0103069609
0.0115572691
0.0093692298
0.0093692298
0.0124950003
0.0143704626
0.0140578856
0.0106195380
0.0065560363
0.0012422265
0.0003044953
-0.0000080817
0.0028051117
0.0056183052
0.0109321150
0.0124950003
0.0115572691
0.0062434593
-0.0015709670
-0.0096979702
-0.0175123964
-0.0225136291
-0.0237639373
-0.0197004357
-0.0125111636
-0.0059470456
-0.0025086981
-0.0028212751
-0.0090728161
-0.0162620882
-0.0187627046
-0.0159495111
-0.0106357013
-0.0046967374
-0.0015709670
0.0003044953
0.0018673806
0.0012422265
0.0012422265
0.0012422265
0.0037428429
0.0037428429
0.0012422265
-0.0037590063
-0.0075099309
-0.0075099309
-0.0059470456
-0.0059470456
-0.0068847768
-0.0040715833
0.0003044953
0.0040554199
0.0059308822
0.0071811904
0.0068686134
0.0062434593
0.0065560363
0.0074937675
0.0068686134
0.0028051117
-0.0015709670
-0.0053218915
-0.0062596227
-0.0078225079
-0.0093853932
-0.0093853932
-0.0087602391
-0.0075099309
-0.0059470456
-0.0040715833
-0.0034464292
-0.0037590063
-0.0050093145
-0.0037590063
-0.0021961210
-0.0031338522
-0.0050093145
-0.0046967374
-0.0015709670
0.0015548035
0.0028051117
0.0018673806
0.0006170724
0.0015548035
0.0046805740
0.0103069609
0.0153081938
0.0171836561
0.0178088102
0.0174962331
0.0140578856
0.0078063445
0.0006170724
-0.0040715833
-0.0075099309
-0.0093853932
-0.0128237407
-0.0137614718
-0.0131363177
-0.0100105472
-0.0059470456
-0.0031338522
-0.0031338522
-0.0056344686
-0.0071973538
-0.0040715833
-0.0003206588
0.0024925347
0.0024925347
0.0018673806
-0.0003206588
-0.0034464292
-0.0056344686
-0.0078225079
-0.0103231243
-0.0096979702
-0.0040715833
0.0037428429
0.0103069609
0.0134327314
0.0115572691
0.0062434593
-0.0000080817
-0.0059470456
-0.0121985866
-0.0175123964
-0.0193878586
-0.0168872423
-0.0115734325
-0.0046967374
0.0012422265
0.0068686134
0.0115572691
0.0143704626
0.0156207708
0.0159333479
0.0134327314
0.0087440757
0.0024925347
-0.0025086981
-0.0043841604
-0.0053218915
-0.0040715833
-0.0028212751
-0.0025086981
-0.0006332358
-0.0000080817
-0.0012583899
-0.0034464292
-0.0025086981
-0.0025086981
-0.0034464292
-0.0040715833
-0.0053218915
-0.0062596227
-0.0056344686
-0.0025086981
0.0024925347
0.0084314986
0.0115572691
0.0121824232
0.0103069609
0.0062434593
0.0012422265
-0.0028212751
-0.0046967374
-0.0071973538
-0.0103231243
-0.0140740489
-0.0156369341
-0.0153243570
-0.0140740489
-0.0115734325
-0.0075099309
-0.0031338522
0.0040554199
0.0124950003
0.0209345807
0.0278112759
0.0309370464
0.0309370464
0.0303118923
0.0274986988
0.0228100430
0.0162459249
0.0087440757
-0.0031338522
-0.0156369341
-0.0240765143
-0.0268897077
-0.0259519766
-0.0212633209
-0.0150117800
-0.0106357013
-0.0096979702
-0.0112608554
-0.0118860095
-0.0109482784
-0.0065721997
-0.0003206588
0.0043679970
0.0074937675
0.0059308822
0.0028051117
-0.0012583899
-0.0040715833
-0.0062596227
-0.0046967374
-0.0040715833
-0.0015709670
0.0034302658
0.0053057281
0.0015548035
-0.0040715833
-0.0090728161
-0.0090728161
-0.0043841604
0.0018673806
0.0065560363
0.0087440757
0.0099943839
0.0099943839
0.0081189216
0.0031176888
-0.0025086981
-0.0068847768
-0.0087602391
-0.0096979702
-0.0087602391
-0.0050093145
0.0003044953
0.0062434593
0.0103069609
0.0118698462
0.0118698462
0.0106195380
0.0090566527
0.0081189216
0.0062434593
0.0031176888
0.0003044953
-0.0015709670
-0.0031338522
-0.0050093145
-0.0071973538
-0.0062596227
-0.0015709670
0.0053057281
0.0109321150
0.0146830397
0.0153081938
0.0128075773
0.0109321150
0.0087440757
0.0053057281
0.0012422265
-0.0009458129
-0.0003206588
0.0009296494
0.0024925347
0.0018673806
0.0009296494
-0.0000080817
-0.0012583899
-0.0025086981
-0.0043841604
-0.0050093145
-0.0065721997
-0.0053218915
-0.0031338522
-0.0025086981
-0.0015709670
-0.0028212751
-0.0050093145
-0.0075099309
-0.0106357013
-0.0125111636
-0.0143866259
-0.0150117800
-0.0140740489
-0.0121985866
-0.0096979702
-0.0068847768
-0.0021961210
0.0034302658
0.0087440757
0.0118698462
0.0124950003
0.0099943839
0.0040554199
-0.0046967374
-0.0109482784
-0.0159495111
-0.0187627046
-0.0175123964
-0.0125111636
-0.0078225079
-0.0050093145
-0.0031338522
0.0003044953
0.0049931511
0.0084314986
0.0099943839
0.0118698462
0.0128075773
0.0115572691
0.0096818068
0.0096818068
0.0103069609
0.0124950003
0.0159333479
0.0193716954
0.0212471577
0.0203094266
0.0137453085
0.0037428429
-0.0081350850
-0.0168872423
-0.0209507439
-0.0193878586
-0.0146992030
-0.0087602391
-0.0040715833
-0.0021961210
-0.0009458129
-0.0003206588
-0.0015709670
-0.0025086981
-0.0046967374
-0.0053218915
-0.0059470456
-0.0046967374
-0.0034464292
0.0003044953
0.0040554199
0.0056183052
0.0037428429
0.0009296494
-0.0056344686
-0.0115734325
-0.0140740489
-0.0137614718
-0.0106357013
-0.0062596227
-0.0025086981
-0.0006332358
-0.0009458129
-0.0028212751
-0.0034464292
-0.0015709670
0.0009296494
0.0024925347
0.0024925347
0.0034302658
0.0037428429
0.0043679970
0.0062434593
0.0084314986
0.0090566527
0.0084314986
0.0056183052
-0.0000080817
-0.0059470456
-0.0096979702
-0.0112608554
-0.0096979702
-0.0059470456
-0.0012583899
0.0040554199
0.0071811904
0.0071811904
0.0049931511
0.0024925347
-0.0012583899
-0.0028212751
-0.0050093145
-0.0053218915
-0.0028212751
0.0015548035
0.0074937675
0.0115572691
0.0118698462
0.0074937675
0.0018673806
-0.0046967374
-0.0103231243
-0.0121985866
-0.0106357013
-0.0062596227
-0.0025086981
-0.0000080817
-0.0000080817
0.0003044953
0.0021799576
0.0056183052
0.0096818068
0.0137453085
0.0153081938
0.0149956167
0.0112446921
0.0062434593
0.0015548035
-0.0012583899
-0.0025086981
-0.0025086981
-0.0037590063
-0.0040715833
-0.0059470456
-0.0087602391
-0.0109482784
-0.0115734325
-0.0075099309
-0.0040715833
-0.0018835440
0.0009296494
0.0015548035
0.0009296494
-0.0006332358
-0.0015709670
-0.0028212751
-0.0037590063
-0.0062596227
-0.0087602391
-0.0106357013
-0.0121985866
-0.0125111636
-0.0121985866
-0.0118860095
-0.0115734325
-0.0112608554
-0.0090728161
-0.0053218915
-0.0015709670
0.0012422265
0.0049931511
0.0074937675
0.0099943839
0.0087440757
0.0043679970
0.0015548035
0.0006170724
-0.0006332358
-0.0021961210
-0.0046967374
-0.0081350850
-0.0100105472
-0.0106357013
-0.0100105472
-0.0075099309
-0.0050093145
-0.0025086981
0.0015548035
0.0034302658
0.0034302658
0.0012422265
-0.0015709670
-0.0043841604
-0.0071973538
-0.0087602391
-0.0084476620
-0.0053218915
-0.0009458129
0.0028051117
0.0040554199
0.0043679970
0.0065560363
0.0099943839
0.0128075773
0.0143704626
0.0134327314
0.0099943839
0.0062434593
0.0040554199
0.0024925347
0.0043679970
0.0093692298
0.0143704626
0.0171836561
0.0156207708
0.0118698462
0.0074937675
0.0034302658
0.0009296494
0.0003044953
0.0009296494
0.0015548035
0.0012422265
0.0003044953
-0.0012583899
-0.0012583899
-0.0000080817
0.0024925347
0.0034302658
0.0024925347
0.0009296494
-0.0000080817
-0.0003206588
0.0028051117
0.0074937675
0.0131201544
0.0174962331
0.0184339643
0.0159333479
0.0103069609
0.0053057281
0.0028051117
0.0034302658
0.0059308822
0.0074937675
0.0093692298
0.0099943839
0.0090566527
0.0074937675
0.0062434593
0.0059308822
0.0053057281
0.0049931511
0.0018673806
-0.0031338522
-0.0075099309
-0.0084476620
-0.0062596227
-0.0021961210
0.0012422265
0.0037428429
0.0056183052
0.0062434593
0.0043679970
0.0003044953
-0.0059470456
-0.0115734325
-0.0137614718
-0.0131363177
-0.0096979702
-0.0062596227
-0.0034464292
-0.0009458129
-0.0003206588
-0.0006332358
-0.0003206588
0.0003044953
0.0009296494
0.0024925347
0.0046805740
0.0049931511
0.0062434593
0.0059308822
0.0049931511
0.0031176888
0.0003044953
-0.0000080817
0.0003044953
0.0012422265
0.0018673806
0.0021799576
0.0021799576
0.0009296494
0.0012422265
0.0015548035
0.0037428429
0.0049931511
0.0046805740
0.0015548035
-0.0031338522
-0.0081350850
-0.0103231243
-0.0103231243
-0.0087602391
-0.0046967374
0.0003044953
0.0034302658
0.0040554199
0.0018673806
-0.0009458129
-0.0021961210
-0.0025086981
-0.0021961210
-0.0003206588
0.0003044953
-0.0006332358
-0.0028212751
-0.0050093145
-0.0065721997
-0.0096979702
-0.0121985866
-0.0134488948
-0.0137614718
-0.0131363177
-0.0112608554
-0.0084476620
-0.0040715833
-0.0000080817
0.0034302658
0.0028051117
0.0003044953
-0.0028212751
-0.0059470456
-0.0062596227
-0.0037590063
-0.0012583899
0.0012422265
0.0049931511
0.0065560363
0.0074937675
0.0068686134
0.0065560363
0.0062434593
0.0059308822
0.0059308822
0.0053057281
0.0046805740
0.0043679970
0.0059308822
0.0074937675
0.0099943839
0.0103069609
0.0103069609
0.0096818068
0.0068686134
0.0021799576
-0.0021961210
-0.0056344686
-0.0075099309
-0.0068847768
-0.0040715833
-0.0009458129
0.0037428429
0.0074937675
0.0099943839
0.0087440757
0.0053057281
0.0006170724
-0.0034464292
-0.0046967374
-0.0040715833
-0.0009458129
0.0021799576
0.0040554199
0.0053057281
0.0062434593
0.0074937675
0.0103069609
0.0124950003
0.0137453085
0.0112446921
0.0062434593
0.0009296494
-0.0028212751
-0.0046967374
-0.0046967374
-0.0037590063
-0.0025086981
-0.0015709670
0.0003044953
0.0009296494
0.0012422265
0.0012422265
0.0009296494
0.0009296494
-0.0003206588
-0.0012583899
-0.0021961210
-0.0025086981
-0.0031338522
-0.0031338522
-0.0025086981
-0.0018835440
-0.0021961210
-0.0025086981
-0.0028212751
-0.0025086981
-0.0046967374
-0.0059470456
-0.0071973538
-0.0071973538
-0.0062596227
-0.0046967374
-0.0012583899
0.0021799576
0.0049931511
0.0056183052
0.0053057281
0.0040554199
0.0028051117
0.0024925347
0.0018673806
0.0009296494
-0.0012583899
-0.0031338522
-0.0040715833
-0.0040715833
-0.0040715833
-0.0031338522
-0.0015709670
-0.0012583899
-0.0012583899
-0.0018835440
-0.0021961210
-0.0021961210
-0.0015709670
-0.0012583899
-0.0015709670
-0.0015709670
-0.0009458129
0.0003044953
0.0006170724
0.0009296494
0.0028051117
0.0040554199
0.0040554199
0.0028051117
0.0012422265
0.0012422265
0.0024925347
0.0109321150
0.0309370464
0.0509419780
0.0637576374
0.0625073291
0.0462533221
0.0184339643
-0.0156369341
-0.0443940221
-0.0622109134
-0.0684624542
-0.0647115298
-0.0553342186
-0.0425185599
-0.0309532093
-0.0215758980
-0.0053218915
0.0299993152
0.0712594868
0.1043926556
0.1168957383
0.1003291537
0.0578186733
0.0043679970
-0.0450191762
-0.0800278046
-0.0978446956
-0.1009704659
-0.0903428467
-0.0722133787
-0.0534587563
-0.0353292879
-0.0159495111
0.0043679970
0.0221848889
0.0350005481
0.0440652827
0.0525048633
0.0559432109
0.0481287845
0.0350005481
0.0218723119
0.0118698462
0.0040554199
0.0009296494
0.0031176888
0.0074937675
0.0112446921
0.0124950003
0.0081189216
0.0034302658
-0.0012583899
-0.0037590063
-0.0015709670
0.0015548035
0.0024925347
0.0034302658
0.0034302658
0.0059308822
0.0093692298
0.0140578856
0.0162459249
0.0174962331
0.0168710790
0.0128075773
0.0078063445
0.0024925347
-0.0009458129
-0.0025086981
-0.0025086981
-0.0018835440
-0.0028212751
-0.0053218915
-0.0090728161
-0.0140740489
-0.0156369341
-0.0153243570
-0.0146992030
-0.0146992030
-0.0137614718
-0.0131363177
-0.0109482784
-0.0078225079
-0.0034464292
-0.0000080817
0.0034302658
0.0043679970
0.0046805740
0.0034302658
0.0018673806
0.0012422265
0.0015548035
0.0024925347
0.0018673806
0.0012422265
0.0009296494
0.0006170724
0.0003044953
0.0009296494
0.0024925347
0.0034302658
0.0037428429
0.0053057281
0.0074937675
0.0103069609
0.0115572691
0.0128075773
0.0134327314
0.0137453085
0.0134327314
0.0134327314
0.0137453085
0.0165585020
0.0206220036
0.0237477742
0.0237477742
0.0218723119
0.0193716954
0.0165585020
0.0128075773
0.0093692298
0.0049931511
0.0012422265
0.0003044953
-0.0000080817
0.0009296494
0.0003044953
-0.0031338522
-0.0065721997
-0.0100105472
-0.0125111636
-0.0159495111
-0.0187627046
-0.0215758980
-0.0253268225
-0.0259519766
-0.0259519766
-0.0231387832
-0.0200130127
-0.0150117800
-0.0090728161
-0.0043841604
-0.0003206588
0.0009296494
0.0021799576
0.0040554199
0.0049931511
0.0040554199
0.0018673806
0.0006170724
0.0009296494
0.0009296494
0.0034302658
0.0037428429
0.0034302658
0.0003044953
-0.0015709670
-0.0040715833
-0.0046967374
-0.0059470456
-0.0059470456
-0.0059470456
-0.0043841604
-0.0037590063
-0.0040715833
-0.0046967374
-0.0059470456
-0.0062596227
-0.0050093145
-0.0028212751
-0.0000080817
0.0018673806
0.0028051117
0.0034302658
0.0021799576
0.0009296494
-0.0000080817
0.0003044953
0.0024925347
0.0034302658
0.0043679970
0.0024925347
0.0003044953
-0.0021961210
-0.0043841604
-0.0043841604
-0.0031338522
-0.0015709670
-0.0012583899
-0.0012583899
-0.0012583899
-0.0012583899
-0.0028212751
-0.0040715833
-0.0046967374
-0.0056344686
-0.0050093145
-0.0053218915
-0.0056344686
-0.0050093145
-0.0040715833
-0.0015709670
0.0012422265
0.0040554199
0.0046805740
0.0053057281
0.0065560363
0.0074937675
0.0090566527
0.0099943839
0.0121824232
0.0137453085
0.0162459249
0.0159333479
0.0137453085
0.0099943839
0.0043679970
-0.0006332358
-0.0056344686
-0.0090728161
-0.0106357013
-0.0090728161
-0.0046967374
-0.0009458129
-0.0018835440
-0.0090728161
-0.0171998193
-0.0225136291
-0.0234513602
-0.0212633209
-0.0187627046
-0.0159495111
-0.0140740489
-0.0118860095
-0.0112608554
-0.0134488948
-0.0187627046
-0.0218884750
-0.0212633209
-0.0175123964
-0.0128237407
-0.0093853932
-0.0084476620
-0.0084476620
-0.0087602391
-0.0109482784
-0.0115734325
-0.0075099309
0.0018673806
0.0124950003
0.0193716954
0.0215597348
0.0196842725
0.0140578856
0.0074937675
-0.0000080817
-0.0025086981
0.0006170724
0.0109321150
0.0237477742
0.0353131252
0.0425023974
0.0434401286
0.0393766269
0.0321873546
0.0228100430
0.0140578856
0.0068686134
0.0024925347
0.0003044953
-0.0003206588
-0.0006332358
-0.0006332358
-0.0012583899
-0.0031338522
-0.0034464292
-0.0031338522
-0.0009458129
0.0006170724
-0.0003206588
-0.0040715833
-0.0075099309
-0.0100105472
-0.0100105472
-0.0078225079
-0.0062596227
-0.0062596227
-0.0059470456
-0.0056344686
-0.0037590063
-0.0018835440
-0.0006332358
0.0003044953
0.0009296494
0.0012422265
0.0024925347
0.0034302658
0.0049931511
0.0065560363
0.0087440757
0.0112446921
0.0131201544
0.0140578856
0.0115572691
0.0068686134
0.0003044953
-0.0046967374
-0.0065721997
-0.0065721997
-0.0043841604
-0.0015709670
0.0021799576
0.0024925347
0.0018673806
-0.0000080817
-0.0021961210
-0.0034464292
-0.0046967374
-0.0034464292
-0.0018835440
-0.0000080817
0.0018673806
0.0021799576
0.0024925347
0.0015548035
-0.0006332358
-0.0012583899
-0.0015709670
-0.0018835440
-0.0034464292
-0.0062596227
-0.0075099309
-0.0065721997
-0.0015709670
0.0040554199
0.0078063445
0.0087440757
0.0065560363
0.0021799576
-0.0034464292
-0.0090728161
-0.0112608554
-0.0118860095
-0.0096979702
-0.0084476620
-0.0087602391
-0.0087602391
-0.0084476620
-0.0056344686
-0.0006332358
0.0037428429
0.0074937675
0.0093692298
0.0081189216
0.0043679970
0.0012422265
-0.0009458129
-0.0000080817
0.0028051117
0.0071811904
0.0115572691
0.0118698462
0.0087440757
0.0034302658
-0.0015709670
-0.0056344686
-0.0065721997
-0.0056344686
-0.0037590063
-0.0028212751
-0.0031338522
-0.0021961210
-0.0018835440
-0.0021961210
-0.0021961210
-0.0021961210
-0.0021961210
-0.0031338522
-0.0025086981
-0.0025086981
-0.0012583899
-0.0006332358
0.0018673806
0.0046805740
0.0065560363
0.0081189216
0.0084314986
0.0068686134
0.0040554199
0.0015548035
0.0009296494
0.0009296494
0.0006170724
0.0003044953
-0.0003206588
-0.0006332358
-0.0006332358
-0.0003206588
-0.0009458129
-0.0012583899
-0.0015709670
-0.0012583899
-0.0021961210
-0.0025086981
-0.0021961210
-0.0018835440
-0.0012583899
-0.0003206588
0.0009296494
0.0009296494
0.0009296494
0.0006170724
-0.0015709670
-0.0037590063
-0.0062596227
-0.0078225079
-0.0068847768
-0.0062596227
-0.0046967374
-0.0021961210
0.0006170724
0.0024925347
0.0028051117
0.0018673806
-0.0006332358
-0.0037590063
-0.0065721997
-0.0071973538
-0.0065721997
-0.0046967374
-0.0009458129
0.0031176888
0.0074937675
0.0112446921
0.0134327314
0.0128075773
0.0115572691
0.0099943839
0.0074937675
0.0053057281
0.0034302658
0.0018673806
-0.0000080817
-0.0025086981
-0.0056344686
-0.0081350850
-0.0090728161
-0.0087602391
-0.0065721997
-0.0053218915
-0.0037590063
-0.0028212751
-0.0025086981
-0.0015709670
-0.0025086981
-0.0025086981
-0.0034464292
-0.0034464292
-0.0034464292
-0.0012583899
0.0015548035
0.0018673806
0.0021799576
0.0021799576
0.0015548035
0.0018673806
0.0028051117
0.0028051117
0.0024925347
0.0018673806
0.0003044953
0.0009296494
0.0028051117
0.0062434593
0.0084314986
0.0096818068
0.0093692298
0.0065560363
0.0028051117
-0.0021961210
-0.0062596227
-0.0096979702
-0.0125111636
-0.0121985866
-0.0100105472
-0.0056344686
-0.0000080817
0.0056183052
0.0096818068
0.0099943839
0.0081189216
0.0062434593
0.0046805740
0.0040554199
0.0024925347
0.0018673806
0.0009296494
0.0009296494
-0.0000080817
-0.0015709670
-0.0037590063
-0.0046967374
-0.0046967374
-0.0025086981
-0.0015709670
-0.0015709670
-0.0012583899
0.0003044953
0.0034302658
0.0059308822
0.0065560363
0.0068686134
0.0059308822
0.0040554199
0.0034302658
0.0037428429
0.0062434593
0.0065560363
0.0062434593
0.0056183052
0.0037428429
0.0018673806
-0.0000080817
-0.0000080817
-0.0009458129
-0.0006332358
-0.0003206588
0.0003044953
0.0003044953
-0.0009458129
-0.0031338522
-0.0031338522
-0.0018835440
0.0015548035
0.0049931511
0.0068686134
0.0062434593
0.0040554199
0.0003044953
-0.0037590063
-0.0062596227
-0.0065721997
-0.0050093145
-0.0031338522
-0.0006332358
0.0009296494
0.0034302658
0.0037428429
0.0040554199
0.0040554199
0.0028051117
0.0015548035
0.0003044953
-0.0015709670
-0.0012583899
-0.0018835440
-0.0021961210
-0.0034464292
-0.0040715833
-0.0043841604
-0.0037590063
-0.0015709670
0.0003044953
0.0037428429
0.0065560363
0.0090566527
0.0103069609
0.0093692298
0.0087440757
0.0065560363
0.0043679970
0.0012422265
-0.0006332358
-0.0012583899
-0.0015709670
-0.0006332358
0.0015548035
0.0024925347
0.0028051117
0.0021799576
0.0003044953
-0.0012583899
-0.0000080817
0.0012422265
0.0034302658
0.0037428429
0.0021799576
-0.0006332358
-0.0034464292
-0.0056344686
-0.0046967374
-0.0034464292
0.0009296494
0.0062434593
0.0109321150
0.0128075773
0.0124950003
0.0099943839
0.0049931511
0.0024925347
-0.0006332358
-0.0021961210
-0.0025086981
-0.0034464292
-0.0031338522
-0.0012583899
0.0009296494
0.0028051117
0.0037428429
0.0059308822
0.0062434593
0.0049931511
0.0021799576
-0.0003206588
-0.0012583899
-0.0003206588
0.0018673806
0.0031176888
0.0037428429
0.0034302658
0.0024925347
0.0024925347
0.0031176888
0.0040554199
0.0053057281
0.0062434593
0.0053057281
0.0046805740
0.0031176888
0.0003044953
-0.0025086981
-0.0043841604
-0.0053218915
-0.0050093145
-0.0053218915
-0.0050093145
-0.0062596227
-0.0078225079
-0.0096979702
-0.0106357013
-0.0096979702
-0.0056344686
-0.0006332358
0.0049931511
0.0078063445
0.0084314986
0.0090566527
0.0084314986
0.0071811904
0.0062434593
0.0053057281
0.0028051117
-0.0000080817
-0.0031338522
-0.0056344686
-0.0059470456
-0.0037590063
-0.0012583899
0.0015548035
0.0037428429
0.0043679970
0.0024925347
-0.0003206588
-0.0025086981
-0.0037590063
-0.0043841604
-0.0034464292
-0.0031338522
-0.0031338522
-0.0037590063
-0.0034464292
-0.0025086981
-0.0009458129
0.0003044953
0.0012422265
0.0015548035
0.0024925347
0.0034302658
0.0046805740
0.0074937675
0.0084314986
0.0093692298
0.0084314986
0.0053057281
0.0024925347
-0.0000080817
-0.0018835440
-0.0018835440
-0.0009458129
0.0003044953
0.0015548035
0.0021799576
0.0012422265
0.0003044953
-0.0012583899
-0.0021961210
-0.0031338522
-0.0037590063
-0.0034464292
-0.0043841604
-0.0046967374
-0.0040715833
-0.0043841604
-0.0034464292
-0.0021961210
-0.0012583899
0.0006170724
0.0024925347
0.0049931511
0.0062434593
0.0065560363
0.0071811904
0.0081189216
0.0087440757
0.0087440757
0.0068686134
0.0040554199
0.0006170724
-0.0015709670
-0.0037590063
-0.0062596227
-0.0075099309
-0.0084476620
-0.0081350850
-0.0059470456
-0.0031338522
-0.0000080817
0.0028051117
0.0062434593
0.0078063445
0.0078063445
0.0065560363
0.0037428429
-0.0000080817
-0.0031338522
-0.0040715833
-0.0037590063
-0.0025086981
-0.0003206588
0.0021799576
0.0046805740
0.0068686134
0.0062434593
0.0053057281
0.0024925347
0.0003044953
-0.0003206588
-0.0009458129
-0.0009458129
-0.0009458129
-0.0015709670
-0.0028212751
-0.0037590063
-0.0028212751
-0.0012583899
-0.0003206588
0.0012422265
0.0012422265
0.0009296494
-0.0000080817
-0.0015709670
-0.0037590063
-0.0046967374
-0.0043841604
-0.0006332358
0.0028051117
0.0062434593
0.0074937675
0.0081189216
0.0071811904
0.0053057281
0.0024925347
0.0003044953
-0.0009458129
-0.0009458129
-0.0000080817
0.0024925347
0.0043679970
0.0046805740
0.0034302658
0.0009296494
-0.0028212751
-0.0065721997
-0.0090728161
-0.0087602391
-0.0056344686
-0.0012583899
0.0034302658
0.0056183052
0.0046805740
0.0034302658
-0.0003206588
-0.0034464292
-0.0059470456
-0.0071973538
-0.0062596227
-0.0056344686
-0.0034464292
-0.0012583899
0.0009296494
0.0015548035
0.0018673806
-0.0003206588
-0.0012583899
-0.0025086981
-0.0025086981
-0.0021961210
-0.0031338522
-0.0040715833
-0.0059470456
-0.0087602391
-0.0087602391
-0.0071973538
-0.0031338522
0.0015548035
0.0062434593
0.0096818068
0.0109321150
0.0090566527
0.0081189216
0.0081189216
0.0081189216
0.0084314986
0.0074937675
0.0062434593
0.0043679970
0.0018673806
0.0003044953
0.0003044953
0.0015548035
0.0040554199
0.0062434593
0.0084314986
0.0090566527
0.0081189216
0.0049931511
0.0012422265
-0.0025086981
-0.0050093145
-0.0053218915
-0.0059470456
-0.0065721997
-0.0071973538
-0.0065721997
-0.0050093145
-0.0037590063
-0.0006332358
0.0018673806
0.0053057281
0.0071811904
0.0081189216
0.0084314986
0.0065560363
0.0043679970
0.0012422265
-0.0018835440
-0.0034464292
-0.0053218915
-0.0046967374
-0.0031338522
-0.0009458129
0.0012422265
0.0021799576
0.0018673806
-0.0000080817
-0.0025086981
-0.0043841604
-0.0059470456
-0.0065721997
-0.0059470456
-0.0046967374
-0.0040715833
-0.0031338522
-0.0028212751
-0.0018835440
-0.0015709670
-0.0009458129
-0.0006332358
-0.0000080817
-0.0003206588
0.0018673806
0.0056183052
0.0099943839
0.0128075773
0.0112446921
0.0081189216
0.0040554199
0.0003044953
-0.0025086981
-0.0037590063
-0.0046967374
-0.0046967374
-0.0053218915
-0.0068847768
-0.0059470456
-0.0040715833
-0.0009458129
0.0012422265
0.0028051117
0.0028051117
0.0034302658
0.0049931511
0.0059308822
0.0074937675
0.0078063445
0.0059308822
0.0028051117
0.0012422265
0.0009296494
0.0021799576
0.0031176888
0.0024925347
0.0009296494
-0.0015709670
-0.0028212751
-0.0021961210
0.0009296494
0.0062434593
0.0096818068
0.0109321150
0.0087440757
0.0062434593
0.0034302658
0.0012422265
0.0015548035
0.0034302658
0.0040554199
0.0034302658
0.0003044953
-0.0025086981
-0.0043841604
-0.0046967374
-0.0037590063
-0.0015709670
-0.0003206588
0.0012422265
0.0021799576
0.0040554199
0.0046805740
0.0046805740
0.0043679970
0.0037428429
0.0034302658
0.0018673806
0.0003044953
-0.0015709670
-0.0040715833
-0.0059470456
-0.0062596227
-0.0065721997
-0.0068847768
-0.0065721997
-0.0065721997
-0.0059470456
-0.0056344686
-0.0046967374
-0.0034464292
-0.0009458129
0.0024925347
0.0043679970
0.0062434593
0.0065560363
0.0053057281
0.0028051117
0.0012422265
-0.0009458129
-0.0021961210
-0.0037590063
-0.0034464292
-0.0025086981
-0.0000080817
0.0012422265
0.0009296494
-0.0006332358
-0.0025086981
-0.0025086981
-0.0012583899
0.0015548035
0.0040554199
0.0062434593
0.0068686134
0.0068686134
0.0071811904
0.0074937675
0.0062434593
0.0059308822
0.0031176888
-0.0000080817
-0.0015709670
-0.0015709670
-0.0015709670
-0.0012583899
-0.0009458129
-0.0015709670
-0.0015709670
-0.0021961210
-0.0025086981
-0.0021961210
0.0012422265
0.0049931511
0.0084314986
0.0112446921
0.0121824232
0.0115572691
0.0103069609
0.0068686134
0.0028051117
-0.0025086981
-0.0065721997
-0.0084476620
-0.0081350850
-0.0068847768
-0.0068847768
-0.0071973538
-0.0087602391
-0.0103231243
-0.0115734325
-0.0131363177
-0.0128237407
-0.0125111636
-0.0100105472
-0.0062596227
-0.0028212751
0.0009296494
0.0028051117
0.0031176888
0.0028051117
0.0021799576
0.0015548035
0.0028051117
0.0043679970
0.0071811904
0.0081189216
0.0078063445
0.0062434593
0.0043679970
0.0037428429
0.0040554199
0.0059308822
0.0084314986
0.0093692298
0.0093692298
0.0084314986
0.0071811904
0.0062434593
0.0059308822
0.0043679970
0.0012422265
-0.0015709670
-0.0046967374
-0.0065721997
-0.0071973538
-0.0056344686
-0.0034464292
-0.0006332358
0.0012422265
0.0018673806
0.0031176888
0.0028051117
0.0024925347
0.0018673806
0.0024925347
0.0024925347
0.0028051117
0.0040554199
0.0028051117
0.0015548035
-0.0015709670
-0.0040715833
-0.0065721997
-0.0062596227
-0.0040715833
-0.0028212751
-0.0015709670
-0.0009458129
-0.0012583899
-0.0006332358
0.0003044953
0.0024925347
0.0046805740
0.0065560363
0.0049931511
0.0012422265
-0.0034464292
-0.0065721997
-0.0075099309
-0.0050093145
0.0003044953
0.0040554199
0.0059308822
0.0062434593
0.0068686134
0.0081189216
0.0084314986
0.0065560363
0.0049931511
0.0028051117
0.0012422265
-0.0012583899
-0.0015709670
-0.0009458129
-0.0000080817
-0.0006332358
-0.0012583899
0.0003044953
0.0034302658
0.0065560363
0.0049931511
0.0024925347
-0.0009458129
-0.0028212751
-0.0025086981
-0.0012583899
0.0009296494
0.0012422265
-0.0006332358
-0.0021961210
-0.0034464292
-0.0046967374
-0.0071973538
-0.0106357013
-0.0137614718
-0.0156369341
-0.0140740489
-0.0087602391
-0.0028212751
0.0053057281
0.0093692298
0.0096818068
0.0096818068
0.0087440757
0.0084314986
0.0053057281
-0.0006332358
-0.0059470456
-0.0081350850
-0.0050093145
-0.0000080817
0.0074937675
0.0124950003
0.0124950003
0.0071811904
0.0021799576
-0.0006332358
-0.0021961210
-0.0031338522
-0.0043841604
-0.0034464292
-0.0025086981
-0.0006332358
0.0006170724
0.0015548035
0.0015548035
0.0006170724
-0.0000080817
0.0003044953
0.0003044953
0.0015548035
0.0018673806
0.0024925347
0.0034302658
0.0031176888
0.0021799576
-0.0000080817
-0.0012583899
-0.0018835440
-0.0021961210
-0.0021961210
-0.0025086981
-0.0037590063
-0.0046967374
-0.0053218915
-0.0050093145
-0.0050093145
-0.0037590063
-0.0025086981
-0.0012583899
-0.0015709670
-0.0025086981
-0.0040715833
-0.0059470456
-0.0071973538
-0.0062596227
-0.0037590063
0.0003044953
0.0043679970
0.0078063445
0.0099943839
0.0087440757
0.0062434593
0.0012422265
-0.0025086981
-0.0046967374
-0.0050093145
-0.0034464292
-0.0015709670
-0.0000080817
0.0015548035
0.0034302658
0.0037428429
0.0037428429
0.0046805740
0.0053057281
0.0062434593
0.0071811904
0.0087440757
0.0103069609
0.0112446921
0.0115572691
0.0103069609
0.0065560363
0.0018673806
-0.0012583899
-0.0021961210
-0.0028212751
-0.0025086981
-0.0015709670
-0.0015709670
-0.0012583899
-0.0012583899
-0.0021961210
-0.0050093145
-0.0065721997
-0.0075099309
-0.0065721997
-0.0059470456
-0.0050093145
-0.0056344686
-0.0056344686
-0.0046967374
-0.0025086981
0.0003044953
0.0024925347
0.0034302658
0.0018673806
0.0021799576
0.0021799576
0.0031176888
0.0028051117
0.0028051117
0.0028051117
0.0012422265
-0.0012583899
-0.0034464292
-0.0040715833
-0.0031338522
0.0009296494
0.0062434593
0.0115572691
0.0149956167
0.0149956167
0.0131201544
0.0074937675
0.0040554199
0.0003044953
-0.0025086981
-0.0034464292
-0.0031338522
-0.0025086981
-0.0018835440
-0.0015709670
-0.0018835440
-0.0025086981
-0.0034464292
-0.0031338522
-0.0015709670
0.0012422265
0.0046805740
0.0087440757
0.0124950003
0.0140578856
0.0134327314
0.0112446921
0.0096818068
0.0087440757
0.0087440757
0.0084314986
0.0065560363
0.0021799576
-0.0037590063
-0.0103231243
-0.0159495111
-0.0193878586
-0.0209507439
-0.0225136291
-0.0250142455
-0.0281400159
-0.0300154782
-0.0312657863
-0.0284525930
-0.0222010521
-0.0125111636
-0.0025086981
0.0062434593
0.0124950003
0.0137453085
0.0109321150
0.0053057281
0.0009296494
-0.0006332358
0.0003044953
0.0028051117
0.0043679970
0.0037428429
0.0009296494
-0.0015709670
-0.0025086981
-0.0009458129
0.0012422265
0.0034302658
0.0043679970
0.0043679970
0.0037428429
0.0040554199
0.0040554199
0.0059308822
0.0068686134
0.0074937675
0.0071811904
0.0059308822
0.0040554199
0.0043679970
0.0040554199
0.0043679970
0.0037428429
0.0018673806
0.0012422265
0.0009296494
0.0015548035
0.0015548035
0.0021799576
0.0015548035
0.0006170724
-0.0018835440
-0.0043841604
-0.0065721997
-0.0075099309
-0.0059470456
-0.0034464292
-0.0006332358
0.0018673806
0.0037428429
0.0046805740
0.0046805740
0.0037428429
0.0031176888
0.0015548035
0.0009296494
-0.0003206588
0.0003044953
0.0003044953
-0.0000080817
0.0006170724
0.0003044953
0.0003044953
0.0006170724
0.0018673806
0.0021799576
0.0034302658
0.0040554199
0.0043679970
0.0037428429
0.0024925347
-0.0000080817
-0.0009458129
-0.0015709670
-0.0021961210
-0.0025086981
-0.0015709670
-0.0009458129
0.0003044953
0.0003044953
0.0003044953
0.0003044953
-0.0012583899
-0.0012583899
-0.0015709670
-0.0012583899
0.0003044953
0.0003044953
-0.0003206588
-0.0015709670
-0.0050093145
-0.0081350850
-0.0100105472
-0.0096979702
-0.0087602391
-0.0059470456
-0.0040715833
-0.0031338522
-0.0046967374
-0.0053218915
-0.0059470456
-0.0059470456
-0.0040715833
-0.0028212751
-0.0006332358
0.0006170724
0.0009296494
-0.0003206588
-0.0012583899
-0.0018835440
-0.0006332358
0.0015548035
0.0031176888
0.0046805740
0.0046805740
0.0046805740
0.0043679970
0.0043679970
0.0043679970
0.0046805740
0.0043679970
0.0043679970
0.0037428429
0.0018673806
-0.0003206588
-0.0034464292
-0.0059470456
-0.0075099309
-0.0075099309
-0.0059470456
-0.0031338522
-0.0015709670
-0.0012583899
-0.0012583899
-0.0034464292
-0.0050093145
-0.0059470456
-0.0046967374
-0.0015709670
0.0006170724
0.0015548035
0.0012422265
-0.0000080817
-0.0012583899
-0.0034464292
-0.0040715833
-0.0040715833
-0.0025086981
-0.0012583899
-0.0000080817
-0.0006332358
-0.0012583899
-0.0028212751
-0.0040715833
-0.0046967374
-0.0040715833
-0.0025086981
-0.0009458129
0.0003044953
0.0009296494
0.0009296494
0.0003044953
-0.0012583899
-0.0021961210
-0.0012583899
-0.0003206588
0.0009296494
0.0006170724
0.0003044953
-0.0006332358
-0.0012583899
-0.0003206588
-0.0006332358
-0.0006332358
-0.0003206588
0.0006170724
0.0018673806
0.0018673806
0.0006170724
-0.0012583899
-0.0025086981
-0.0021961210
-0.0009458129
0.0012422265
0.0037428429
0.0049931511
0.0053057281
0.0040554199
0.0012422265
-0.0012583899
-0.0031338522
-0.0031338522
-0.0015709670
0.0003044953
0.0028051117
0.0037428429
0.0024925347
0.0003044953
-0.0028212751
-0.0037590063
-0.0034464292
-0.0012583899
0.0009296494
0.0021799576
0.0015548035
-0.0000080817
-0.0025086981
-0.0037590063
-0.0040715833
-0.0037590063
-0.0034464292
-0.0025086981
-0.0012583899
-0.0028212751
-0.0031338522
-0.0025086981
-0.0009458129
0.0015548035
0.0031176888
0.0037428429
0.0031176888
0.0028051117
0.0006170724
-0.0006332358
0.0003044953
0.0028051117
0.0059308822
0.0078063445
0.0096818068
0.0090566527
0.0074937675
0.0053057281
0.0034302658
0.0012422265
0.0003044953
-0.0015709670
-0.0025086981
-0.0021961210
-0.0021961210
-0.0012583899
-0.0003206588
-0.0012583899
-0.0025086981
-0.0034464292
-0.0031338522
-0.0021961210
0.0003044953
0.0040554199
0.0049931511
0.0059308822
0.0053057281
0.0031176888
0.0009296494
-0.0012583899
-0.0034464292
-0.0046967374
-0.0046967374
-0.0040715833
-0.0034464292
-0.0025086981
-0.0021961210
-0.0018835440
-0.0025086981
-0.0028212751
-0.0028212751
-0.0025086981
-0.0006332358
-0.0000080817
-0.0000080817
0.0003044953
-0.0006332358
-0.0018835440
-0.0025086981
-0.0034464292
-0.0025086981
-0.0028212751
-0.0015709670
-0.0006332358
-0.0006332358
-0.0015709670
-0.0034464292
-0.0050093145
-0.0065721997
-0.0081350850
-0.0087602391
-0.0075099309
-0.0050093145
-0.0031338522
-0.0012583899
0.0006170724
0.0024925347
0.0034302658
0.0037428429
0.0043679970
0.0037428429
0.0034302658
0.0021799576
0.0024925347
0.0018673806
0.0021799576
0.0018673806
0.0012422265
0.0006170724
0.0012422265
0.0012422265
0.0021799576
0.0024925347
0.0021799576
0.0012422265
-0.0000080817
-0.0006332358
-0.0009458129
-0.0009458129
-0.0015709670
-0.0025086981
-0.0015709670
-0.0003206588
0.0015548035
0.0031176888
0.0046805740
0.0053057281
0.0062434593
0.0068686134
0.0053057281
0.0037428429
0.0018673806
-0.0000080817
-0.0012583899
-0.0012583899
-0.0012583899
-0.0009458129
-0.0000080817
0.0009296494
0.0009296494
0.0012422265
0.0009296494
0.0003044953
-0.0003206588
-0.0025086981
-0.0040715833
-0.0053218915
-0.0059470456
-0.0059470456
-0.0056344686
-0.0043841604
-0.0025086981
-0.0012583899
0.0003044953
0.0024925347
0.0043679970
0.0062434593
0.0065560363
0.0062434593
0.0056183052
0.0046805740
0.0043679970
0.0049931511
0.0062434593
0.0059308822
0.0059308822
0.0040554199
0.0021799576
-0.0000080817
-0.0015709670
-0.0021961210
-0.0015709670
-0.0012583899
-0.0021961210
-0.0012583899
-0.0000080817
0.0015548035
0.0046805740
0.0078063445
0.0087440757
0.0087440757
0.0059308822
0.0028051117
-0.0003206588
-0.0015709670
-0.0025086981
-0.0021961210
-0.0021961210
-0.0021961210
-0.0028212751
-0.0046967374
-0.0056344686
-0.0059470456
-0.0078225079
-0.0087602391
-0.0096979702
-0.0103231243
-0.0115734325
-0.0109482784
-0.0087602391
-0.0059470456
-0.0043841604
-0.0037590063
-0.0031338522
-0.0046967374
-0.0053218915
-0.0050093145
-0.0046967374
-0.0037590063
-0.0028212751
-0.0012583899
0.0015548035
0.0049931511
0.0096818068
0.0140578856
0.0165585020
0.0178088102
0.0159333479
0.0121824232
0.0084314986
0.0053057281
0.0043679970
0.0040554199
0.0049931511
0.0059308822
0.0068686134
0.0068686134
0.0053057281
0.0031176888
0.0018673806
0.0012422265
0.0012422265
0.0034302658
0.0040554199
0.0031176888
0.0021799576
0.0009296494
0.0006170724
0.0009296494
0.0015548035
0.0015548035
0.0003044953
-0.0012583899
-0.0040715833
-0.0075099309
-0.0106357013
-0.0125111636
-0.0125111636
-0.0125111636
-0.0103231243
-0.0081350850
-0.0071973538
-0.0075099309
-0.0087602391
-0.0096979702
-0.0103231243
-0.0090728161
-0.0053218915
0.0012422265
0.0071811904
0.0084314986
0.0059308822
0.0003044953
-0.0062596227
-0.0131363177
-0.0171998193
-0.0184501275
-0.0162620882
-0.0128237407
-0.0103231243
-0.0096979702
-0.0096979702
-0.0109482784
-0.0109482784
-0.0081350850
-0.0021961210
0.0049931511
0.0109321150
0.0153081938
0.0174962331
0.0184339643
0.0178088102
0.0153081938
0.0131201544
0.0118698462
0.0118698462
0.0124950003
0.0131201544
0.0149956167
0.0149956167
0.0137453085
0.0109321150
0.0074937675
0.0040554199
0.0012422265
-0.0015709670
-0.0031338522
-0.0040715833
-0.0050093145
-0.0046967374
-0.0037590063
-0.0021961210
-0.0003206588
0.0071811904
0.0793864904
0.2212964825
0.3278852730
0.3678951434
0.3444518598
0.2841244784
0.2050424740
0.1237724339
0.0521922862
-0.0087602391
-0.0603354512
-0.0997201578
-0.1312904378
-0.1625481404
-0.1759889524
-0.1713002970
-0.1600475242
-0.1547337148
-0.1619229864
-0.1784895685
-0.1928681115
-0.1131609701
0.0840751464
0.2613063503
0.3482027852
0.3222588851
0.2275480243
0.1050178097
-0.0131363177
-0.1075345836
-0.1681745268
-0.1934932655
-0.2028705760
-0.2066215002
-0.1931806885
-0.1637984485
-0.1287898216
-0.0972195415
-0.0662744149
-0.0334538257
-0.0146992030
-0.0059470456
0.0009296494
0.0053057281
0.0012422265
-0.0137614718
-0.0322035175
-0.0468946385
-0.0556467956
-0.0587725660
-0.0568971038
-0.0481449466
-0.0337664027
-0.0159495111
0.0062434593
0.0278112759
0.0443778598
0.0525048633
0.0531300174
0.0509419780
0.0484413615
0.0453155909
0.0418772433
0.0340628169
0.0240603512
0.0137453085
0.0015548035
-0.0081350850
-0.0153243570
-0.0187627046
-0.0175123964
-0.0143866259
-0.0125111636
-0.0100105472
-0.0050093145
0.0003044953
0.0049931511
0.0074937675
0.0078063445
0.0103069609
0.0134327314
0.0137453085
0.0115572691
0.0062434593
0.0009296494
-0.0031338522
-0.0106357013
-0.0187627046
-0.0240765143
-0.0237639373
-0.0175123964
-0.0075099309
0.0062434593
0.0171836561
0.0243729283
0.0228100430
0.0149956167
0.0062434593
0.0003044953
-0.0021961210
0.0009296494
0.0040554199
0.0062434593
0.0068686134
0.0043679970
-0.0006332358
-0.0046967374
-0.0062596227
-0.0043841604
-0.0000080817
0.0049931511
0.0084314986
0.0093692298
0.0093692298
0.0053057281
-0.0015709670
-0.0068847768
-0.0093853932
-0.0078225079
-0.0053218915
-0.0015709670
-0.0009458129
0.0003044953
0.0024925347
0.0071811904
0.0124950003
0.0162459249
0.0209345807
0.0237477742
0.0243729283
0.0224974660
0.0199968495
0.0162459249
0.0118698462
0.0071811904
0.0043679970
0.0028051117
0.0034302658
0.0049931511
0.0074937675
0.0103069609
0.0099943839
0.0090566527
0.0068686134
0.0028051117
-0.0025086981
-0.0093853932
-0.0134488948
-0.0162620882
-0.0159495111
-0.0134488948
-0.0087602391
-0.0053218915
-0.0046967374
-0.0056344686
-0.0068847768
-0.0090728161
-0.0084476620
-0.0059470456
-0.0015709670
0.0018673806
0.0037428429
0.0049931511
0.0059308822
0.0043679970
0.0003044953
-0.0050093145
-0.0090728161
-0.0090728161
-0.0056344686
0.0003044953
0.0062434593
0.0112446921
0.0131201544
0.0115572691
0.0084314986
0.0065560363
0.0040554199
-0.0000080817
-0.0015709670
-0.0015709670
0.0003044953
0.0024925347
0.0049931511
0.0059308822
0.0053057281
0.0024925347
0.0012422265
-0.0009458129
-0.0050093145
-0.0106357013
-0.0153243570
-0.0178249734
-0.0165746652
-0.0146992030
-0.0112608554
-0.0096979702
-0.0090728161
-0.0096979702
-0.0100105472
-0.0087602391
-0.0056344686
-0.0018835440
0.0009296494
0.0021799576
0.0018673806
0.0012422265
-0.0012583899
-0.0050093145
-0.0096979702
-0.0146992030
-0.0162620882
-0.0146992030
-0.0096979702
-0.0034464292
0.0024925347
0.0071811904
0.0084314986
0.0068686134
0.0049931511
0.0024925347
0.0024925347
0.0037428429
0.0059308822
0.0074937675
0.0087440757
0.0078063445
0.0062434593
0.0040554199
0.0009296494
-0.0012583899
-0.0003206588
0.0034302658
0.0087440757
0.0128075773
0.0153081938
0.0137453085
0.0078063445
0.0034302658
0.0009296494
0.0021799576
0.0074937675
0.0109321150
0.0109321150
0.0087440757
0.0056183052
0.0012422265
-0.0031338522
-0.0046967374
-0.0034464292
0.0018673806
0.0074937675
0.0112446921
0.0124950003
0.0106195380
0.0065560363
0.0034302658
0.0024925347
0.0040554199
0.0065560363
0.0081189216
0.0074937675
0.0062434593
0.0028051117
0.0006170724
-0.0009458129
-0.0037590063
-0.0056344686
-0.0050093145
-0.0006332358
0.0046805740
0.0071811904
0.0084314986
0.0087440757
0.0081189216
0.0068686134
0.0040554199
0.0015548035
0.0003044953
0.0003044953
0.0012422265
0.0015548035
0.0009296494
-0.0006332358
-0.0037590063
-0.0065721997
-0.0087602391
-0.0081350850
-0.0059470456
-0.0043841604
-0.0053218915
-0.0065721997
-0.0087602391
-0.0103231243
-0.0096979702
-0.0084476620
-0.0059470456
-0.0040715833
-0.0034464292
-0.0021961210
-0.0015709670
-0.0018835440
-0.0028212751
-0.0025086981
-0.0018835440
-0.0003206588
0.0006170724
0.0024925347
0.0018673806
-0.0009458129
-0.0037590063
-0.0046967374
-0.0015709670
0.0024925347
0.0053057281
0.0049931511
0.0024925347
-0.0028212751
-0.0081350850
-0.0125111636
-0.0156369341
-0.0162620882
-0.0153243570
-0.0125111636
-0.0093853932
-0.0068847768
-0.0040715833
-0.0015709670
0.0009296494
0.0021799576
0.0028051117
0.0015548035
-0.0003206588
-0.0015709670
-0.0021961210
-0.0034464292
-0.0050093145
-0.0081350850
-0.0112608554
-0.0159495111
-0.0212633209
-0.0243890914
-0.0247016684
-0.0215758980
-0.0178249734
-0.0125111636
-0.0065721997
0.0003044953
0.0084314986
0.0128075773
0.0140578856
0.0118698462
0.0084314986
0.0028051117
-0.0006332358
-0.0018835440
-0.0012583899
0.0012422265
0.0018673806
0.0015548035
0.0003044953
-0.0021961210
-0.0025086981
-0.0006332358
0.0012422265
0.0009296494
-0.0012583899
-0.0040715833
-0.0059470456
-0.0068847768
-0.0065721997
-0.0059470456
-0.0050093145
-0.0046967374
-0.0071973538
-0.0093853932
-0.0093853932
-0.0068847768
-0.0025086981
0.0015548035
0.0062434593
0.0096818068
0.0106195380
0.0096818068
0.0093692298
0.0059308822
0.0021799576
0.0003044953
0.0018673806
0.0049931511
0.0071811904
0.0087440757
0.0087440757
0.0059308822
0.0028051117
-0.0012583899
-0.0031338522
-0.0025086981
-0.0000080817
0.0024925347
0.0059308822
0.0074937675
0.0074937675
0.0043679970
0.0009296494
-0.0012583899
-0.0028212751
-0.0037590063
-0.0037590063
-0.0040715833
-0.0050093145
-0.0046967374
-0.0018835440
0.0018673806
0.0062434593
0.0074937675
0.0059308822
0.0009296494
-0.0021961210
-0.0040715833
-0.0059470456
-0.0062596227
-0.0056344686
-0.0062596227
-0.0087602391
-0.0100105472
-0.0078225079
-0.0046967374
-0.0012583899
0.0003044953
0.0012422265
0.0018673806
0.0009296494
0.0009296494
-0.0003206588
-0.0006332358
-0.0000080817
-0.0003206588
0.0003044953
-0.0000080817
0.0018673806
0.0043679970
0.0062434593
0.0062434593
0.0065560363
0.0099943839
0.0149956167
0.0190591184
0.0215597348
0.0224974660
0.0209345807
0.0190591184
0.0159333479
0.0099943839
0.0034302658
-0.0028212751
-0.0065721997
-0.0096979702
-0.0100105472
-0.0084476620
-0.0046967374
-0.0009458129
0.0018673806
0.0034302658
0.0053057281
0.0087440757
0.0121824232
0.0143704626
0.0159333479
0.0178088102
0.0168710790
0.0109321150
0.0024925347
-0.0071973538
-0.0150117800
-0.0187627046
-0.0200130127
-0.0200130127
-0.0200130127
-0.0181375505
-0.0146992030
-0.0118860095
-0.0112608554
-0.0140740489
-0.0165746652
-0.0137614718
-0.0034464292
0.0112446921
0.0265609676
0.0346879711
0.0337502399
0.0234351971
0.0062434593
-0.0128237407
-0.0268897077
-0.0318909404
-0.0293903241
-0.0247016684
-0.0209507439
-0.0225136291
-0.0262645536
-0.0300154782
-0.0303280552
-0.0275148618
-0.0218884750
-0.0140740489
-0.0056344686
-0.0018835440
-0.0021961210
-0.0040715833
-0.0062596227
-0.0075099309
-0.0081350850
-0.0065721997
-0.0053218915
-0.0028212751
0.0009296494
0.0021799576
0.0015548035
-0.0000080817
-0.0009458129
-0.0009458129
0.0003044953
0.0015548035
0.0034302658
0.0062434593
0.0078063445
0.0078063445
0.0068686134
0.0053057281
0.0062434593
0.0093692298
0.0109321150
0.0112446921
0.0071811904
0.0003044953
-0.0065721997
-0.0131363177
-0.0162620882
-0.0184501275
-0.0181375505
-0.0159495111
-0.0137614718
-0.0112608554
-0.0087602391
-0.0071973538
-0.0062596227
-0.0046967374
-0.0034464292
-0.0012583899
0.0003044953
0.0024925347
0.0024925347
0.0018673806
0.0012422265
0.0015548035
0.0037428429
0.0059308822
0.0087440757
0.0109321150
0.0115572691
0.0106195380
0.0084314986
0.0071811904
0.0074937675
0.0093692298
0.0106195380
0.0109321150
0.0099943839
0.0087440757
0.0062434593
0.0040554199
0.0024925347
0.0006170724
-0.0012583899
-0.0037590063
-0.0037590063
-0.0040715833
-0.0031338522
-0.0046967374
-0.0075099309
-0.0106357013
-0.0128237407
-0.0134488948
-0.0125111636
-0.0125111636
-0.0125111636
-0.0134488948
-0.0125111636
-0.0096979702
-0.0056344686
-0.0009458129
0.0024925347
0.0049931511
0.0059308822
0.0074937675
0.0112446921
0.0143704626
0.0165585020
0.0181213872
0.0187465413
0.0174962331
0.0171836561
0.0153081938
0.0109321150
0.0059308822
0.0012422265
-0.0021961210
-0.0037590063
-0.0065721997
-0.0062596227
-0.0071973538
-0.0068847768
-0.0062596227
-0.0056344686
-0.0050093145
-0.0037590063
-0.0043841604
-0.0040715833
-0.0056344686
-0.0062596227
-0.0062596227
-0.0040715833
0.0012422265
0.0074937675
0.0112446921
0.0118698462
0.0087440757
0.0043679970
0.0009296494
-0.0018835440
-0.0025086981
-0.0012583899
0.0012422265
0.0021799576
0.0003044953
-0.0037590063
-0.0071973538
-0.0087602391
-0.0096979702
-0.0084476620
-0.0046967374
-0.0006332358
0.0034302658
0.0053057281
0.0065560363
0.0081189216
0.0065560363
0.0040554199
-0.0012583899
-0.0075099309
-0.0100105472
-0.0096979702
-0.0059470456
-0.0009458129
0.0018673806
0.0015548035
-0.0000080817
-0.0009458129
-0.0015709670
-0.0025086981
-0.0021961210
-0.0021961210
-0.0025086981
-0.0034464292
-0.0056344686
-0.0078225079
-0.0087602391
-0.0087602391
-0.0062596227
-0.0012583899
0.0053057281
0.0115572691
0.0184339643
0.0215597348
0.0215597348
0.0212471577
0.0184339643
0.0137453085
0.0096818068
0.0046805740
0.0009296494
-0.0015709670
-0.0034464292
-0.0043841604
-0.0062596227
-0.0071973538
-0.0090728161
-0.0096979702
-0.0112608554
-0.0109482784
-0.0106357013
-0.0115734325
-0.0137614718
-0.0159495111
-0.0150117800
-0.0106357013
-0.0037590063
0.0040554199
0.0087440757
0.0099943839
0.0109321150
0.0087440757
0.0059308822
0.0018673806
-0.0025086981
-0.0043841604
-0.0031338522
-0.0006332358
0.0024925347
0.0040554199
0.0040554199
0.0012422265
-0.0034464292
-0.0065721997
-0.0084476620
-0.0081350850
-0.0071973538
-0.0062596227
-0.0050093145
-0.0031338522
-0.0012583899
-0.0015709670
-0.0028212751
-0.0040715833
-0.0056344686
-0.0046967374
-0.0015709670
0.0018673806
0.0040554199
0.0043679970
0.0028051117
0.0012422265
-0.0012583899
-0.0043841604
-0.0081350850
-0.0115734325
-0.0150117800
-0.0159495111
-0.0146992030
-0.0106357013
-0.0062596227
-0.0018835440
0.0009296494
0.0021799576
0.0024925347
0.0024925347
0.0031176888
0.0049931511
0.0074937675
0.0109321150
0.0140578856
0.0162459249
0.0174962331
0.0174962331
0.0149956167
0.0118698462
0.0068686134
0.0031176888
0.0012422265
0.0012422265
0.0024925347
0.0034302658
0.0021799576
-0.0003206588
-0.0031338522
-0.0062596227
-0.0078225079
-0.0087602391
-0.0075099309
-0.0046967374
-0.0018835440
-0.0006332358
0.0012422265
0.0018673806
0.0024925347
0.0034302658
0.0040554199
0.0049931511
0.0053057281
0.0059308822
0.0059308822
0.0056183052
0.0068686134
0.0074937675
0.0084314986
0.0074937675
0.0078063445
0.0074937675
0.0071811904
0.0049931511
0.0024925347
0.0006170724
-0.0012583899
-0.0018835440
-0.0009458129
0.0015548035
0.0034302658
0.0037428429
0.0024925347
0.0012422265
0.0003044953
-0.0012583899
-0.0028212751
-0.0056344686
-0.0075099309
-0.0087602391
-0.0096979702
-0.0084476620
-0.0062596227
-0.0046967374
-0.0046967374
-0.0056344686
-0.0053218915
-0.0059470456
-0.0053218915
-0.0040715833
-0.0031338522
-0.0037590063
-0.0046967374
-0.0059470456
-0.0062596227
-0.0062596227
-0.0062596227
-0.0062596227
-0.0056344686
-0.0031338522
-0.0006332358
0.0043679970
0.0084314986
0.0112446921
0.0137453085
0.0140578856
0.0121824232
0.0099943839
0.0074937675
0.0043679970
0.0015548035
-0.0012583899
-0.0050093145
-0.0078225079
-0.0090728161
-0.0084476620
-0.0075099309
-0.0065721997
-0.0053218915
-0.0043841604
-0.0025086981
0.0003044953
0.0021799576
0.0028051117
0.0015548035
0.0009296494
-0.0003206588
-0.0000080817
0.0024925347
0.0053057281
0.0049931511
0.0024925347
-0.0006332358
-0.0040715833
-0.0062596227
-0.0081350850
-0.0087602391
-0.0087602391
-0.0062596227
-0.0031338522
-0.0015709670
-0.0012583899
-0.0021961210
-0.0046967374
-0.0059470456
-0.0053218915
-0.0040715833
-0.0015709670
0.0015548035
0.0049931511
0.0053057281
0.0034302658
0.0006170724
-0.0009458129
-0.0012583899
0.0006170724
0.0018673806
0.0034302658
0.0049931511
0.0059308822
0.0065560363
0.0062434593
0.0059308822
0.0074937675
0.0090566527
0.0112446921
0.0112446921
0.0096818068
0.0074937675
0.0040554199
-0.0000080817
-0.0046967374
-0.0084476620
-0.0100105472
-0.0096979702
-0.0084476620
-0.0062596227
-0.0040715833
-0.0034464292
-0.0034464292
-0.0034464292
-0.0021961210
-0.0000080817
0.0024925347
0.0040554199
0.0046805740
0.0043679970
0.0043679970
0.0031176888
0.0018673806
0.0003044953
-0.0015709670
-0.0046967374
-0.0065721997
-0.0090728161
-0.0112608554
-0.0121985866
-0.0118860095
-0.0115734325
-0.0103231243
-0.0090728161
-0.0087602391
-0.0075099309
-0.0059470456
-0.0037590063
-0.0025086981
-0.0003206588
0.0006170724
0.0009296494
-0.0006332358
-0.0021961210
-0.0040715833
-0.0056344686
-0.0062596227
-0.0056344686
-0.0050093145
-0.0037590063
-0.0028212751
-0.0031338522
-0.0031338522
-0.0025086981
-0.0006332358
-0.0000080817
-0.0006332358
-0.0012583899
-0.0012583899
0.0003044953
0.0024925347
0.0046805740
0.0062434593
0.0074937675
0.0090566527
0.0099943839
0.0090566527
0.0071811904
0.0049931511
0.0034302658
0.0012422265
-0.0003206588
-0.0018835440
-0.0034464292
-0.0050093145
-0.0059470456
-0.0037590063
-0.0015709670
0.0015548035
0.0040554199
0.0040554199
0.0018673806
-0.0009458129
-0.0040715833
-0.0056344686
-0.0046967374
-0.0034464292
-0.0015709670
0.0003044953
0.0018673806
0.0024925347
0.0028051117
0.0034302658
0.0040554199
0.0062434593
0.0087440757
0.0103069609
0.0115572691
0.0118698462
0.0115572691
0.0099943839
0.0071811904
0.0037428429
-0.0003206588
-0.0028212751
-0.0050093145
-0.0065721997
-0.0075099309
-0.0075099309
-0.0075099309
-0.0071973538
-0.0059470456
-0.0037590063
-0.0015709670
0.0003044953
0.0015548035
0.0021799576
0.0018673806
0.0015548035
0.0003044953
-0.0000080817
-0.0009458129
-0.0015709670
-0.0021961210
-0.0015709670
-0.0009458129
-0.0000080817
-0.0003206588
0.0003044953
0.0009296494
0.0012422265
0.0021799576
0.0018673806
0.0012422265
-0.0000080817
-0.0015709670
-0.0015709670
-0.0025086981
-0.0031338522
-0.0037590063
-0.0034464292
-0.0028212751
-0.0003206588
0.0003044953
0.0012422265
-0.0000080817
-0.0012583899
-0.0015709670
-0.0000080817
-0.0000080817
-0.0006332358
-0.0025086981
-0.0059470456
-0.0087602391
-0.0106357013
-0.0118860095
-0.0112608554
-0.0103231243
-0.0087602391
-0.0062596227
-0.0040715833
-0.0021961210
-0.0028212751
-0.0046967374
-0.0059470456
-0.0056344686
-0.0037590063
-0.0006332358
0.0015548035
0.0040554199
0.0065560363
0.0087440757
0.0109321150
0.0115572691
0.0124950003
0.0112446921
0.0103069609
0.0081189216
0.0053057281
0.0053057281
0.0099943839
0.0203094266
0.0340628169
0.0446904368
0.0484413615
0.0440652827
0.0334376628
0.0199968495
0.0071811904
-0.0037590063
-0.0125111636
-0.0171998193
-0.0184501275
-0.0187627046
-0.0171998193
-0.0134488948
-0.0081350850
-0.0043841604
0.0003044953
0.0087440757
0.0187465413
0.0259358135
0.0249980824
0.0159333479
0.0021799576
-0.0137614718
-0.0290777470
-0.0425185599
-0.0537713334
-0.0609606053
-0.0625234905
-0.0590851431
-0.0500204089
-0.0337664027
-0.0112608554
0.0140578856
0.0324999317
0.0428149745
0.0434401286
0.0353131252
0.0221848889
0.0068686134
-0.0062596227
-0.0165746652
-0.0243890914
-0.0300154782
-0.0334538257
-0.0331412486
-0.0284525930
-0.0190752816
-0.0093853932
-0.0006332358
0.0065560363
0.0112446921
0.0143704626
0.0168710790
0.0190591184
0.0196842725
0.0181213872
0.0149956167
0.0096818068
0.0040554199
-0.0009458129
-0.0059470456
-0.0096979702
-0.0125111636
-0.0125111636
-0.0125111636
-0.0109482784
-0.0100105472
-0.0096979702
-0.0109482784
-0.0112608554
-0.0118860095
-0.0112608554
-0.0100105472
-0.0081350850
-0.0062596227
-0.0040715833
-0.0018835440
0.0003044953
0.0040554199
0.0065560363
0.0087440757
0.0090566527
0.0078063445
0.0065560363
0.0059308822
0.0040554199
0.0021799576
0.0003044953
-0.0000080817
-0.0006332358
-0.0018835440
-0.0034464292
-0.0034464292
-0.0021961210
-0.0009458129
0.0012422265
0.0034302658
0.0040554199
0.0028051117
0.0003044953
-0.0043841604
-0.0081350850
-0.0112608554
-0.0109482784
-0.0081350850
-0.0021961210
0.0046805740
0.0109321150
0.0137453085
0.0140578856
0.0124950003
0.0109321150
0.0112446921
0.0124950003
0.0131201544
0.0134327314
0.0103069609
0.0043679970
-0.0009458129
-0.0046967374
-0.0059470456
-0.0046967374
-0.0031338522
-0.0015709670
-0.0012583899
-0.0021961210
-0.0028212751
-0.0037590063
-0.0050093145
-0.0056344686
-0.0056344686
-0.0068847768
-0.0078225079
-0.0087602391
-0.0103231243
-0.0115734325
-0.0131363177
-0.0137614718
-0.0125111636
-0.0096979702
-0.0050093145
-0.0025086981
-0.0006332358
-0.0003206588
-0.0012583899
-0.0040715833
-0.0062596227
-0.0087602391
-0.0109482784
-0.0125111636
-0.0137614718
-0.0121985866
-0.0081350850
-0.0034464292
0.0015548035
0.0043679970
0.0059308822
0.0074937675
0.0103069609
0.0137453085
0.0165585020
0.0178088102
0.0162459249
0.0118698462
0.0084314986
0.0034302658
-0.0000080817
-0.0034464292
-0.0050093145
-0.0062596227
-0.0078225079
-0.0087602391
-0.0093853932
-0.0078225079
-0.0056344686
-0.0040715833
-0.0021961210
-0.0009458129
-0.0000080817
-0.0000080817
-0.0000080817
0.0009296494
0.0012422265
0.0021799576
0.0040554199
0.0056183052
0.0065560363
0.0074937675
0.0078063445
0.0081189216
0.0084314986
0.0093692298
0.0115572691
0.0137453085
0.0124950003
0.0087440757
0.0043679970
-0.0000080817
-0.0025086981
-0.0046967374
-0.0059470456
-0.0059470456
-0.0068847768
-0.0084476620
-0.0103231243
-0.0115734325
-0.0112608554
-0.0103231243
-0.0081350850
-0.0053218915
-0.0012583899
0.0028051117
0.0065560363
0.0087440757
0.0087440757
0.0059308822
0.0015548035
-0.0025086981
-0.0056344686
-0.0065721997
-0.0065721997
-0.0059470456
-0.0043841604
-0.0031338522
-0.0025086981
-0.0012583899
-0.0000080817
0.0006170724
0.0012422265
0.0003044953
-0.0003206588
-0.0012583899
-0.0015709670
-0.0012583899
-0.0006332358
0.0012422265
0.0024925347
0.0028051117
0.0024925347
0.0028051117
0.0024925347
0.0021799576
0.0034302658
0.0034302658
0.0037428429
0.0031176888
0.0037428429
0.0040554199
0.0049931511
0.0053057281
0.0043679970
0.0009296494
-0.0028212751
-0.0046967374
-0.0050093145
-0.0046967374
-0.0046967374
-0.0034464292
-0.0037590063
-0.0025086981
-0.0006332358
0.0012422265
0.0024925347
0.0043679970
0.0059308822
0.0068686134
0.0068686134
0.0074937675
0.0065560363
0.0049931511
0.0021799576
-0.0009458129
-0.0025086981
-0.0031338522
-0.0025086981
-0.0015709670
-0.0015709670
-0.0025086981
-0.0034464292
-0.0040715833
-0.0015709670
0.0012422265
0.0049931511
0.0087440757
0.0124950003
0.0153081938
0.0149956167
0.0137453085
0.0109321150
0.0071811904
0.0043679970
0.0015548035
-0.0006332358
-0.0009458129
-0.0021961210
-0.0037590063
-0.0053218915
-0.0065721997
-0.0065721997
-0.0062596227
-0.0053218915
-0.0037590063
-0.0031338522
-0.0018835440
-0.0000080817
0.0006170724
0.0015548035
0.0015548035
0.0006170724
-0.0009458129
-0.0025086981
-0.0040715833
-0.0046967374
-0.0046967374
-0.0034464292
-0.0031338522
-0.0037590063
-0.0046967374
-0.0037590063
-0.0021961210
-0.0006332358
0.0006170724
0.0009296494
0.0003044953
-0.0003206588
-0.0012583899
-0.0012583899
-0.0009458129
-0.0003206588
0.0003044953
0.0009296494
0.0031176888
0.0053057281
0.0068686134
0.0071811904
0.0078063445
0.0071811904
0.0062434593
0.0059308822
0.0049931511
0.0040554199
0.0028051117
0.0024925347
0.0015548035
0.0028051117
0.0034302658
0.0043679970
0.0034302658
0.0003044953
-0.0025086981
-0.0037590063
-0.0037590063
-0.0012583899
0.0003044953
0.0015548035
0.0018673806
0.0012422265
0.0003044953
0.0015548035
0.0034302658
0.0049931511
0.0053057281
0.0049931511
0.0034302658
0.0015548035
-0.0009458129
-0.0025086981
-0.0031338522
-0.0031338522
-0.0037590063
-0.0028212751
-0.0025086981
-0.0015709670
-0.0015709670
-0.0021961210
-0.0018835440
-0.0034464292
-0.0025086981
-0.0021961210
0.0003044953
0.0021799576
0.0040554199
0.0037428429
0.0031176888
0.0018673806
0.0006170724
-0.0003206588
-0.0012583899
-0.0037590063
-0.0053218915
-0.0071973538
-0.0087602391
-0.0093853932
-0.0087602391
-0.0071973538
-0.0056344686
-0.0034464292
-0.0012583899
0.0012422265
0.0040554199
0.0053057281
0.0056183052
0.0053057281
0.0046805740
0.0037428429
0.0015548035
-0.0000080817
-0.0012583899
-0.0015709670
-0.0021961210
-0.0037590063
-0.0062596227
-0.0090728161
-0.0106357013
-0.0096979702
-0.0075099309
-0.0037590063
-0.0003206588
0.0024925347
0.0040554199
0.0040554199
0.0024925347
0.0015548035
-0.0009458129
-0.0031338522
-0.0037590063
-0.0040715833
-0.0034464292
-0.0025086981
-0.0015709670
-0.0015709670
-0.0018835440
-0.0031338522
-0.0043841604
-0.0062596227
-0.0065721997
-0.0062596227
-0.0059470456
-0.0046967374
-0.0046967374
-0.0040715833
-0.0031338522
-0.0021961210
-0.0015709670
-0.0025086981
-0.0040715833
-0.0050093145
-0.0059470456
-0.0056344686
-0.0053218915
-0.0046967374
-0.0040715833
-0.0034464292
-0.0025086981
-0.0021961210
-0.0015709670
-0.0009458129
0.0003044953
0.0009296494
0.0006170724
-0.0003206588
-0.0009458129
-0.0012583899
-0.0012583899
0.0003044953
0.0040554199
0.0071811904
0.0099943839
0.0112446921
0.0115572691
0.0096818068
0.0074937675
0.0062434593
0.0062434593
0.0071811904
0.0087440757
0.0099943839
0.0099943839
0.0084314986
0.0065560363
0.0040554199
0.0021799576
0.0009296494
-0.0009458129
-0.0015709670
-0.0021961210
-0.0012583899
-0.0000080817
0.0018673806
0.0024925347
0.0024925347
0.0034302658
0.0034302658
0.0031176888
0.0034302658
0.0031176888
0.0024925347
0.0012422265
-0.0000080817
-0.0021961210
-0.0050093145
-0.0075099309
-0.0106357013
-0.0125111636
-0.0125111636
-0.0128237407
-0.0112608554
-0.0087602391
-0.0065721997
-0.0040715833
-0.0025086981
-0.0012583899
-0.0000080817
0.0009296494
0.0021799576
0.0024925347
0.0024925347
0.0021799576
0.0021799576
0.0021799576
0.0018673806
0.0009296494
-0.0000080817
-0.0018835440
-0.0021961210
-0.0015709670
-0.0006332358
-0.0006332358
-0.0006332358
-0.0015709670
-0.0031338522
-0.0050093145
-0.0046967374
-0.0059470456
-0.0062596227
-0.0065721997
-0.0081350850
-0.0087602391
-0.0096979702
-0.0100105472
-0.0109482784
-0.0112608554
-0.0103231243
-0.0087602391
-0.0056344686
-0.0021961210
0.0012422265
0.0040554199
0.0062434593
0.0062434593
0.0062434593
0.0059308822
0.0053057281
0.0056183052
0.0062434593
0.0062434593
0.0059308822
0.0046805740
0.0037428429
0.0012422265
-0.0009458129
-0.0034464292
-0.0059470456
-0.0084476620
-0.0090728161
-0.0090728161
-0.0075099309
-0.0056344686
-0.0046967374
-0.0025086981
-0.0006332358
0.0012422265
0.0034302658
0.0034302658
0.0015548035
-0.0003206588
-0.0021961210
-0.0034464292
-0.0037590063
-0.0021961210
-0.0012583899
0.0003044953
0.0009296494
0.0006170724
0.0009296494
0.0018673806
0.0018673806
0.0012422265
0.0009296494
-0.0000080817
-0.0009458129
-0.0031338522
-0.0040715833
-0.0046967374
-0.0037590063
-0.0025086981
-0.0006332358
0.0018673806
0.0037428429
0.0049931511
0.0062434593
0.0084314986
0.0096818068
0.0096818068
0.0084314986
0.0068686134
0.0046805740
0.0018673806
-0.0003206588
-0.0028212751
-0.0037590063
-0.0043841604
-0.0046967374
-0.0037590063
-0.0034464292
-0.0034464292
-0.0040715833
-0.0056344686
-0.0071973538
-0.0081350850
-0.0087602391
-0.0081350850
-0.0084476620
-0.0087602391
-0.0096979702
-0.0106357013
-0.0115734325
-0.0128237407
-0.0137614718
-0.0140740489
-0.0137614718
-0.0109482784
-0.0075099309
-0.0028212751
0.0015548035
0.0037428429
0.0040554199
0.0018673806
-0.0006332358
-0.0021961210
-0.0037590063
-0.0053218915
-0.0056344686
-0.0028212751
0.0009296494
0.0053057281
0.0071811904
0.0084314986
0.0074937675
0.0049931511
0.0012422265
-0.0021961210
-0.0046967374
-0.0068847768
-0.0090728161
-0.0106357013
-0.0109482784
-0.0103231243
-0.0087602391
-0.0075099309
-0.0059470456
-0.0050093145
-0.0053218915
-0.0056344686
-0.0025086981
0.0015548035
0.0046805740
0.0062434593
0.0068686134
0.0068686134
0.0062434593
0.0053057281
0.0059308822
0.0074937675
0.0074937675
0.0084314986
0.0096818068
0.0099943839
0.0084314986
0.0068686134
0.0034302658
0.0018673806
-0.0000080817
-0.0034464292
-0.0059470456
-0.0062596227
-0.0028212751
-0.0003206588
0.0028051117
0.0049931511
0.0040554199
0.0021799576
0.0009296494
0.0012422265
0.0021799576
0.0024925347
0.0024925347
0.0028051117
0.0034302658
0.0040554199
0.0059308822
0.0068686134
0.0068686134
0.0046805740
0.0021799576
-0.0003206588
-0.0012583899
-0.0015709670
-0.0006332358
0.0018673806
0.0034302658
0.0018673806
0.0015548035
0.0021799576
0.0021799576
0.0015548035
0.0003044953
-0.0021961210
-0.0034464292
-0.0037590063
-0.0018835440
0.0006170724
0.0031176888
0.0043679970
0.0056183052
0.0071811904
0.0087440757
0.0096818068
0.0096818068
0.0106195380
0.0112446921
0.0112446921
0.0090566527
0.0059308822
0.0034302658
0.0006170724
-0.0012583899
-0.0031338522
-0.0062596227
-0.0087602391
-0.0121985866
-0.0125111636
-0.0125111636
-0.0128237407
-0.0137614718
-0.0143866259
-0.0134488948
-0.0100105472
-0.0050093145
0.0012422265
0.0059308822
0.0096818068
0.0112446921
0.0115572691
0.0112446921
0.0084314986
0.0049931511
0.0012422265
-0.0012583899
-0.0034464292
-0.0050093145
-0.0059470456
-0.0075099309
-0.0084476620
-0.0103231243
-0.0115734325
-0.0115734325
-0.0109482784
-0.0075099309
-0.0043841604
-0.0028212751
-0.0021961210
-0.0015709670
-0.0012583899
-0.0003206588
0.0003044953
-0.0018835440
-0.0037590063
-0.0046967374
-0.0040715833
-0.0025086981
0.0003044953
0.0028051117
0.0040554199
0.0040554199
0.0024925347
0.0009296494
-0.0015709670
-0.0028212751
-0.0037590063
-0.0053218915
-0.0062596227
-0.0075099309
-0.0071973538
-0.0031338522
0.0024925347
0.0090566527
0.0115572691
0.0121824232
0.0087440757
0.0049931511
0.0031176888
0.0037428429
0.0059308822
0.0078063445
0.0084314986
0.0071811904
0.0049931511
0.0028051117
0.0015548035
0.0009296494
0.0015548035
0.0009296494
0.0006170724
0.0003044953
-0.0000080817
0.0012422265
0.0015548035
0.0028051117
0.0043679970
0.0053057281
0.0056183052
0.0040554199
0.0009296494
-0.0025086981
-0.0059470456
-0.0065721997
-0.0062596227
-0.0040715833
-0.0028212751
-0.0021961210
-0.0034464292
-0.0062596227
-0.0081350850
-0.0109482784
-0.0131363177
-0.0146992030
-0.0153243570
-0.0128237407
-0.0096979702
-0.0053218915
-0.0003206588
0.0046805740
0.0081189216
0.0099943839
0.0099943839
0.0103069609
0.0109321150
0.0112446921
0.0124950003
0.0134327314
0.0134327314
0.0134327314
0.0134327314
0.0118698462
0.0096818068
0.0074937675
0.0037428429
0.0009296494
-0.0012583899
-0.0034464292
-0.0046967374
-0.0062596227
-0.0068847768
-0.0065721997
-0.0056344686
-0.0031338522
-0.0006332358
0.0012422265
0.0012422265
0.0009296494
0.0015548035
0.0024925347
0.0034302658
0.0034302658
0.0024925347
0.0021799576
0.0009296494
-0.0015709670
-0.0046967374
-0.0087602391
-0.0112608554
-0.0115734325
-0.0100105472
-0.0084476620
-0.0078225079
-0.0075099309
-0.0075099309
-0.0103231243
-0.0106357013
-0.0096979702
-0.0081350850
-0.0065721997
-0.0056344686
-0.0046967374
-0.0037590063
-0.0025086981
-0.0025086981
-0.0028212751
-0.0025086981
-0.0000080817
0.0018673806
0.0049931511
0.0062434593
0.0062434593
0.0065560363
0.0074937675
0.0090566527
0.0099943839
0.0096818068
0.0078063445
0.0043679970
-0.0021961210
-0.0071973538
-0.0109482784
-0.0125111636
-0.0115734325
-0.0084476620
-0.0043841604
-0.0009458129
0.0003044953
-0.0000080817
-0.0018835440
-0.0034464292
-0.0050093145
-0.0050093145
-0.0037590063
-0.0018835440
-0.0000080817
-0.0003206588
0.0003044953
-0.0003206588
-0.0009458129
-0.0012583899
-0.0021961210
-0.0018835440
-0.0015709670
-0.0025086981
-0.0037590063
-0.0071973538
-0.0084476620
-0.0087602391
-0.0053218915
-0.0003206588
0.0046805740
0.0084314986
0.0093692298
0.0084314986
0.0068686134
0.0053057281
0.0040554199
0.0024925347
0.0018673806
0.0003044953
-0.0012583899
-0.0037590063
-0.0065721997
-0.0096979702
-0.0109482784
-0.0118860095
-0.0125111636
-0.0134488948
-0.0125111636
-0.0106357013
-0.0081350850
-0.0046967374
-0.0012583899
0.0015548035
0.0037428429
0.0049931511
0.0043679970
0.0053057281
0.0059308822
0.0068686134
0.0068686134
0.0062434593
0.0049931511
0.0028051117
0.0015548035
0.0009296494
0.0012422265
0.0003044953
-0.0015709670
-0.0043841604
-0.0075099309
-0.0103231243
-0.0115734325
-0.0118860095
-0.0109482784
-0.0087602391
-0.0065721997
-0.0040715833
-0.0025086981
-0.0015709670
-0.0015709670
-0.0025086981
-0.0034464292
-0.0037590063
-0.0034464292
-0.0021961210
-0.0003206588
0.0021799576
0.0040554199
0.0053057281
0.0059308822
0.0059308822
0.0053057281
0.0053057281
0.0056183052
0.0046805740
0.0053057281
0.0040554199
0.0031176888
0.0012422265
-0.0009458129
-0.0015709670
-0.0021961210
-0.0031338522
-0.0046967374
-0.0062596227
-0.0075099309
-0.0081350850
-0.0075099309
-0.0056344686
-0.0028212751
-0.0012583899
-0.0009458129
-0.0012583899
-0.0028212751
-0.0046967374
-0.0050093145
-0.0037590063
-0.0025086981
-0.0015709670
-0.0009458129
-0.0012583899
-0.0009458129
-0.0006332358
-0.0009458129
-0.0003206588
0.0009296494
0.0021799576
0.0040554199
0.0062434593
0.0062434593
0.0049931511
0.0028051117
0.0012422265
-0.0006332358
-0.0021961210
-0.0021961210
-0.0028212751
-0.0021961210
-0.0015709670
-0.0009458129
0.0012422265
0.0034302658
0.0053057281
0.0059308822
0.0068686134
0.0074937675
0.0068686134
0.0046805740
0.0031176888
0.0024925347
0.0021799576
0.0024925347
0.0034302658
0.0034302658
0.0024925347
0.0009296494
-0.0009458129
-0.0025086981
-0.0043841604
-0.0065721997
-0.0087602391
-0.0087602391
-0.0084476620
-0.0084476620
-0.0090728161
-0.0078225079
-0.0062596227
-0.0056344686
-0.0050093145
-0.0034464292
-0.0025086981
-0.0003206588
0.0009296494
0.0021799576
0.0024925347
0.0012422265
-0.0006332358
-0.0034464292
-0.0062596227
-0.0065721997
-0.0056344686
-0.0031338522
0.0003044953
0.0028051117
0.0024925347
-0.0012583899
-0.0059470456
-0.0100105472
-0.0131363177
-0.0137614718
-0.0115734325
-0.0081350850
-0.0037590063
-0.0006332358
0.0024925347
0.0056183052
0.0065560363
0.0056183052
0.0037428429
0.0003044953
-0.0025086981
-0.0037590063
-0.0037590063
-0.0021961210
-0.0003206588
0.0021799576
0.0049931511
0.0065560363
0.0078063445
0.0090566527
0.0087440757
0.0084314986
0.0068686134
0.0062434593
0.0053057281
0.0049931511
0.0043679970
0.0046805740
0.0049931511
0.0037428429
0.0028051117
0.0034302658
0.0034302658
0.0037428429
0.0043679970
0.0049931511
0.0037428429
0.0037428429
0.0028051117
0.0034302658
0.0028051117
0.0024925347
0.0012422265
0.0003044953
-0.0006332358
-0.0025086981
-0.0040715833
-0.0046967374
-0.0046967374
-0.0025086981
-0.0003206588
0.0024925347
0.0056183052
0.0078063445
0.0087440757
0.0087440757
0.0081189216
0.0074937675
0.0062434593
0.0053057281
0.0034302658
0.0012422265
-0.0012583899
-0.0037590063
-0.0059470456
-0.0078225079
-0.0090728161
-0.0115734325
-0.0121985866
-0.0128237407
-0.0121985866
-0.0109482784
-0.0078225079
-0.0040715833
-0.0003206588
0.0024925347
0.0040554199
0.0037428429
0.0028051117
0.0018673806
0.0012422265
-0.0003206588
-0.0025086981
-0.0037590063
-0.0046967374
-0.0050093145
-0.0040715833
-0.0034464292
-0.0025086981
-0.0021961210
-0.0021961210
-0.0025086981
-0.0021961210
-0.0025086981
-0.0028212751
-0.0025086981
-0.0015709670
-0.0009458129
0.0009296494
0.0024925347
0.0040554199
0.0053057281
0.0049931511
0.0043679970
0.0034302658
0.0028051117
0.0018673806
0.0021799576
0.0024925347
0.0024925347
0.0009296494
-0.0000080817
-0.0025086981
-0.0050093145
-0.0071973538
-0.0087602391
-0.0087602391
-0.0075099309
-0.0065721997
-0.0062596227
-0.0059470456
-0.0056344686
-0.0065721997
-0.0065721997
-0.0068847768
-0.0062596227
-0.0056344686
-0.0050093145
-0.0046967374
-0.0043841604
-0.0025086981
-0.0012583899
-0.0000080817
0.0012422265
0.0015548035
0.0024925347
0.0024925347
0.0015548035
-0.0012583899
-0.0037590063
-0.0056344686
-0.0075099309
-0.0087602391
0.0162459249
1.5963237926
4.5898838760
5.0396850120
3.4455339851
0.8036277092
-0.4601214468
-0.5435794999
-0.5492058854
-0.5492058854
-0.5467052696
-0.5426417690
1.3915855926
2.3708910119
2.0420593236
1.3493876480
0.5988896503
0.0925147271
-0.1900549183
-0.2516325902
-0.2700746337
-0.2588218614
-0.2038083071
-0.1134735472
-0.0568971038
-0.0568971038
-0.0559593727
-0.0625234905
-0.0322035175
-0.0556467956
-0.1015956199
-0.1216005499
-0.1034710821
-0.0747139950
-0.0912805778
-0.1125358161
-0.1147238553
-0.0987824267
-0.1103477768
-0.1397300176
-0.1575469080
-0.1353539392
