-0.0018199338
-0.0015072992
-0.0015072992
-0.0011946646
-0.0018199338
-0.0008820299
-0.0015072992
-0.0018199338
-0.0011946646
-0.0015072992
-0.0015072992
-0.0011946646
-0.0015072992
-0.0015072992
-0.0011946646
-0.0015072992
-0.0011946646
-0.0011946646
-0.0015072992
-0.0015072992
-0.0015072992
-0.0011946646
-0.0015072992
-0.0015072992
-0.0018199338
-0.0011946646
-0.0011946646
-0.0015072992
-0.0015072992
-0.0008820299
-0.0011946646
-0.0011946646
-0.0018199338
-0.0011946646
-0.0011946646
-0.0011946646
-0.0015072992
-0.0008820299
-0.0015072992
-0.0011946646
-0.0015072992
-0.0011946646
-0.0015072992
-0.0018199338
-0.0011946646
-0.0018199338
-0.0015072992
-0.0018199338
-0.0015072992
-0.0018199338
-0.0011946646
-0.0015072992
-0.0011946646
-0.0015072992
-0.0015072992
-0.0018199338
-0.0015072992
-0.0011946646
-0.0015072992
-0.0018199338
-0.0015072992
-0.0011946646
-0.0015072992
-0.0011946646
-0.0011946646
-0.0015072992
-0.0018199338
-0.0011946646
-0.0015072992
-0.0011946646
-0.0011946646
-0.0015072992
-0.0011946646
-0.0015072992
-0.0015072992
-0.0011946646
-0.0008820299
-0.0011946646
-0.0015072992
-0.0018199338
-0.0011946646
-0.0011946646
-0.0011946646
-0.0015072992
-0.0011946646
-0.0018199338
-0.0015072992
-0.0011946646
-0.0011946646
-0.0011946646
-0.0015072992
-0.0021325685
-0.0011946646
-0.0011946646
-0.0015072992
-0.0011946646
-0.0015072992
-0.0015072992
-0.0018199338
-0.0015072992
-0.0015072992
-0.0011946646
-0.0015072992
-0.0018199338
-0.0015072992
-0.0015072992
-0.0018199338
-0.0015072992
-0.0011946646
-0.0011946646
-0.0011946646
-0.0011946646
-0.0018199338
-0.0008820299
-0.0018199338
-0.0015072992
-0.0015072992
-0.0015072992
-0.0011946646
-0.0011946646
-0.0008820299
-0.0011946646
-0.0015072992
-0.0015072992
-0.0015072992
-0.0011946646
-0.0011946646
-0.0011946646
-0.0015072992
-0.0008820299
-0.0018199338
-0.0011946646
-0.0011946646
-0.0011946646
-0.0015072992
-0.0011946646
-0.0015072992
-0.0011946646
-0.0015072992
-0.0015072992
-0.0011946646
-0.0011946646
-0.0015072992
-0.0011946646
-0.0015072992
-0.0018199338
-0.0011946646
-0.0015072992
-0.0011946646
-0.0015072992
-0.0015072992
-0.0015072992
-0.0018199338
-0.0011946646
-0.0015072992
-0.0011946646
-0.0011946646
-0.0015072992
-0.0011946646
-0.0011946646
-0.0015072992
-0.0018199338
-0.0011946646
-0.0011946646
-0.0015072992
-0.0015072992
-0.0015072992
-0.0011946646
-0.0011946646
-0.0018199338
-0.0011946646
-0.0015072992
-0.0008820299
-0.0018199338
-0.0015072992
-0.0018199338
-0.0015072992
-0.0015072992
-0.0015072992
-0.0015072992
-0.0015072992
-0.0011946646
-0.0011946646
-0.0015072992
-0.0015072992
-0.0015072992
-0.0011946646
-0.0015072992
-0.0018199338
-0.0015072992
-0.0011946646
-0.0011946646
-0.0011946646
-0.0018199338
-0.0015072992
-0.0011946646
-0.0015072992
-0.0011946646
-0.0011946646
-0.0015072992
-0.0011946646
-0.0011946646
-0.0011946646
-0.0015072992
-0.0011946646
-0.0011946646
-0.0011946646
-0.0008820299
-0.0015072992
-0.0015072992
-0.0018199338
-0.0015072992
-0.0015072992
-0.0011946646
-0.0015072992
-0.0015072992
-0.0011946646
-0.0011946646
-0.0011946646
-0.0015072992
-0.0015072992
-0.0011946646
-0.0015072992
-0.0021325685
-0.0015072992
-0.0015072992
-0.0015072992
-0.0008820299
-0.0018199338
-0.0011946646
-0.0015072992
-0.0015072992
-0.0011946646
-0.0011946646
-0.0015072992
-0.0015072992
-0.0011946646
-0.0015072992
-0.0011946646
-0.0011946646
-0.0018199338
-0.0015072992
-0.0011946646
-0.0008820299
-0.0011946646
-0.0018199338
-0.0015072992
-0.0011946646
-0.0015072992
-0.0011946646
-0.0018199338
-0.0015072992
-0.0015072992
-0.0011946646
-0.0011946646
-0.0011946646
-0.0011946646
-0.0015072992
-0.0018199338
-0.0011946646
-0.0015072992
-0.0011946646
-0.0011946646
-0.0015072992
-0.0011946646
-0.0015072992
-0.0015072992
-0.0011946646
-0.0011946646
-0.0018199338
-0.0011946646
-0.0015072992
-0.0015072992
-0.0015072992
-0.0011946646
-0.0011946646
-0.0021325685
-0.0018199338
-0.0011946646
-0.0015072992
-0.0015072992
-0.0015072992
-0.0015072992
-0.0018199338
-0.0018199338
-0.0008820299
-0.0021325685
-0.0015072992
-0.0015072992
-0.0011946646
-0.0015072992
-0.0011946646
-0.0015072992
-0.0011946646
-0.0011946646
-0.0011946646
-0.0018199338
-0.0015072992
-0.0011946646
-0.0011946646
-0.0015072992
-0.0011946646
-0.0011946646
-0.0008820299
-0.0015072992
-0.0011946646
-0.0011946646
-0.0018199338
-0.0021325685
-0.0018199338
-0.0015072992
-0.0015072992
-0.0015072992
-0.0011946646
-0.0011946646
-0.0005693953
-0.0011946646
-0.0018199338
-0.0018199338
-0.0008820299
-0.0008820299
-0.0018199338
-0.0024452031
-0.0015072992
-0.0005693953
-0.0005693953
-0.0015072992
-0.0027578378
-0.0021325685
-0.0008820299
-0.0021325685
-0.0024452031
-0.0030704724
-0.0021325685
-0.0008820299
-0.0015072992
-0.0011946646
-0.0018199338
-0.0002567606
-0.0008820299
-0.0021325685
-0.0027578378
-0.0008820299
-0.0002567606
-0.0008820299
-0.0024452031
-0.0021325685
0.5527940531
2.4701857787
4.0039793477
4.1621736541
2.9716537412
1.1880681909
-0.2638077423
-0.5264207791
-0.5433030446
-0.5439283137
-0.5423651410
-0.5411146028
-0.5392387955
0.3589604976
1.6260700132
1.7039161924
1.2080768334
0.5287211741
-0.0324581286
-0.3510327907
-0.4157481465
-0.2963217393
-0.0212032817
0.3029988810
0.5246569218
0.5512308792
0.4246137946
0.2636069067
0.0910325588
-0.0493403990
-0.1278116899
-0.1471950360
-0.1221842668
-0.0809164966
-0.0396487253
-0.0177643006
0.0028695858
0.0013064126
-0.0218285509
-0.0487151297
-0.0662226691
-0.0793533235
-0.0912334393
-0.0956103240
-0.0877944584
-0.0774775157
-0.0709121885
-0.0659100345
-0.0627836882
-0.0618457843
-0.0724753617
-0.0827923044
-0.0915460739
-0.1043640934
-0.1081157089
-0.1028009203
-0.0959229586
-0.0831049390
-0.0677858422
-0.0543425531
-0.0459014180
-0.0408992638
-0.0387108214
-0.0430877063
-0.0496530336
-0.0546551877
-0.0580941687
-0.0612205150
-0.0618457843
-0.0584068033
-0.0571562648
-0.0593447072
-0.0555930916
-0.0518414760
-0.0540299185
-0.0634089574
-0.0746638041
-0.0815417659
-0.0812291313
-0.0740385348
-0.0580941687
-0.0424624370
-0.0299570515
-0.0230790895
-0.0218285509
-0.0280812437
-0.0387108214
-0.0480898604
-0.0593447072
-0.0674732076
-0.0709121885
-0.0690363808
-0.0668479383
-0.0637215920
-0.0593447072
-0.0593447072
-0.0584068033
-0.0580941687
-0.0524667453
-0.0462140526
-0.0449635141
-0.0477772258
-0.0524667453
-0.0549678224
-0.0577815341
-0.0587194380
-0.0609078804
-0.0596573418
-0.0568436302
-0.0527793799
-0.0502783029
-0.0471519565
-0.0468393219
-0.0474645912
-0.0474645912
-0.0493403990
-0.0493403990
-0.0518414760
-0.0540299185
-0.0559057263
-0.0540299185
-0.0493403990
-0.0437129756
-0.0362097443
-0.0308949555
-0.0249548973
-0.0187022045
-0.0086978960
-0.0040083763
-0.0090105306
0.3880355287
1.5285278265
2.1588006990
2.0653226843
1.4775682926
0.6569014462
-0.1325012091
-0.5198554536
-0.5526820809
-0.5539326191
-0.5536199845
-0.5514315427
-0.5489304664
-0.2941332973
0.3996030143
0.6881649299
0.6128199361
0.2979967255
-0.0027578378
-0.2519276278
-0.3500948870
-0.3826088825
-0.2822531830
-0.1178073821
-0.0321454940
0.0038074898
0.0400731092
0.0588311885
0.1154180630
0.1688785931
0.2292170890
0.2214012215
0.1272981806
0.0222529340
-0.0605952457
-0.1371907284
-0.1822101123
-0.1859617275
-0.1509466514
-0.0802912274
-0.0559057263
-0.0574688994
-0.0712248232
-0.0824796698
-0.1118673243
-0.1546982667
-0.1668910165
-0.1400044399
-0.1484455745
-0.1459444976
-0.1184326514
-0.0665353037
-0.0293317823
0.0028695858
0.0272550884
0.0435120904
0.0453878983
0.0485142448
0.0378846666
0.0160002410
0.0047453937
-0.0252675320
-0.0443382448
-0.0702869193
-0.1059272666
-0.1697047280
-0.2244157835
-0.2181630915
-0.1565740744
-0.0799785927
-0.0036957417
0.0588311885
0.0875935774
0.0866556735
0.0550795726
-0.0093231653
-0.0846681121
-0.1278116899
-0.1359401899
-0.1253106130
-0.1099915166
-0.1046767281
-0.0824796698
-0.0527793799
-0.0130747810
0.0178760489
0.0094349134
-0.0477772258
-0.0971734971
-0.1550109013
-0.2312937446
-0.2835037214
-0.3107029302
-0.2694351649
-0.1894007082
-0.0821670351
0.0156876064
0.0800903455
0.1172938710
0.1226086605
0.0950968094
0.0494521488
0.0272550884
0.0059959323
-0.0146379542
-0.0061968189
0.0150623371
0.0219402993
0.0025569512
-0.0474645912
-0.1053019973
-0.1506340168
-0.1631394012
-0.1312506707
-0.1059272666
-0.0940471509
-0.0705995539
-0.0283938784
-0.0146379542
-0.0212032817
-0.0349592057
-0.0484024951
-0.0455887834
-0.0283938784
-0.0005693953
0.0216276647
0.0172507796
-0.0049462803
-0.0093231653
-0.0133874156
-0.0243296281
-0.0377729175
-0.0530920146
-0.0640342267
-0.0690363808
-0.0737259002
-0.0693490154
-0.0655973998
-0.0721627270
-0.0712248232
-0.0596573418
-0.0308949555
0.0013064126
0.0050580284
-0.0358971097
-0.1087409781
-0.1659531127
-0.1912765158
-0.1865869967
-0.1628267666
-0.1121799590
-0.0599699765
-0.0255801666
-0.0011946646
0.0266298191
0.0419489171
0.0100601827
-0.0296444169
-0.0509035721
-0.0455887834
-0.0374602828
-0.0383981867
-0.0412118985
-0.0412118985
-0.0421498024
-0.0212032817
0.0410110131
0.0735250176
0.0682102283
0.0447626290
0.0013064126
-0.0493403990
-0.0934218816
-0.1084283435
-0.0943597855
-0.0827923044
-0.0756017080
-0.0634089574
-0.0518414760
-0.0449635141
-0.0365223789
-0.0280812437
-0.0321454940
-0.0468393219
-0.0524667453
-0.0477772258
-0.0496530336
-0.0790406889
-0.1259358822
-0.1537603629
-0.1459444976
-0.1115546897
-0.0806038620
-0.0596573418
-0.0530920146
-0.0474645912
-0.0305823208
-0.0212032817
-0.0312075901
-0.0452761487
-0.0518414760
-0.0512162068
-0.0302696862
0.0019316819
0.0378846666
0.0603943618
0.0575806499
0.0513279568
0.0406983785
0.0103728173
-0.0318328594
-0.0643468613
-0.0940471509
-0.1293748630
-0.1550109013
-0.1690794588
-0.1481329399
-0.0824796698
-0.0008820299
0.0607069965
0.0835293268
0.0657091510
0.0366341280
-0.0030704724
-0.0618457843
-0.1259358822
-0.1659531127
-0.1712679010
-0.1456318629
-0.0924839778
-0.0402739946
-0.0002567606
0.0034948551
-0.0052589149
0.0025569512
0.0116233559
0.0069338362
0.0047453937
0.0025569512
-0.0058841842
-0.0293317823
-0.0568436302
-0.0781027850
-0.0959229586
-0.1053019973
-0.0962355933
-0.0565309955
-0.0099484346
0.0285056270
0.0322572428
-0.0027578378
-0.0421498024
-0.0737259002
-0.0915460739
-0.0877944584
-0.0777901504
-0.0715374578
-0.0521541107
-0.0040083763
0.0375720319
0.0416362824
0.0178760489
0.0019316819
-0.0108863385
-0.0271433398
-0.0280812437
-0.0271433398
-0.0265180705
-0.0337086672
-0.0265180705
-0.0115116078
0.0003685087
-0.0099484346
-0.0302696862
-0.0399613599
-0.0537172838
-0.0693490154
-0.0781027850
-0.0840428429
-0.0809164966
-0.0671605730
-0.0380855521
0.0028695858
0.0438247250
0.0716492096
0.0794650762
0.0607069965
0.0216276647
-0.0193274738
-0.0534046492
-0.0790406889
-0.0909208046
-0.0931092470
-0.0887323623
-0.0737259002
-0.0555930916
-0.0358971097
-0.0221411856
-0.0111989731
-0.0002567606
-0.0036957417
-0.0237043588
-0.0505909375
-0.0702869193
-0.0837302083
-0.0771648811
-0.0649721306
-0.0627836882
-0.0568436302
-0.0462140526
-0.0268307052
-0.0074473574
-0.0083852614
-0.0202653777
-0.0440256102
-0.0715374578
-0.0890449969
-0.0787280542
-0.0487151297
-0.0183895699
0.0100601827
0.0338204161
0.0475763409
0.0428868210
0.0331951468
0.0213150300
0.0003685087
-0.0202653777
-0.0371476482
-0.0459014180
-0.0462140526
-0.0440256102
-0.0430877063
-0.0530920146
-0.0690363808
-0.0793533235
-0.0899829008
-0.1012377472
-0.1043640934
-0.0824796698
-0.0377729175
0.0003685087
0.0235034726
0.0366341280
0.0378846666
0.0266298191
0.0138117985
-0.0124495117
-0.0321454940
-0.0408992638
-0.0534046492
-0.0787280542
-0.1146810359
-0.1490708437
-0.1659531127
-0.1437560553
-0.0871691891
-0.0233917241
0.0322572428
0.0653965164
0.0854051348
0.0919704628
0.0763387295
0.0482016102
0.0156876064
-0.0074473574
-0.0237043588
-0.0318328594
-0.0405866292
-0.0462140526
-0.0471519565
-0.0527793799
-0.0612205150
-0.0618457843
-0.0484024951
-0.0365223789
-0.0321454940
-0.0199527431
-0.0061968189
-0.0108863385
-0.0333960326
-0.0649721306
-0.0809164966
-0.0802912274
-0.0756017080
-0.0677858422
-0.0559057263
-0.0330833979
-0.0130747810
0.0013064126
0.0203771261
0.0319446082
0.0275677231
0.0038074898
-0.0215159163
-0.0293317823
-0.0105737039
0.0172507796
0.0335077814
0.0328825121
0.0210023954
-0.0033831071
-0.0262054359
-0.0405866292
-0.0471519565
-0.0540299185
-0.0652847652
-0.0749764387
-0.0812291313
-0.0868565545
-0.0931092470
-0.0965482279
-0.0962355933
-0.0981114010
-0.0956103240
-0.0709121885
-0.0252675320
0.0138117985
0.0422615517
0.0616449005
0.0613322658
0.0444499943
0.0191265875
0.0019316819
-0.0040083763
-0.0133874156
-0.0158884928
-0.0193274738
-0.0296444169
-0.0346465711
-0.0377729175
-0.0327707633
-0.0290191476
-0.0240169934
-0.0221411856
-0.0237043588
-0.0280812437
-0.0280812437
-0.0162011274
-0.0055715496
-0.0055715496
-0.0086978960
-0.0143253196
-0.0155758581
-0.0086978960
0.0019316819
-0.0108863385
-0.0362097443
-0.0515288414
-0.0540299185
-0.0424624370
-0.0287065130
-0.0240169934
-0.0265180705
-0.0302696862
-0.0321454940
-0.0265180705
-0.0227664549
-0.0265180705
-0.0318328594
-0.0349592057
-0.0349592057
-0.0352718404
-0.0399613599
-0.0387108214
-0.0312075901
-0.0315202247
-0.0355844750
-0.0346465711
-0.0293317823
-0.0133874156
0.0063085669
0.0175634143
0.0156876064
0.0106854520
0.0075591055
0.0034948551
0.0006811433
-0.0030704724
-0.0124495117
-0.0180769353
-0.0202653777
-0.0140126849
-0.0149505888
-0.0246422627
-0.0355844750
-0.0530920146
-0.0627836882
-0.0605952457
-0.0509035721
-0.0430877063
-0.0352718404
-0.0171390313
0.0013064126
0.0103728173
0.0050580284
-0.0046336456
-0.0105737039
-0.0158884928
-0.0205780124
-0.0224538202
-0.0240169934
-0.0274559744
-0.0312075901
-0.0265180705
-0.0143253196
-0.0096357999
-0.0055715496
0.0022443165
0.0156876064
0.0303814349
0.0256919151
0.0075591055
-0.0080726267
-0.0246422627
-0.0499656682
-0.0740385348
-0.0821670351
-0.0677858422
-0.0434003409
-0.0280812437
-0.0224538202
-0.0171390313
-0.0111989731
-0.0093231653
-0.0033831071
-0.0065094535
-0.0212032817
-0.0277686091
-0.0165137620
-0.0049462803
-0.0074473574
-0.0205780124
-0.0352718404
-0.0505909375
-0.0690363808
-0.0705995539
-0.0593447072
-0.0405866292
-0.0133874156
0.0050580284
0.0185013182
0.0203771261
0.0119359906
0.0084970095
0.0056832976
-0.0046336456
-0.0146379542
-0.0308949555
-0.0434003409
-0.0459014180
-0.0321454940
-0.0140126849
0.0038074898
0.0200644914
0.0231908379
0.0181886835
0.0084970095
-0.0027578378
-0.0174516660
-0.0383981867
-0.0574688994
-0.0580941687
-0.0496530336
-0.0405866292
-0.0299570515
-0.0152632235
-0.0046336456
-0.0015072992
0.0038074898
0.0084970095
0.0128738945
0.0053706630
-0.0011946646
-0.0036957417
-0.0061968189
-0.0086978960
-0.0080726267
-0.0068220881
-0.0068220881
-0.0111989731
-0.0202653777
-0.0252675320
-0.0287065130
-0.0352718404
-0.0421498024
-0.0459014180
-0.0452761487
-0.0424624370
-0.0430877063
-0.0462140526
-0.0499656682
-0.0502783029
-0.0449635141
-0.0340213018
-0.0277686091
-0.0237043588
-0.0099484346
0.0069338362
0.0169381450
0.0225655686
0.0222529340
0.0188139528
0.0138117985
0.0084970095
0.0053706630
-0.0008820299
-0.0049462803
-0.0065094535
-0.0108863385
-0.0168263967
-0.0218285509
-0.0274559744
-0.0340213018
-0.0402739946
-0.0434003409
-0.0430877063
-0.0352718404
-0.0215159163
-0.0152632235
-0.0187022045
-0.0233917241
-0.0224538202
-0.0227664549
-0.0252675320
-0.0249548973
-0.0221411856
-0.0218285509
-0.0190148392
-0.0143253196
-0.0036957417
0.0119359906
0.0191265875
0.0175634143
0.0059959323
-0.0068220881
-0.0205780124
-0.0333960326
-0.0430877063
-0.0443382448
-0.0374602828
-0.0230790895
-0.0155758581
-0.0155758581
-0.0127621464
-0.0105737039
-0.0137000503
-0.0208906470
-0.0233917241
-0.0208906470
-0.0190148392
-0.0133874156
-0.0036957417
-0.0027578378
-0.0074473574
-0.0090105306
-0.0137000503
-0.0149505888
-0.0086978960
-0.0086978960
-0.0168263967
-0.0258928012
-0.0262054359
-0.0215159163
-0.0152632235
-0.0127621464
-0.0121368771
-0.0111989731
-0.0171390313
-0.0255801666
-0.0240169934
-0.0183895699
-0.0158884928
-0.0165137620
-0.0180769353
-0.0199527431
-0.0183895699
-0.0162011274
-0.0105737039
-0.0083852614
-0.0115116078
-0.0168263967
-0.0183895699
-0.0155758581
-0.0080726267
0.0044327591
0.0116233559
0.0106854520
0.0091222788
0.0044327591
0.0009937780
-0.0005693953
-0.0036957417
-0.0111989731
-0.0183895699
-0.0205780124
-0.0205780124
-0.0193274738
-0.0215159163
-0.0230790895
-0.0240169934
-0.0218285509
-0.0099484346
0.0028695858
0.0147497024
0.0210023954
0.0178760489
0.0078717402
-0.0046336456
-0.0205780124
-0.0352718404
-0.0421498024
-0.0430877063
-0.0374602828
-0.0318328594
-0.0224538202
-0.0083852614
0.0028695858
0.0109980866
0.0175634143
0.0147497024
0.0016190473
-0.0140126849
-0.0258928012
-0.0324581286
-0.0352718404
-0.0330833979
-0.0283938784
-0.0240169934
-0.0165137620
-0.0021325685
0.0097475481
0.0178760489
0.0213150300
0.0181886835
0.0119359906
0.0019316819
-0.0096357999
-0.0205780124
-0.0265180705
-0.0274559744
-0.0243296281
-0.0190148392
-0.0118242424
-0.0030704724
0.0016190473
0.0000558740
-0.0015072992
-0.0015072992
-0.0086978960
-0.0224538202
-0.0377729175
-0.0493403990
-0.0505909375
-0.0443382448
-0.0312075901
-0.0180769353
-0.0074473574
-0.0027578378
-0.0024452031
-0.0033831071
-0.0024452031
-0.0036957417
-0.0077599921
-0.0146379542
-0.0183895699
-0.0152632235
-0.0040083763
0.0116233559
0.0188139528
0.0178760489
0.0156876064
0.0116233559
0.0063085669
0.0031822205
0.0009937780
-0.0065094535
-0.0199527431
-0.0327707633
-0.0393360907
-0.0377729175
-0.0308949555
-0.0221411856
-0.0180769353
-0.0237043588
-0.0390234560
-0.0515288414
-0.0524667453
-0.0412118985
-0.0221411856
0.0016190473
0.0197518568
0.0244413765
0.0163128757
0.0006811433
0.0009937780
0.0260045498
0.0538290340
0.0663344204
0.0607069965
0.0366341280
0.0041201244
-0.0315202247
-0.0624710535
-0.0874818238
-0.1021756511
-0.0971734971
-0.0749764387
-0.0440256102
-0.0058841842
0.0272550884
0.0388225705
0.0319446082
0.0175634143
0.0034948551
-0.0061968189
-0.0061968189
0.0041201244
0.0131865292
0.0144370678
0.0025569512
-0.0237043588
-0.0465266873
-0.0562183609
-0.0584068033
-0.0530920146
-0.0377729175
-0.0099484346
0.0156876064
0.0222529340
0.0128738945
-0.0008820299
-0.0105737039
-0.0055715496
0.0150623371
0.0431994557
0.0700860363
0.0819661535
0.0657091510
0.0235034726
-0.0365223789
-0.0912334393
-0.1224969014
-0.1203084591
-0.0981114010
-0.0712248232
-0.0327707633
0.0081843748
0.0463258023
0.0804029802
0.1022874068
0.1038505802
0.0813408842
0.0325698775
-0.0224538202
-0.0593447072
-0.0690363808
-0.0624710535
-0.0505909375
-0.0337086672
-0.0152632235
0.0003685087
0.0188139528
0.0366341280
0.0435120904
0.0356962240
0.0166255103
-0.0093231653
-0.0405866292
-0.0709121885
-0.0874818238
-0.0849807468
-0.0571562648
-0.0158884928
0.0253792805
0.0566427459
0.0688354977
0.0591438232
0.0303814349
-0.0077599921
-0.0387108214
-0.0565309955
-0.0580941687
-0.0477772258
-0.0293317823
-0.0071347228
0.0059959323
0.0034948551
-0.0049462803
-0.0061968189
0.0013064126
0.0088096441
0.0134991638
0.0128738945
0.0006811433
-0.0187022045
-0.0321454940
-0.0324581286
-0.0268307052
-0.0190148392
-0.0058841842
0.0034948551
0.0019316819
-0.0055715496
-0.0096357999
-0.0074473574
-0.0055715496
-0.0015072992
0.0013064126
0.0034948551
0.0063085669
0.0053706630
0.0019316819
-0.0043210110
-0.0118242424
-0.0143253196
-0.0149505888
-0.0149505888
-0.0193274738
-0.0255801666
-0.0271433398
-0.0240169934
-0.0180769353
-0.0090105306
0.0003685087
0.0081843748
0.0128738945
0.0153749717
0.0131865292
0.0044327591
-0.0061968189
-0.0183895699
-0.0293317823
-0.0390234560
-0.0396487253
-0.0315202247
-0.0208906470
-0.0111989731
-0.0058841842
-0.0018199338
0.0044327591
0.0053706630
-0.0005693953
-0.0074473574
-0.0077599921
-0.0030704724
0.0063085669
0.0116233559
0.0047453937
-0.0083852614
-0.0162011274
-0.0149505888
-0.0008820299
0.0156876064
0.0310067042
0.0353835894
0.0260045498
0.0075591055
-0.0105737039
-0.0177643006
-0.0158884928
-0.0077599921
0.0025569512
0.0059959323
0.0028695858
0.0006811433
0.0016190473
0.0038074898
0.0003685087
-0.0121368771
-0.0255801666
-0.0308949555
-0.0293317823
-0.0271433398
-0.0258928012
-0.0280812437
-0.0293317823
-0.0246422627
-0.0115116078
0.0028695858
0.0113107213
0.0103728173
0.0056832976
-0.0015072992
-0.0096357999
-0.0121368771
-0.0071347228
0.0003685087
0.0069338362
0.0134991638
0.0191265875
0.0244413765
0.0253792805
0.0150623371
-0.0052589149
-0.0299570515
-0.0496530336
-0.0559057263
-0.0490277643
-0.0299570515
-0.0086978960
0.0069338362
0.0166255103
0.0250666458
0.0269424537
0.0169381450
0.0063085669
-0.0018199338
-0.0068220881
-0.0118242424
-0.0146379542
-0.0137000503
-0.0080726267
-0.0005693953
0.0031822205
-0.0021325685
-0.0124495117
-0.0212032817
-0.0243296281
-0.0230790895
-0.0221411856
-0.0221411856
-0.0193274738
-0.0099484346
0.0013064126
0.0091222788
0.0097475481
0.0019316819
-0.0083852614
-0.0171390313
-0.0202653777
-0.0162011274
-0.0055715496
0.0081843748
0.0213150300
0.0306940696
0.0375720319
0.0394478398
0.0297561656
0.0094349134
-0.0127621464
-0.0290191476
-0.0362097443
-0.0374602828
-0.0340213018
-0.0237043588
-0.0146379542
-0.0102610692
-0.0127621464
-0.0162011274
-0.0165137620
-0.0171390313
-0.0168263967
-0.0158884928
-0.0127621464
-0.0086978960
-0.0052589149
0.0009937780
0.0097475481
0.0150623371
0.0147497024
0.0125612599
0.0091222788
0.0053706630
0.0006811433
-0.0055715496
-0.0108863385
-0.0171390313
-0.0212032817
-0.0196401085
-0.0168263967
-0.0168263967
-0.0165137620
-0.0099484346
-0.0030704724
-0.0008820299
-0.0033831071
-0.0055715496
-0.0102610692
-0.0133874156
-0.0133874156
-0.0115116078
-0.0105737039
-0.0083852614
-0.0030704724
0.0000558740
0.0019316819
0.0050580284
0.0109980866
0.0169381450
0.0194392221
0.0163128757
0.0103728173
0.0044327591
-0.0033831071
-0.0093231653
-0.0124495117
-0.0124495117
-0.0146379542
-0.0174516660
-0.0177643006
-0.0177643006
-0.0155758581
-0.0105737039
-0.0049462803
-0.0040083763
-0.0055715496
-0.0040083763
-0.0036957417
-0.0046336456
-0.0065094535
-0.0077599921
-0.0086978960
-0.0099484346
-0.0093231653
-0.0071347228
-0.0024452031
0.0038074898
0.0116233559
0.0153749717
0.0122486252
0.0028695858
-0.0099484346
-0.0208906470
-0.0258928012
-0.0252675320
-0.0174516660
-0.0043210110
0.0078717402
0.0160002410
0.0172507796
0.0131865292
0.0066212016
-0.0021325685
-0.0111989731
-0.0168263967
-0.0127621464
-0.0033831071
0.0034948551
0.0053706630
0.0041201244
0.0022443165
0.0003685087
-0.0005693953
0.0022443165
0.0038074898
0.0016190473
-0.0052589149
-0.0146379542
-0.0233917241
-0.0274559744
-0.0287065130
-0.0268307052
-0.0180769353
-0.0049462803
0.0075591055
0.0163128757
0.0206897607
0.0216276647
0.0169381450
0.0078717402
-0.0018199338
-0.0077599921
-0.0065094535
-0.0021325685
0.0009937780
-0.0008820299
-0.0065094535
-0.0118242424
-0.0121368771
-0.0093231653
-0.0061968189
-0.0049462803
-0.0033831071
-0.0018199338
-0.0018199338
-0.0021325685
0.0003685087
0.0022443165
0.0041201244
0.0044327591
0.0028695858
0.0003685087
-0.0008820299
-0.0024452031
-0.0046336456
-0.0052589149
-0.0036957417
-0.0030704724
-0.0030704724
-0.0018199338
-0.0008820299
-0.0033831071
-0.0068220881
-0.0090105306
-0.0102610692
-0.0083852614
-0.0043210110
-0.0008820299
-0.0002567606
-0.0005693953
0.0003685087
0.0000558740
-0.0040083763
-0.0065094535
-0.0093231653
-0.0096357999
-0.0080726267
-0.0046336456
-0.0033831071
-0.0061968189
-0.0065094535
-0.0030704724
0.0028695858
0.0078717402
0.0119359906
0.0103728173
0.0041201244
-0.0011946646
-0.0040083763
-0.0061968189
-0.0099484346
-0.0124495117
-0.0133874156
-0.0137000503
-0.0111989731
-0.0077599921
-0.0061968189
-0.0061968189
-0.0068220881
-0.0055715496
-0.0046336456
-0.0043210110
-0.0040083763
-0.0024452031
-0.0018199338
-0.0033831071
-0.0058841842
-0.0074473574
-0.0068220881
-0.0033831071
0.0025569512
0.0069338362
0.0056832976
-0.0011946646
-0.0096357999
-0.0137000503
-0.0130747810
-0.0099484346
-0.0058841842
-0.0027578378
-0.0005693953
0.0003685087
-0.0008820299
-0.0030704724
-0.0071347228
-0.0096357999
-0.0077599921
-0.0040083763
0.0013064126
0.0075591055
0.0141244331
0.0138117985
0.0075591055
0.0013064126
-0.0015072992
-0.0018199338
-0.0046336456
-0.0093231653
-0.0105737039
-0.0074473574
-0.0005693953
0.0063085669
0.0100601827
0.0103728173
0.0069338362
0.0016190473
-0.0058841842
-0.0121368771
-0.0162011274
-0.0171390313
-0.0143253196
-0.0093231653
-0.0036957417
-0.0015072992
-0.0011946646
-0.0024452031
-0.0049462803
-0.0068220881
-0.0061968189
-0.0033831071
-0.0005693953
0.0016190473
0.0031822205
0.0066212016
0.0081843748
0.0056832976
0.0009937780
-0.0033831071
-0.0055715496
-0.0052589149
-0.0049462803
-0.0074473574
-0.0130747810
-0.0171390313
-0.0177643006
-0.0155758581
-0.0086978960
-0.0008820299
0.0034948551
0.0031822205
0.0000558740
-0.0011946646
0.0003685087
0.0025569512
0.0066212016
0.0103728173
0.0125612599
0.0103728173
0.0056832976
-0.0005693953
-0.0065094535
-0.0115116078
-0.0165137620
-0.0187022045
-0.0171390313
-0.0143253196
-0.0102610692
-0.0061968189
-0.0018199338
0.0025569512
0.0056832976
0.0038074898
-0.0018199338
-0.0052589149
-0.0043210110
-0.0027578378
-0.0024452031
-0.0036957417
-0.0018199338
0.0028695858
0.0078717402
0.0081843748
0.0056832976
0.0050580284
0.0038074898
0.0009937780
-0.0015072992
-0.0024452031
-0.0008820299
0.0016190473
-0.0015072992
-0.0068220881
-0.0105737039
-0.0111989731
-0.0090105306
-0.0068220881
-0.0033831071
-0.0002567606
0.0038074898
0.0063085669
0.0078717402
0.0097475481
0.0119359906
0.0138117985
0.0100601827
0.0006811433
-0.0121368771
-0.0227664549
-0.0268307052
-0.0240169934
-0.0171390313
-0.0061968189
0.0034948551
0.0097475481
0.0125612599
0.0116233559
0.0109980866
0.0091222788
0.0041201244
-0.0008820299
-0.0065094535
-0.0077599921
-0.0055715496
-0.0024452031
-0.0024452031
-0.0058841842
-0.0096357999
-0.0111989731
-0.0108863385
-0.0102610692
-0.0099484346
-0.0086978960
-0.0058841842
-0.0021325685
-0.0021325685
-0.0027578378
0.0006811433
0.0075591055
0.0150623371
0.0203771261
0.0213150300
0.0156876064
0.0034948551
-0.0102610692
-0.0212032817
-0.0271433398
-0.0262054359
-0.0196401085
-0.0065094535
0.0078717402
0.0203771261
0.0300688003
0.0322572428
0.0269424537
0.0153749717
0.0038074898
-0.0055715496
-0.0130747810
-0.0174516660
-0.0180769353
-0.0158884928
-0.0140126849
-0.0121368771
-0.0074473574
-0.0011946646
0.0063085669
0.0106854520
0.0094349134
0.0034948551
-0.0036957417
-0.0102610692
-0.0140126849
-0.0149505888
-0.0115116078
-0.0074473574
-0.0018199338
0.0025569512
0.0038074898
0.0038074898
0.0022443165
0.0003685087
-0.0021325685
-0.0061968189
-0.0086978960
-0.0090105306
-0.0071347228
-0.0055715496
-0.0027578378
0.0000558740
0.0025569512
0.0038074898
0.0038074898
0.0044327591
0.0044327591
0.0059959323
0.0072464709
0.0075591055
0.0066212016
0.0050580284
0.0031822205
0.0000558740
-0.0055715496
-0.0096357999
-0.0108863385
-0.0108863385
-0.0108863385
-0.0093231653
-0.0074473574
-0.0036957417
0.0006811433
0.0028695858
0.0013064126
-0.0015072992
-0.0036957417
-0.0049462803
-0.0061968189
-0.0036957417
-0.0011946646
0.0016190473
0.0038074898
0.0044327591
0.0050580284
0.0050580284
0.0041201244
0.0003685087
-0.0043210110
-0.0086978960
-0.0124495117
-0.0152632235
-0.0168263967
-0.0177643006
-0.0158884928
-0.0124495117
-0.0061968189
0.0006811433
0.0097475481
0.0181886835
0.0225655686
0.0197518568
0.0119359906
0.0034948551
-0.0024452031
-0.0080726267
-0.0137000503
-0.0158884928
-0.0137000503
-0.0080726267
-0.0018199338
0.0022443165
0.0028695858
0.0006811433
-0.0015072992
-0.0015072992
0.0013064126
0.0028695858
0.0013064126
-0.0018199338
-0.0055715496
-0.0083852614
-0.0102610692
-0.0086978960
-0.0058841842
-0.0011946646
0.0038074898
0.0063085669
0.0059959323
0.0041201244
0.0019316819
-0.0005693953
-0.0046336456
-0.0068220881
-0.0058841842
-0.0046336456
-0.0024452031
-0.0021325685
-0.0030704724
-0.0030704724
-0.0036957417
-0.0036957417
-0.0027578378
-0.0015072992
0.0003685087
0.0013064126
0.0016190473
0.0031822205
0.0031822205
0.0019316819
-0.0002567606
-0.0027578378
-0.0021325685
-0.0005693953
0.0006811433
0.0016190473
0.0034948551
0.0063085669
0.0063085669
0.0056832976
0.0031822205
0.0003685087
-0.0021325685
-0.0024452031
-0.0021325685
-0.0018199338
-0.0027578378
-0.0033831071
-0.0040083763
-0.0033831071
-0.0033831071
-0.0030704724
-0.0024452031
-0.0027578378
-0.0030704724
-0.0030704724
-0.0027578378
-0.0008820299
0.0019316819
0.0034948551
0.0034948551
0.0028695858
0.0009937780
-0.0018199338
-0.0046336456
-0.0065094535
-0.0074473574
-0.0052589149
-0.0015072992
0.0016190473
0.0038074898
0.0066212016
0.0081843748
0.0069338362
0.0044327591
0.0019316819
-0.0015072992
-0.0043210110
-0.0068220881
-0.0058841842
-0.0036957417
-0.0002567606
0.0031822205
0.0056832976
0.0059959323
0.0059959323
0.0069338362
0.0091222788
0.0116233559
0.0122486252
0.0097475481
0.0050580284
-0.0011946646
-0.0058841842
-0.0090105306
-0.0108863385
-0.0115116078
-0.0108863385
-0.0090105306
-0.0083852614
-0.0077599921
-0.0055715496
-0.0033831071
-0.0030704724
-0.0040083763
-0.0036957417
-0.0011946646
0.0019316819
0.0041201244
0.0038074898
0.0028695858
0.0013064126
-0.0002567606
-0.0018199338
-0.0027578378
-0.0015072992
0.0009937780
0.0047453937
0.0081843748
0.0097475481
0.0106854520
0.0088096441
0.0044327591
-0.0002567606
-0.0058841842
-0.0096357999
-0.0111989731
-0.0105737039
-0.0086978960
-0.0061968189
-0.0036957417
-0.0011946646
0.0022443165
0.0056832976
0.0084970095
0.0069338362
0.0022443165
-0.0036957417
-0.0080726267
-0.0099484346
-0.0099484346
-0.0086978960
-0.0068220881
-0.0033831071
0.0013064126
0.0028695858
0.0034948551
0.0013064126
-0.0021325685
-0.0046336456
-0.0046336456
-0.0033831071
-0.0030704724
-0.0027578378
-0.0011946646
0.0000558740
-0.0005693953
0.0000558740
0.0000558740
0.0003685087
-0.0005693953
-0.0021325685
-0.0024452031
-0.0011946646
0.0013064126
0.0034948551
0.0044327591
0.0044327591
0.0041201244
0.0031822205
0.0019316819
0.0000558740
-0.0018199338
-0.0027578378
-0.0027578378
-0.0024452031
-0.0030704724
-0.0052589149
-0.0080726267
-0.0105737039
-0.0108863385
-0.0093231653
-0.0052589149
0.0000558740
0.0041201244
0.0056832976
0.0047453937
0.0044327591
0.0031822205
0.0019316819
0.0000558740
-0.0021325685
-0.0030704724
-0.0040083763
-0.0040083763
-0.0040083763
-0.0030704724
-0.0021325685
-0.0005693953
0.0000558740
0.0009937780
0.0028695858
0.0031822205
0.0028695858
0.0025569512
0.0006811433
-0.0011946646
-0.0030704724
-0.0055715496
-0.0065094535
-0.0061968189
-0.0049462803
-0.0040083763
-0.0030704724
-0.0002567606
0.0031822205
0.0066212016
0.0078717402
0.0063085669
0.0041201244
0.0028695858
0.0025569512
0.0016190473
0.0013064126
0.0009937780
-0.0002567606
-0.0002567606
-0.0002567606
-0.0011946646
-0.0043210110
-0.0058841842
-0.0074473574
-0.0077599921
-0.0061968189
-0.0030704724
0.0003685087
0.0025569512
0.0022443165
0.0028695858
0.0050580284
0.0053706630
0.0050580284
0.0041201244
0.0016190473
0.0003685087
0.0000558740
0.0003685087
-0.0021325685
-0.0058841842
-0.0090105306
-0.0093231653
-0.0068220881
-0.0040083763
-0.0018199338
-0.0008820299
-0.0008820299
-0.0008820299
-0.0027578378
-0.0033831071
-0.0046336456
-0.0043210110
-0.0021325685
-0.0002567606
0.0019316819
0.0044327591
0.0072464709
0.0091222788
0.0100601827
0.0113107213
0.0109980866
0.0091222788
0.0063085669
0.0031822205
0.0016190473
-0.0002567606
-0.0027578378
-0.0065094535
-0.0090105306
-0.0099484346
-0.0096357999
-0.0090105306
-0.0086978960
-0.0083852614
-0.0077599921
-0.0065094535
-0.0036957417
-0.0005693953
0.0022443165
0.0038074898
0.0028695858
0.0009937780
-0.0015072992
-0.0005693953
0.0016190473
0.0025569512
0.0019316819
0.0013064126
0.0013064126
0.0009937780
0.0006811433
-0.0008820299
-0.0033831071
-0.0052589149
-0.0052589149
-0.0046336456
-0.0043210110
-0.0036957417
-0.0008820299
0.0025569512
0.0053706630
0.0053706630
0.0038074898
0.0013064126
-0.0030704724
-0.0052589149
-0.0055715496
-0.0024452031
0.0000558740
0.0016190473
0.0031822205
0.0053706630
0.0063085669
0.0066212016
0.0075591055
0.0097475481
0.0113107213
0.0097475481
0.0069338362
0.0031822205
-0.0018199338
-0.0061968189
-0.0083852614
-0.0093231653
-0.0080726267
-0.0052589149
-0.0021325685
0.0009937780
0.0022443165
0.0028695858
0.0022443165
0.0013064126
0.0000558740
-0.0018199338
-0.0036957417
-0.0052589149
-0.0049462803
-0.0027578378
-0.0002567606
0.0019316819
0.0034948551
0.0047453937
0.0050580284
0.0038074898
0.0013064126
-0.0008820299
-0.0033831071
-0.0049462803
-0.0058841842
-0.0040083763
-0.0005693953
0.0025569512
0.0041201244
0.0038074898
0.0025569512
0.0016190473
0.0000558740
-0.0002567606
-0.0005693953
-0.0008820299
0.0006811433
0.0009937780
0.0013064126
-0.0002567606
-0.0005693953
-0.0005693953
-0.0015072992
-0.0021325685
-0.0033831071
-0.0040083763
-0.0040083763
-0.0024452031
-0.0002567606
0.0016190473
0.0022443165
0.0031822205
0.0034948551
0.0038074898
0.0028695858
0.0022443165
0.0016190473
0.0006811433
0.0006811433
0.0013064126
0.0028695858
0.0044327591
0.0069338362
0.0075591055
0.0066212016
0.0038074898
0.0028695858
0.0013064126
-0.0015072992
-0.0033831071
-0.0052589149
-0.0061968189
-0.0071347228
-0.0061968189
-0.0043210110
-0.0030704724
-0.0015072992
-0.0008820299
-0.0021325685
-0.0033831071
-0.0052589149
-0.0049462803
-0.0036957417
-0.0021325685
-0.0008820299
0.0009937780
0.0025569512
0.0031822205
0.0025569512
0.0031822205
0.0041201244
0.0050580284
0.0053706630
0.0063085669
0.0059959323
0.0038074898
0.0009937780
-0.0011946646
-0.0021325685
-0.0024452031
-0.0018199338
-0.0011946646
-0.0005693953
0.0003685087
0.0009937780
0.0013064126
0.0016190473
0.0000558740
-0.0008820299
-0.0024452031
-0.0040083763
-0.0046336456
-0.0043210110
-0.0030704724
-0.0018199338
-0.0008820299
-0.0008820299
0.0000558740
0.0006811433
0.0016190473
0.0022443165
0.0028695858
0.0025569512
0.0022443165
0.0025569512
0.0031822205
0.0038074898
0.0044327591
0.0050580284
0.0053706630
0.0053706630
0.0025569512
-0.0015072992
-0.0040083763
-0.0061968189
-0.0077599921
-0.0080726267
-0.0068220881
-0.0049462803
-0.0011946646
0.0019316819
0.0047453937
0.0063085669
0.0053706630
0.0019316819
-0.0027578378
-0.0065094535
-0.0093231653
-0.0096357999
-0.0071347228
-0.0061968189
-0.0058841842
-0.0052589149
-0.0046336456
-0.0033831071
-0.0021325685
-0.0018199338
-0.0011946646
0.0000558740
0.0019316819
0.0025569512
0.0031822205
0.0016190473
0.0009937780
0.0003685087
0.0003685087
0.0022443165
0.0034948551
0.0044327591
0.0038074898
0.0016190473
0.0006811433
-0.0002567606
-0.0015072992
-0.0018199338
-0.0024452031
-0.0030704724
-0.0040083763
-0.0052589149
-0.0049462803
-0.0033831071
-0.0005693953
0.0028695858
0.0038074898
0.0047453937
0.0056832976
0.0063085669
0.0050580284
0.0028695858
0.0000558740
-0.0018199338
-0.0040083763
-0.0046336456
-0.0043210110
-0.0021325685
-0.0002567606
0.0006811433
0.0000558740
-0.0015072992
-0.0036957417
-0.0040083763
-0.0018199338
0.0009937780
0.0031822205
0.0041201244
0.0034948551
0.0013064126
-0.0008820299
-0.0030704724
-0.0033831071
-0.0021325685
-0.0011946646
-0.0015072992
-0.0015072992
0.0000558740
0.0019316819
0.0038074898
0.0053706630
0.0053706630
0.0041201244
0.0022443165
-0.0011946646
-0.0036957417
-0.0052589149
-0.0049462803
-0.0036957417
-0.0008820299
0.0013064126
0.0038074898
0.0044327591
0.0034948551
0.0013064126
-0.0008820299
-0.0033831071
-0.0043210110
-0.0043210110
-0.0033831071
-0.0018199338
-0.0005693953
-0.0002567606
0.0000558740
0.0003685087
-0.0002567606
-0.0002567606
0.0009937780
0.0019316819
0.0031822205
0.0034948551
0.0031822205
0.0031822205
0.0025569512
0.0019316819
0.0006811433
0.0000558740
0.0003685087
0.0013064126
0.0013064126
0.0009937780
0.0009937780
0.0000558740
0.0000558740
-0.0002567606
-0.0002567606
-0.0008820299
-0.0018199338
-0.0024452031
-0.0015072992
-0.0005693953
0.0013064126
0.0025569512
0.0038074898
0.0025569512
0.0019316819
0.0016190473
0.0016190473
0.0003685087
-0.0005693953
-0.0011946646
-0.0024452031
-0.0027578378
-0.0021325685
-0.0011946646
-0.0008820299
0.0006811433
0.0022443165
0.0038074898
0.0053706630
0.0066212016
0.0066212016
0.0066212016
0.0056832976
0.0031822205
0.0006811433
-0.0024452031
-0.0049462803
-0.0061968189
-0.0055715496
-0.0036957417
-0.0030704724
-0.0024452031
-0.0018199338
-0.0008820299
-0.0005693953
-0.0002567606
0.0000558740
0.0013064126
0.0025569512
0.0025569512
0.0031822205
0.0034948551
0.0025569512
0.0019316819
-0.0005693953
-0.0024452031
-0.0040083763
-0.0027578378
-0.0011946646
0.0000558740
0.0009937780
0.0006811433
-0.0008820299
-0.0021325685
-0.0036957417
-0.0033831071
-0.0018199338
-0.0015072992
0.0000558740
0.0009937780
0.0019316819
0.0022443165
0.0028695858
0.0034948551
0.0041201244
0.0025569512
0.0000558740
-0.0024452031
-0.0043210110
-0.0040083763
-0.0018199338
0.0000558740
0.0013064126
0.0013064126
0.0019316819
0.0028695858
0.0028695858
0.0028695858
0.0022443165
0.0022443165
0.0019316819
0.0016190473
0.0016190473
0.0025569512
0.0028695858
0.0016190473
0.0016190473
0.0016190473
0.0016190473
0.0006811433
-0.0005693953
-0.0005693953
0.0000558740
0.0000558740
0.0006811433
0.0009937780
0.0013064126
0.0013064126
0.0016190473
0.0022443165
0.0031822205
0.0031822205
0.0025569512
0.0022443165
0.0019316819
0.0028695858
0.0019316819
0.0009937780
0.0000558740
0.0113107213
0.0356962240
0.0585185539
0.0678975937
0.0560174766
0.0238161072
-0.0162011274
-0.0543425531
-0.0746638041
-0.0721627270
-0.0546551877
-0.0318328594
-0.0130747810
-0.0021325685
-0.0077599921
-0.0258928012
-0.0346465711
-0.0162011274
0.0203771261
0.0503900528
0.0588311885
0.0419489171
0.0069338362
-0.0293317823
-0.0518414760
-0.0515288414
-0.0346465711
-0.0096357999
0.0153749717
0.0335077814
0.0350709547
0.0231908379
0.0075591055
-0.0027578378
-0.0077599921
-0.0143253196
-0.0193274738
-0.0183895699
-0.0130747810
-0.0061968189
0.0013064126
0.0056832976
0.0053706630
0.0003685087
-0.0024452031
-0.0002567606
0.0066212016
0.0141244331
0.0210023954
0.0244413765
0.0235034726
0.0178760489
0.0134991638
0.0128738945
0.0116233559
0.0088096441
0.0031822205
-0.0033831071
-0.0074473574
-0.0074473574
-0.0030704724
0.0000558740
0.0016190473
0.0016190473
0.0016190473
0.0013064126
-0.0005693953
-0.0043210110
-0.0055715496
-0.0046336456
-0.0011946646
0.0006811433
0.0003685087
-0.0033831071
-0.0071347228
-0.0077599921
-0.0055715496
-0.0011946646
0.0025569512
0.0038074898
0.0031822205
0.0013064126
0.0000558740
-0.0011946646
-0.0015072992
-0.0011946646
-0.0005693953
-0.0015072992
-0.0027578378
-0.0033831071
-0.0040083763
-0.0024452031
-0.0008820299
0.0006811433
0.0019316819
0.0013064126
-0.0008820299
-0.0021325685
-0.0027578378
-0.0036957417
-0.0052589149
-0.0061968189
-0.0068220881
-0.0065094535
-0.0052589149
-0.0049462803
-0.0036957417
-0.0021325685
0.0003685087
0.0013064126
0.0013064126
0.0003685087
0.0000558740
0.0000558740
0.0009937780
0.0022443165
0.0038074898
0.0059959323
0.0053706630
0.0041201244
0.0022443165
0.0013064126
0.0013064126
0.0028695858
0.0056832976
0.0091222788
0.0106854520
0.0116233559
0.0119359906
0.0125612599
0.0113107213
0.0088096441
0.0066212016
0.0044327591
0.0025569512
0.0034948551
0.0072464709
0.0100601827
0.0094349134
0.0053706630
-0.0021325685
-0.0102610692
-0.0196401085
-0.0258928012
-0.0274559744
-0.0237043588
-0.0208906470
-0.0202653777
-0.0205780124
-0.0205780124
-0.0174516660
-0.0086978960
0.0038074898
0.0178760489
0.0294435310
0.0372593973
0.0397604745
0.0350709547
0.0219402993
0.0066212016
-0.0052589149
-0.0102610692
-0.0121368771
-0.0127621464
-0.0155758581
-0.0202653777
-0.0265180705
-0.0308949555
-0.0312075901
-0.0277686091
-0.0212032817
-0.0130747810
-0.0036957417
0.0041201244
0.0069338362
0.0059959323
0.0059959323
0.0084970095
0.0147497024
0.0235034726
0.0322572428
0.0353835894
0.0319446082
0.0253792805
0.0178760489
0.0109980866
0.0056832976
0.0025569512
0.0000558740
-0.0008820299
-0.0018199338
-0.0030704724
-0.0055715496
-0.0080726267
-0.0108863385
-0.0127621464
-0.0118242424
-0.0086978960
-0.0043210110
0.0006811433
0.0038074898
0.0044327591
0.0031822205
0.0022443165
0.0016190473
0.0025569512
0.0034948551
0.0038074898
0.0028695858
0.0034948551
0.0047453937
0.0050580284
0.0041201244
0.0028695858
0.0006811433
-0.0008820299
-0.0033831071
-0.0040083763
-0.0033831071
-0.0018199338
-0.0002567606
-0.0008820299
-0.0015072992
-0.0040083763
-0.0061968189
-0.0074473574
-0.0068220881
-0.0061968189
-0.0058841842
-0.0052589149
-0.0043210110
-0.0033831071
-0.0027578378
-0.0002567606
0.0016190473
0.0022443165
0.0022443165
0.0006811433
-0.0005693953
-0.0024452031
-0.0024452031
-0.0033831071
-0.0030704724
-0.0030704724
-0.0027578378
-0.0005693953
0.0022443165
0.0063085669
0.0075591055
0.0078717402
0.0059959323
0.0034948551
0.0009937780
-0.0002567606
0.0006811433
0.0016190473
0.0025569512
0.0041201244
0.0056832976
0.0063085669
0.0053706630
0.0041201244
0.0016190473
-0.0008820299
-0.0024452031
-0.0036957417
-0.0049462803
-0.0043210110
-0.0046336456
-0.0055715496
-0.0033831071
-0.0021325685
-0.0024452031
-0.0040083763
-0.0049462803
-0.0043210110
-0.0033831071
-0.0005693953
0.0016190473
0.0022443165
0.0016190473
0.0003685087
-0.0005693953
-0.0008820299
-0.0008820299
-0.0005693953
0.0003685087
0.0003685087
-0.0002567606
-0.0021325685
-0.0043210110
-0.0058841842
-0.0065094535
-0.0071347228
-0.0061968189
-0.0024452031
0.0019316819
0.0059959323
0.0081843748
0.0088096441
0.0081843748
0.0059959323
0.0044327591
0.0031822205
0.0031822205
0.0041201244
0.0044327591
0.0044327591
0.0038074898
0.0025569512
0.0028695858
0.0044327591
0.0047453937
0.0044327591
0.0025569512
-0.0008820299
-0.0033831071
-0.0052589149
-0.0065094535
-0.0071347228
-0.0077599921
-0.0068220881
-0.0071347228
-0.0068220881
-0.0061968189
-0.0046336456
-0.0021325685
-0.0002567606
0.0003685087
0.0013064126
0.0025569512
0.0044327591
0.0050580284
0.0050580284
0.0044327591
0.0034948551
0.0034948551
0.0022443165
-0.0002567606
-0.0030704724
-0.0065094535
-0.0090105306
-0.0083852614
-0.0055715496
-0.0040083763
-0.0033831071
-0.0040083763
-0.0040083763
-0.0030704724
-0.0018199338
0.0000558740
0.0022443165
0.0038074898
0.0044327591
0.0047453937
0.0053706630
0.0041201244
0.0025569512
0.0009937780
-0.0008820299
-0.0021325685
-0.0036957417
-0.0055715496
-0.0061968189
-0.0055715496
-0.0046336456
-0.0018199338
0.0003685087
0.0019316819
0.0031822205
0.0034948551
0.0031822205
0.0006811433
-0.0008820299
-0.0021325685
-0.0011946646
0.0003685087
0.0019316819
0.0025569512
0.0019316819
0.0013064126
0.0009937780
0.0009937780
0.0000558740
-0.0002567606
-0.0005693953
-0.0011946646
-0.0008820299
-0.0005693953
0.0019316819
0.0038074898
0.0066212016
0.0075591055
0.0063085669
0.0034948551
0.0003685087
-0.0033831071
-0.0046336456
-0.0036957417
-0.0021325685
0.0003685087
0.0019316819
0.0016190473
-0.0002567606
-0.0033831071
-0.0049462803
-0.0055715496
-0.0046336456
-0.0024452031
-0.0005693953
0.0019316819
0.0047453937
0.0066212016
0.0063085669
0.0050580284
0.0031822205
0.0019316819
0.0003685087
-0.0005693953
-0.0015072992
-0.0021325685
-0.0033831071
-0.0043210110
-0.0046336456
-0.0033831071
-0.0021325685
-0.0008820299
0.0003685087
0.0019316819
0.0038074898
0.0047453937
0.0059959323
0.0053706630
0.0044327591
0.0044327591
0.0038074898
0.0044327591
0.0053706630
0.0066212016
0.0059959323
0.0053706630
0.0022443165
-0.0021325685
-0.0061968189
-0.0108863385
-0.0127621464
-0.0121368771
-0.0099484346
-0.0061968189
-0.0033831071
0.0003685087
0.0025569512
0.0038074898
0.0034948551
0.0025569512
0.0009937780
-0.0015072992
-0.0027578378
-0.0021325685
0.0000558740
0.0019316819
0.0031822205
0.0031822205
0.0022443165
0.0003685087
-0.0021325685
-0.0046336456
-0.0049462803
-0.0036957417
-0.0015072992
0.0009937780
0.0034948551
0.0047453937
0.0059959323
0.0063085669
0.0044327591
0.0016190473
-0.0011946646
-0.0036957417
-0.0033831071
-0.0033831071
-0.0021325685
-0.0008820299
-0.0011946646
-0.0011946646
-0.0011946646
-0.0024452031
-0.0024452031
-0.0018199338
-0.0021325685
-0.0036957417
-0.0040083763
-0.0040083763
-0.0040083763
-0.0040083763
-0.0049462803
-0.0052589149
-0.0049462803
-0.0046336456
-0.0024452031
-0.0008820299
0.0022443165
0.0041201244
0.0038074898
0.0031822205
0.0013064126
-0.0015072992
-0.0036957417
-0.0049462803
-0.0036957417
-0.0024452031
-0.0018199338
-0.0011946646
-0.0008820299
-0.0008820299
-0.0008820299
-0.0002567606
0.0006811433
0.0013064126
0.0022443165
0.0031822205
0.0022443165
0.0013064126
0.0000558740
-0.0011946646
-0.0011946646
-0.0011946646
-0.0002567606
0.0006811433
0.0013064126
0.0009937780
-0.0005693953
-0.0027578378
-0.0040083763
-0.0036957417
-0.0021325685
0.0006811433
0.0025569512
0.0038074898
0.0038074898
0.0016190473
-0.0008820299
-0.0015072992
-0.0008820299
0.0000558740
0.0006811433
0.0016190473
0.0028695858
0.0013064126
-0.0008820299
-0.0033831071
-0.0049462803
-0.0052589149
-0.0040083763
-0.0030704724
-0.0015072992
-0.0008820299
-0.0002567606
0.0013064126
0.0025569512
0.0034948551
0.0022443165
0.0013064126
0.0003685087
-0.0005693953
-0.0005693953
0.0000558740
0.0016190473
0.0016190473
0.0025569512
0.0031822205
0.0041201244
0.0047453937
0.0050580284
0.0034948551
0.0000558740
-0.0033831071
-0.0055715496
-0.0061968189
-0.0046336456
-0.0018199338
0.0009937780
0.0044327591
0.0078717402
0.0094349134
0.0094349134
0.0072464709
0.0044327591
0.0019316819
-0.0002567606
-0.0018199338
-0.0021325685
-0.0005693953
0.0000558740
0.0009937780
0.0016190473
0.0019316819
0.0013064126
0.0000558740
-0.0011946646
-0.0011946646
-0.0008820299
0.0013064126
0.0022443165
0.0038074898
0.0038074898
0.0031822205
0.0000558740
-0.0021325685
-0.0052589149
-0.0068220881
-0.0077599921
-0.0071347228
-0.0055715496
-0.0033831071
-0.0024452031
-0.0008820299
0.0003685087
0.0013064126
0.0031822205
0.0038074898
0.0041201244
0.0038074898
0.0038074898
0.0013064126
-0.0002567606
-0.0027578378
-0.0036957417
-0.0040083763
-0.0018199338
0.0006811433
0.0031822205
0.0041201244
0.0044327591
0.0028695858
0.0006811433
-0.0018199338
-0.0036957417
-0.0033831071
-0.0027578378
-0.0005693953
0.0006811433
0.0013064126
0.0013064126
0.0003685087
-0.0005693953
-0.0018199338
-0.0008820299
0.0009937780
0.0034948551
0.0053706630
0.0063085669
0.0059959323
0.0031822205
0.0003685087
-0.0021325685
-0.0049462803
-0.0058841842
-0.0068220881
-0.0065094535
-0.0055715496
-0.0036957417
-0.0005693953
0.0016190473
0.0025569512
0.0019316819
0.0019316819
0.0003685087
-0.0021325685
-0.0046336456
-0.0061968189
-0.0065094535
-0.0061968189
-0.0055715496
-0.0049462803
-0.0040083763
-0.0018199338
0.0000558740
0.0013064126
0.0009937780
0.0009937780
0.0003685087
0.0009937780
0.0013064126
0.0009937780
-0.0002567606
-0.0015072992
-0.0033831071
-0.0049462803
-0.0058841842
-0.0058841842
-0.0036957417
-0.0027578378
-0.0008820299
0.0003685087
0.0009937780
0.0000558740
0.0009937780
0.0019316819
0.0041201244
0.0063085669
0.0069338362
0.0056832976
0.0034948551
0.0019316819
0.0006811433
-0.0002567606
-0.0002567606
0.0013064126
0.0022443165
0.0013064126
-0.0011946646
-0.0040083763
-0.0061968189
-0.0071347228
-0.0061968189
-0.0033831071
-0.0002567606
0.0022443165
0.0022443165
0.0013064126
0.0000558740
-0.0008820299
-0.0008820299
0.0003685087
0.0009937780
0.0009937780
0.0013064126
0.0009937780
0.0013064126
0.0025569512
0.0025569512
0.0038074898
0.0034948551
0.0028695858
0.0016190473
0.0003685087
-0.0002567606
0.0000558740
0.0000558740
0.0006811433
0.0013064126
0.0013064126
0.0006811433
-0.0005693953
-0.0018199338
-0.0027578378
-0.0033831071
-0.0033831071
-0.0033831071
-0.0021325685
-0.0024452031
-0.0005693953
0.0003685087
0.0013064126
0.0016190473
0.0022443165
0.0019316819
0.0006811433
-0.0005693953
-0.0011946646
-0.0024452031
-0.0033831071
-0.0033831071
-0.0027578378
-0.0005693953
0.0022443165
0.0041201244
0.0041201244
0.0031822205
0.0025569512
0.0025569512
0.0025569512
0.0034948551
0.0038074898
0.0047453937
0.0050580284
0.0044327591
0.0031822205
0.0019316819
0.0003685087
-0.0002567606
-0.0008820299
-0.0002567606
-0.0002567606
-0.0015072992
-0.0021325685
-0.0027578378
-0.0030704724
-0.0030704724
-0.0040083763
-0.0043210110
-0.0033831071
-0.0027578378
-0.0011946646
0.0000558740
0.0006811433
0.0013064126
0.0019316819
0.0025569512
0.0031822205
0.0031822205
0.0031822205
0.0022443165
0.0000558740
-0.0024452031
-0.0040083763
-0.0052589149
-0.0052589149
-0.0043210110
-0.0018199338
0.0016190473
0.0053706630
0.0075591055
0.0081843748
0.0069338362
0.0044327591
0.0016190473
-0.0011946646
-0.0046336456
-0.0061968189
-0.0077599921
-0.0074473574
-0.0065094535
-0.0055715496
-0.0049462803
-0.0049462803
-0.0036957417
-0.0024452031
-0.0018199338
-0.0015072992
-0.0011946646
-0.0015072992
-0.0024452031
-0.0021325685
-0.0021325685
-0.0015072992
-0.0011946646
-0.0002567606
0.0006811433
0.0016190473
0.0019316819
0.0022443165
0.0028695858
0.0034948551
0.0038074898
0.0038074898
0.0019316819
0.0003685087
-0.0008820299
-0.0011946646
0.0000558740
0.0016190473
0.0028695858
0.0031822205
0.0019316819
0.0006811433
-0.0005693953
-0.0015072992
-0.0008820299
-0.0002567606
0.0000558740
0.0006811433
-0.0002567606
-0.0005693953
-0.0005693953
0.0000558740
0.0016190473
0.0025569512
0.0028695858
0.0034948551
0.0034948551
0.0044327591
0.0038074898
0.0028695858
0.0006811433
-0.0011946646
-0.0021325685
-0.0027578378
-0.0033831071
-0.0036957417
-0.0040083763
-0.0043210110
-0.0049462803
-0.0049462803
-0.0043210110
-0.0024452031
0.0009937780
0.0050580284
0.0084970095
0.0103728173
0.0116233559
0.0116233559
0.0081843748
0.0041201244
-0.0005693953
-0.0036957417
-0.0061968189
-0.0065094535
-0.0061968189
-0.0049462803
-0.0033831071
-0.0021325685
-0.0027578378
-0.0030704724
-0.0036957417
-0.0030704724
-0.0021325685
0.0003685087
0.0019316819
0.0019316819
0.0016190473
0.0006811433
-0.0011946646
-0.0008820299
0.0006811433
0.0028695858
0.0041201244
0.0047453937
0.0041201244
0.0022443165
0.0003685087
0.0000558740
0.0000558740
0.0003685087
0.0006811433
0.0016190473
0.0022443165
0.0022443165
0.0016190473
0.0009937780
0.0013064126
0.0009937780
0.0006811433
0.0006811433
0.0009937780
0.0013064126
0.0013064126
0.0006811433
-0.0002567606
-0.0018199338
-0.0024452031
-0.0033831071
-0.0033831071
-0.0033831071
-0.0033831071
-0.0030704724
-0.0021325685
-0.0008820299
0.0003685087
0.0013064126
0.0025569512
0.0025569512
0.0025569512
0.0022443165
0.0009937780
0.0000558740
-0.0002567606
-0.0008820299
-0.0024452031
-0.0036957417
-0.0049462803
-0.0046336456
-0.0036957417
-0.0021325685
-0.0015072992
-0.0005693953
-0.0005693953
-0.0002567606
0.0009937780
0.0016190473
0.0016190473
0.0019316819
0.0019316819
0.0016190473
0.0009937780
-0.0002567606
-0.0015072992
-0.0030704724
-0.0040083763
-0.0027578378
-0.0018199338
-0.0005693953
0.0006811433
0.0016190473
0.0034948551
0.0044327591
0.0041201244
0.0025569512
0.0000558740
-0.0018199338
-0.0024452031
-0.0011946646
-0.0005693953
-0.0002567606
0.0000558740
-0.0002567606
-0.0015072992
-0.0015072992
-0.0015072992
0.0000558740
0.0019316819
0.0044327591
0.0031822205
-0.0002567606
-0.0049462803
-0.0080726267
-0.0105737039
-0.0115116078
-0.0111989731
-0.0099484346
-0.0083852614
-0.0065094535
-0.0049462803
-0.0030704724
0.0016190473
0.0056832976
0.0072464709
0.0084970095
0.0097475481
0.0094349134
0.0069338362
0.0034948551
0.0003685087
-0.0033831071
-0.0052589149
-0.0061968189
-0.0049462803
-0.0018199338
0.0006811433
0.0038074898
0.0063085669
0.0078717402
0.0063085669
0.0041201244
0.0025569512
0.0025569512
0.0025569512
0.0016190473
0.0019316819
0.0031822205
0.0047453937
0.0066212016
0.0078717402
0.0091222788
0.0091222788
0.0094349134
0.0066212016
0.0028695858
-0.0015072992
-0.0052589149
-0.0083852614
-0.0096357999
-0.0105737039
-0.0105737039
-0.0099484346
-0.0096357999
-0.0090105306
-0.0061968189
-0.0008820299
0.0053706630
0.0084970095
0.0078717402
0.0034948551
0.0000558740
-0.0033831071
-0.0052589149
-0.0058841842
-0.0046336456
-0.0024452031
-0.0008820299
-0.0002567606
0.0003685087
0.0025569512
0.0069338362
0.0091222788
0.0091222788
0.0066212016
0.0028695858
-0.0027578378
-0.0074473574
-0.0093231653
-0.0080726267
-0.0055715496
-0.0033831071
-0.0002567606
0.0022443165
0.0041201244
0.0038074898
0.0038074898
0.0031822205
0.0025569512
0.0006811433
-0.0027578378
-0.0049462803
-0.0046336456
-0.0030704724
-0.0002567606
0.0022443165
0.0038074898
0.0028695858
0.0019316819
0.0016190473
0.0025569512
0.0028695858
0.0034948551
0.0019316819
-0.0002567606
-0.0040083763
-0.0055715496
-0.0052589149
-0.0036957417
-0.0015072992
0.0000558740
0.0006811433
0.0006811433
0.0003685087
0.0009937780
0.0006811433
0.0003685087
-0.0002567606
-0.0005693953
-0.0015072992
-0.0021325685
-0.0018199338
-0.0018199338
-0.0011946646
-0.0018199338
-0.0021325685
-0.0024452031
-0.0036957417
-0.0046336456
-0.0043210110
-0.0030704724
-0.0015072992
0.0000558740
0.0013064126
0.0013064126
0.0013064126
0.0006811433
0.0003685087
-0.0002567606
-0.0015072992
-0.0021325685
-0.0033831071
-0.0036957417
-0.0036957417
-0.0024452031
-0.0021325685
-0.0018199338
-0.0021325685
-0.0021325685
-0.0015072992
-0.0008820299
0.0003685087
0.0003685087
0.0013064126
0.0006811433
0.0006811433
0.0016190473
0.0016190473
0.0019316819
0.0031822205
0.0031822205
0.0028695858
0.0016190473
0.0009937780
0.0000558740
-0.0002567606
-0.0018199338
-0.0030704724
-0.0033831071
-0.0027578378
-0.0008820299
0.0003685087
0.0019316819
0.0028695858
0.0031822205
0.0025569512
0.0009937780
-0.0005693953
-0.0024452031
-0.0027578378
-0.0018199338
-0.0002567606
0.0019316819
0.0031822205
0.0034948551
0.0034948551
0.0034948551
0.0034948551
0.0028695858
0.0016190473
0.0009937780
0.0006811433
-0.0005693953
-0.0008820299
-0.0008820299
0.0000558740
0.0009937780
0.0009937780
-0.0005693953
-0.0027578378
-0.0058841842
-0.0065094535
-0.0074473574
-0.0071347228
-0.0055715496
-0.0043210110
-0.0036957417
-0.0033831071
-0.0021325685
-0.0002567606
0.0013064126
0.0025569512
0.0025569512
0.0034948551
0.0038074898
0.0031822205
0.0009937780
-0.0008820299
-0.0021325685
-0.0036957417
-0.0024452031
-0.0018199338
-0.0015072992
0.0000558740
0.0016190473
0.0034948551
0.0050580284
0.0063085669
0.0069338362
0.0053706630
0.0038074898
0.0019316819
0.0006811433
0.0000558740
-0.0008820299
-0.0005693953
-0.0011946646
-0.0011946646
-0.0008820299
-0.0015072992
-0.0005693953
0.0013064126
0.0053706630
0.0097475481
0.0131865292
0.0166255103
0.0160002410
0.0131865292
0.0081843748
0.0034948551
-0.0005693953
-0.0043210110
-0.0068220881
-0.0090105306
-0.0105737039
-0.0121368771
-0.0143253196
-0.0165137620
-0.0168263967
-0.0155758581
-0.0121368771
-0.0065094535
0.0000558740
0.0075591055
0.0141244331
0.0188139528
0.0216276647
0.0231908379
0.0241287419
0.0241287419
0.0238161072
0.0222529340
0.0166255103
0.0078717402
-0.0040083763
-0.0158884928
-0.0258928012
-0.0327707633
-0.0362097443
-0.0387108214
-0.0399613599
-0.0405866292
-0.0393360907
-0.0362097443
-0.0293317823
-0.0196401085
-0.0083852614
0.0044327591
0.0163128757
0.0256919151
0.0306940696
0.0306940696
0.0278803577
0.0225655686
0.0166255103
0.0103728173
0.0041201244
-0.0024452031
-0.0061968189
-0.0096357999
-0.0111989731
-0.0108863385
-0.0086978960
-0.0058841842
-0.0011946646
0.0034948551
0.0072464709
0.0103728173
0.0125612599
0.0128738945
0.0122486252
0.0109980866
0.0088096441
0.0063085669
0.0041201244
0.0025569512
0.0013064126
0.0013064126
0.0013064126
0.0006811433
-0.0005693953
-0.0018199338
-0.0024452031
-0.0021325685
-0.0024452031
-0.0027578378
-0.0018199338
-0.0021325685
-0.0021325685
-0.0027578378
-0.0043210110
-0.0052589149
-0.0065094535
-0.0065094535
-0.0058841842
-0.0055715496
-0.0055715496
-0.0055715496
-0.0058841842
-0.0065094535
-0.0068220881
-0.0058841842
-0.0043210110
-0.0030704724
-0.0024452031
-0.0018199338
-0.0021325685
-0.0027578378
-0.0024452031
-0.0027578378
-0.0018199338
-0.0008820299
-0.0002567606
0.0006811433
0.0016190473
0.0019316819
0.0028695858
0.0031822205
0.0034948551
0.0044327591
0.0050580284
0.0059959323
0.0053706630
0.0063085669
0.0056832976
0.0050580284
0.0047453937
0.0041201244
0.0041201244
0.0044327591
0.0038074898
0.0028695858
0.0022443165
0.0009937780
-0.0002567606
-0.0008820299
-0.0018199338
-0.0033831071
-0.0049462803
-0.0068220881
-0.0071347228
-0.0077599921
-0.0068220881
-0.0058841842
-0.0055715496
-0.0052589149
-0.0036957417
-0.0027578378
-0.0011946646
0.0003685087
0.0019316819
0.0031822205
0.0041201244
0.0041201244
0.0031822205
0.0013064126
-0.0008820299
-0.0027578378
-0.0030704724
-0.0030704724
-0.0024452031
-0.0018199338
-0.0008820299
-0.0002567606
0.0000558740
0.0016190473
0.0028695858
0.0034948551
0.0044327591
0.0044327591
0.0038074898
0.0031822205
0.0031822205
0.0022443165
0.0009937780
-0.0008820299
-0.0049462803
-0.0074473574
-0.0099484346
-0.0105737039
-0.0071347228
-0.0033831071
-0.0008820299
0.0009937780
0.0003685087
-0.0011946646
-0.0021325685
-0.0024452031
-0.0033831071
-0.0011946646
0.0000558740
0.0016190473
0.0025569512
0.0019316819
0.0016190473
0.0016190473
0.0031822205
0.0059959323
0.0081843748
0.0078717402
0.0056832976
0.0031822205
0.0003685087
-0.0018199338
-0.0027578378
-0.0021325685
-0.0015072992
-0.0005693953
-0.0005693953
-0.0018199338
-0.0027578378
-0.0033831071
-0.0030704724
-0.0005693953
0.0013064126
0.0031822205
0.0047453937
0.0044327591
0.0016190473
-0.0018199338
-0.0040083763
-0.0052589149
-0.0046336456
-0.0030704724
-0.0002567606
0.0013064126
0.0016190473
0.0013064126
-0.0008820299
-0.0021325685
-0.0021325685
-0.0018199338
0.0000558740
0.0013064126
0.0022443165
0.0022443165
0.0022443165
0.0022443165
0.0019316819
0.0038074898
0.0059959323
0.0084970095
0.0103728173
0.0113107213
0.0106854520
0.0088096441
0.0063085669
0.0031822205
0.0006811433
-0.0024452031
-0.0052589149
-0.0077599921
-0.0093231653
-0.0108863385
-0.0121368771
-0.0127621464
-0.0127621464
-0.0111989731
-0.0074473574
-0.0040083763
-0.0005693953
0.0006811433
0.0019316819
0.0031822205
0.0041201244
0.0034948551
0.0028695858
0.0031822205
0.0034948551
0.0047453937
0.0044327591
0.0041201244
0.0028695858
0.0013064126
0.0013064126
0.0013064126
0.0016190473
0.0009937780
-0.0008820299
-0.0021325685
-0.0033831071
-0.0043210110
-0.0049462803
-0.0043210110
-0.0046336456
-0.0040083763
-0.0036957417
-0.0030704724
-0.0008820299
0.0016190473
0.0041201244
0.0050580284
0.0066212016
0.0072464709
0.0072464709
0.0059959323
0.0041201244
0.0022443165
0.0003685087
-0.0011946646
-0.0030704724
-0.0052589149
-0.0071347228
-0.0080726267
-0.0077599921
-0.0071347228
-0.0071347228
-0.0071347228
-0.0071347228
-0.0061968189
-0.0046336456
-0.0015072992
0.0009937780
0.0041201244
0.0066212016
0.0088096441
0.0106854520
0.0113107213
0.0122486252
0.0128738945
0.0119359906
0.0100601827
0.0069338362
0.0034948551
-0.0015072992
-0.0055715496
-0.0086978960
-0.0102610692
-0.0111989731
-0.0121368771
-0.0133874156
-0.0130747810
-0.0124495117
-0.0102610692
-0.0068220881
-0.0033831071
0.0006811433
0.0031822205
0.0044327591
0.0050580284
0.0044327591
0.0038074898
0.0019316819
0.0009937780
0.0003685087
-0.0002567606
-0.0002567606
0.0003685087
0.0009937780
0.0003685087
-0.0011946646
-0.0030704724
-0.0052589149
-0.0077599921
-0.0105737039
-0.0121368771
-0.0124495117
-0.0115116078
-0.0099484346
-0.0080726267
-0.0049462803
0.0000558740
0.0047453937
0.0088096441
0.0116233559
0.0116233559
0.0109980866
0.0091222788
0.0075591055
0.0050580284
0.0028695858
0.0016190473
0.0003685087
-0.0018199338
-0.0027578378
-0.0043210110
-0.0040083763
-0.0030704724
-0.0002567606
0.0053706630
0.0106854520
0.0147497024
0.0166255103
0.0172507796
0.0163128757
0.0141244331
0.0119359906
0.0091222788
0.0063085669
0.0044327591
0.0016190473
-0.0002567606
-0.0024452031
-0.0052589149
-0.0068220881
-0.0093231653
-0.0105737039
-0.0111989731
-0.0115116078
-0.0108863385
-0.0099484346
-0.0080726267
-0.0055715496
-0.0018199338
0.0016190473
0.0038074898
0.0041201244
0.0019316819
-0.0008820299
-0.0033831071
-0.0046336456
-0.0052589149
-0.0046336456
-0.0043210110
-0.0036957417
-0.0033831071
-0.0030704724
-0.0027578378
-0.0011946646
0.0006811433
0.0022443165
0.0034948551
0.0034948551
0.0034948551
0.0034948551
0.0016190473
-0.0018199338
-0.0061968189
-0.0108863385
-0.0146379542
-0.0155758581
-0.0152632235
-0.0140126849
-0.0121368771
-0.0099484346
-0.0080726267
-0.0058841842
-0.0030704724
-0.0002567606
0.0019316819
0.0047453937
0.0088096441
0.0119359906
0.0122486252
0.0103728173
0.0072464709
0.0047453937
0.0031822205
0.0034948551
0.0044327591
0.0053706630
0.0044327591
0.0034948551
0.0025569512
0.0031822205
0.0031822205
0.0041201244
0.0041201244
0.0034948551
0.0016190473
-0.0021325685
-0.0049462803
-0.0068220881
-0.0077599921
-0.0077599921
-0.0058841842
-0.0027578378
0.0003685087
0.0031822205
0.0047453937
0.0044327591
0.0041201244
0.0047453937
0.0059959323
0.0072464709
0.0072464709
0.0072464709
0.0047453937
0.0034948551
0.0016190473
-0.0002567606
-0.0011946646
-0.0024452031
-0.0040083763
-0.0049462803
-0.0061968189
-0.0071347228
-0.0074473574
-0.0065094535
-0.0046336456
-0.0015072992
0.0006811433
0.0031822205
0.0041201244
0.0038074898
0.0016190473
0.0006811433
-0.0011946646
-0.0018199338
-0.0033831071
-0.0036957417
-0.0046336456
-0.0049462803
-0.0058841842
-0.0068220881
-0.0068220881
-0.0061968189
-0.0058841842
-0.0052589149
-0.0033831071
-0.0021325685
-0.0005693953
0.0006811433
0.0006811433
0.0006811433
-0.0011946646
-0.0040083763
-0.0061968189
-0.0071347228
-0.0077599921
-0.0077599921
-0.0058841842
-0.0043210110
-0.0018199338
-0.0002567606
0.0009937780
0.0013064126
0.0016190473
0.0016190473
0.0016190473
0.0028695858
0.0034948551
0.0044327591
0.0041201244
0.0031822205
0.0019316819
0.0003685087
0.0003685087
0.0003685087
0.0006811433
0.0013064126
0.0003685087
0.0000558740
-0.0008820299
0.0128738945
0.1094780042
0.2776754688
0.4196116385
0.4686952963
0.4152347519
0.2989346296
0.1745060175
0.0754008256
-0.0074473574
-0.0699742846
-0.0981114010
-0.0977987664
-0.0843554775
-0.0774775157
-0.0918587085
-0.1253106130
-0.1718931702
-0.2203515337
-0.2625572039
-0.2953838356
-0.3122661031
-0.2653709152
-0.1109294205
0.0869683081
0.2473499019
0.3054999588
0.2479751713
0.1257350072
-0.0002567606
-0.1146810359
-0.1731437087
-0.1546982667
-0.0859186506
-0.0052589149
0.0525784954
0.0688354977
0.0472637062
0.0016190473
-0.0434003409
-0.0737259002
-0.0915460739
-0.0949850548
-0.0793533235
-0.0524667453
-0.0290191476
-0.0218285509
-0.0280812437
-0.0352718404
-0.0315202247
-0.0140126849
0.0097475481
0.0297561656
0.0381973012
0.0306940696
0.0103728173
-0.0115116078
-0.0237043588
-0.0208906470
-0.0058841842
0.0172507796
0.0438247250
0.0638333431
0.0710239403
0.0641459777
0.0450752636
0.0231908379
0.0053706630
-0.0080726267
-0.0162011274
-0.0174516660
-0.0165137620
-0.0149505888
-0.0140126849
-0.0130747810
-0.0130747810
-0.0149505888
-0.0180769353
-0.0177643006
-0.0130747810
-0.0058841842
0.0019316819
0.0072464709
0.0078717402
0.0041201244
-0.0049462803
-0.0140126849
-0.0215159163
-0.0221411856
-0.0180769353
-0.0111989731
-0.0024452031
0.0034948551
0.0034948551
-0.0008820299
-0.0058841842
-0.0071347228
-0.0036957417
0.0013064126
0.0047453937
0.0063085669
0.0050580284
0.0047453937
0.0059959323
0.0088096441
0.0141244331
0.0163128757
0.0166255103
0.0175634143
0.0194392221
0.0210023954
0.0200644914
0.0147497024
0.0028695858
-0.0099484346
-0.0180769353
-0.0218285509
-0.0230790895
-0.0218285509
-0.0183895699
-0.0143253196
-0.0118242424
-0.0105737039
-0.0086978960
-0.0052589149
-0.0024452031
0.0006811433
0.0041201244
0.0075591055
0.0094349134
0.0094349134
0.0091222788
0.0109980866
0.0122486252
0.0103728173
0.0066212016
0.0034948551
0.0003685087
-0.0036957417
-0.0074473574
-0.0093231653
-0.0096357999
-0.0086978960
-0.0071347228
-0.0077599921
-0.0093231653
-0.0102610692
-0.0093231653
-0.0080726267
-0.0055715496
-0.0005693953
0.0028695858
0.0028695858
-0.0005693953
-0.0049462803
-0.0090105306
-0.0090105306
-0.0027578378
0.0047453937
0.0091222788
0.0091222788
0.0063085669
0.0000558740
-0.0055715496
-0.0093231653
-0.0102610692
-0.0083852614
-0.0043210110
0.0025569512
0.0097475481
0.0150623371
0.0150623371
0.0119359906
0.0069338362
0.0050580284
0.0063085669
0.0069338362
0.0069338362
0.0056832976
0.0019316819
-0.0018199338
-0.0046336456
-0.0068220881
-0.0074473574
-0.0071347228
-0.0065094535
-0.0065094535
-0.0052589149
-0.0027578378
-0.0033831071
-0.0040083763
-0.0040083763
-0.0024452031
0.0003685087
0.0034948551
0.0069338362
0.0078717402
0.0044327591
-0.0021325685
-0.0086978960
-0.0127621464
-0.0133874156
-0.0108863385
-0.0055715496
-0.0015072992
0.0022443165
0.0034948551
0.0034948551
0.0019316819
0.0003685087
-0.0021325685
-0.0046336456
-0.0049462803
-0.0043210110
-0.0021325685
0.0013064126
0.0028695858
0.0025569512
-0.0008820299
-0.0033831071
-0.0055715496
-0.0049462803
-0.0052589149
-0.0052589149
-0.0052589149
-0.0030704724
-0.0015072992
-0.0015072992
-0.0043210110
-0.0065094535
-0.0074473574
-0.0055715496
-0.0018199338
0.0013064126
0.0025569512
0.0016190473
0.0003685087
0.0000558740
-0.0005693953
-0.0005693953
0.0000558740
0.0019316819
0.0053706630
0.0091222788
0.0116233559
0.0125612599
0.0122486252
0.0109980866
0.0091222788
0.0075591055
0.0069338362
0.0078717402
0.0088096441
0.0106854520
0.0109980866
0.0084970095
0.0050580284
0.0019316819
0.0003685087
-0.0008820299
-0.0021325685
-0.0033831071
-0.0043210110
-0.0046336456
-0.0027578378
-0.0027578378
-0.0036957417
-0.0046336456
-0.0065094535
-0.0077599921
-0.0093231653
-0.0090105306
-0.0061968189
-0.0040083763
-0.0011946646
0.0016190473
0.0025569512
0.0022443165
0.0000558740
-0.0033831071
-0.0049462803
-0.0068220881
-0.0080726267
-0.0086978960
-0.0086978960
-0.0061968189
-0.0018199338
0.0025569512
0.0044327591
0.0019316819
-0.0027578378
-0.0068220881
-0.0074473574
-0.0058841842
-0.0033831071
-0.0008820299
0.0019316819
0.0044327591
0.0053706630
0.0059959323
0.0053706630
0.0041201244
0.0028695858
0.0028695858
0.0031822205
0.0031822205
0.0022443165
-0.0015072992
-0.0061968189
-0.0127621464
-0.0183895699
-0.0233917241
-0.0258928012
-0.0255801666
-0.0218285509
-0.0165137620
-0.0102610692
-0.0024452031
0.0066212016
0.0144370678
0.0213150300
0.0244413765
0.0241287419
0.0181886835
0.0113107213
0.0069338362
0.0050580284
0.0041201244
0.0009937780
-0.0033831071
-0.0086978960
-0.0140126849
-0.0177643006
-0.0190148392
-0.0183895699
-0.0180769353
-0.0174516660
-0.0168263967
-0.0165137620
-0.0155758581
-0.0137000503
-0.0121368771
-0.0093231653
-0.0055715496
-0.0024452031
-0.0018199338
-0.0021325685
-0.0027578378
-0.0018199338
0.0006811433
0.0059959323
0.0100601827
0.0106854520
0.0081843748
0.0072464709
0.0081843748
0.0116233559
0.0147497024
0.0160002410
0.0150623371
0.0122486252
0.0113107213
0.0094349134
0.0056832976
-0.0008820299
-0.0108863385
-0.0187022045
-0.0212032817
-0.0199527431
-0.0165137620
-0.0111989731
-0.0065094535
-0.0011946646
0.0038074898
0.0075591055
0.0100601827
0.0106854520
0.0091222788
0.0088096441
0.0091222788
0.0088096441
0.0084970095
0.0113107213
0.0147497024
0.0178760489
0.0172507796
0.0141244331
0.0103728173
0.0063085669
0.0047453937
0.0028695858
-0.0005693953
-0.0024452031
-0.0040083763
-0.0052589149
-0.0083852614
-0.0111989731
-0.0115116078
-0.0108863385
-0.0099484346
-0.0090105306
-0.0068220881
-0.0046336456
-0.0011946646
0.0016190473
0.0053706630
0.0084970095
0.0113107213
0.0128738945
0.0116233559
0.0091222788
0.0069338362
0.0053706630
0.0031822205
0.0009937780
-0.0005693953
-0.0043210110
-0.0102610692
-0.0155758581
-0.0190148392
-0.0202653777
-0.0205780124
-0.0190148392
-0.0168263967
-0.0115116078
-0.0071347228
-0.0033831071
-0.0030704724
-0.0040083763
-0.0052589149
-0.0055715496
-0.0058841842
-0.0055715496
-0.0040083763
-0.0033831071
-0.0036957417
-0.0036957417
-0.0036957417
-0.0036957417
-0.0027578378
-0.0021325685
-0.0027578378
-0.0027578378
-0.0024452031
-0.0021325685
-0.0030704724
-0.0030704724
-0.0008820299
0.0050580284
0.0128738945
0.0181886835
0.0181886835
0.0138117985
0.0081843748
0.0053706630
0.0050580284
0.0056832976
0.0044327591
0.0031822205
0.0028695858
0.0028695858
0.0028695858
0.0000558740
-0.0040083763
-0.0074473574
-0.0093231653
-0.0096357999
-0.0080726267
-0.0052589149
-0.0008820299
0.0050580284
0.0072464709
0.0047453937
-0.0030704724
-0.0105737039
-0.0155758581
-0.0177643006
-0.0158884928
-0.0118242424
-0.0096357999
-0.0071347228
-0.0049462803
-0.0005693953
0.0038074898
0.0066212016
0.0066212016
0.0028695858
0.0000558740
-0.0018199338
0.0016190473
0.0069338362
0.0125612599
0.0119359906
0.0041201244
-0.0052589149
-0.0130747810
-0.0168263967
-0.0174516660
-0.0149505888
-0.0080726267
-0.0005693953
0.0047453937
0.0066212016
0.0034948551
-0.0018199338
-0.0061968189
-0.0077599921
-0.0040083763
0.0044327591
0.0128738945
0.0166255103
0.0147497024
0.0088096441
0.0003685087
-0.0071347228
-0.0108863385
-0.0096357999
-0.0052589149
0.0003685087
0.0053706630
0.0069338362
0.0059959323
0.0041201244
0.0009937780
-0.0027578378
-0.0049462803
-0.0077599921
-0.0102610692
-0.0105737039
-0.0086978960
-0.0061968189
-0.0043210110
-0.0033831071
-0.0036957417
-0.0049462803
-0.0065094535
-0.0083852614
-0.0105737039
-0.0133874156
-0.0155758581
-0.0155758581
-0.0127621464
-0.0071347228
0.0006811433
0.0066212016
0.0091222788
0.0097475481
0.0078717402
0.0056832976
0.0047453937
0.0050580284
0.0056832976
0.0066212016
0.0066212016
0.0063085669
0.0053706630
0.0047453937
0.0041201244
0.0022443165
0.0013064126
0.0028695858
0.0066212016
0.0109980866
0.0116233559
0.0106854520
0.0072464709
0.0041201244
0.0019316819
0.0006811433
0.0000558740
-0.0008820299
-0.0033831071
-0.0068220881
-0.0102610692
-0.0102610692
-0.0083852614
-0.0046336456
-0.0018199338
0.0003685087
0.0019316819
0.0016190473
0.0003685087
0.0006811433
0.0003685087
0.0009937780
0.0009937780
0.0000558740
-0.0015072992
-0.0033831071
-0.0061968189
-0.0083852614
-0.0090105306
-0.0077599921
-0.0055715496
-0.0036957417
-0.0030704724
-0.0040083763
-0.0058841842
-0.0077599921
-0.0080726267
-0.0074473574
-0.0052589149
-0.0018199338
0.0013064126
0.0031822205
0.0028695858
0.0003685087
-0.0024452031
-0.0033831071
-0.0036957417
-0.0024452031
-0.0008820299
0.0022443165
0.0047453937
0.0066212016
0.0063085669
0.0047453937
0.0019316819
0.0009937780
0.0013064126
0.0031822205
0.0041201244
0.0050580284
0.0041201244
0.0016190473
-0.0027578378
-0.0052589149
-0.0052589149
-0.0030704724
-0.0011946646
-0.0008820299
-0.0002567606
0.0013064126
0.0025569512
0.0041201244
0.0047453937
0.0047453937
0.0034948551
-0.0005693953
-0.0043210110
-0.0071347228
-0.0061968189
-0.0046336456
-0.0033831071
-0.0021325685
-0.0018199338
-0.0015072992
-0.0021325685
-0.0033831071
-0.0055715496
-0.0065094535
-0.0061968189
-0.0052589149
-0.0036957417
0.0003685087
0.0041201244
0.0053706630
0.0041201244
0.0006811433
-0.0036957417
-0.0068220881
-0.0096357999
-0.0102610692
-0.0090105306
-0.0071347228
-0.0058841842
-0.0055715496
-0.0061968189
-0.0080726267
-0.0083852614
-0.0074473574
-0.0058841842
-0.0024452031
0.0016190473
0.0050580284
0.0069338362
0.0075591055
0.0069338362
0.0041201244
0.0016190473
-0.0002567606
0.0003685087
0.0022443165
0.0034948551
0.0047453937
0.0072464709
0.0081843748
0.0088096441
0.0072464709
0.0038074898
0.0003685087
-0.0027578378
-0.0049462803
-0.0049462803
-0.0049462803
-0.0049462803
-0.0058841842
-0.0077599921
-0.0102610692
-0.0111989731
-0.0124495117
-0.0127621464
-0.0118242424
-0.0102610692
-0.0077599921
-0.0046336456
-0.0021325685
-0.0002567606
-0.0002567606
-0.0011946646
-0.0021325685
-0.0018199338
-0.0005693953
0.0019316819
0.0050580284
0.0072464709
0.0078717402
0.0063085669
0.0047453937
0.0019316819
0.0000558740
-0.0011946646
-0.0021325685
-0.0030704724
-0.0040083763
-0.0036957417
-0.0043210110
-0.0033831071
-0.0024452031
-0.0005693953
-0.0002567606
0.0000558740
-0.0005693953
-0.0018199338
-0.0021325685
-0.0011946646
0.0003685087
0.0028695858
0.0044327591
0.0047453937
0.0034948551
0.0009937780
-0.0015072992
-0.0030704724
-0.0030704724
-0.0021325685
-0.0015072992
-0.0008820299
0.0000558740
0.0006811433
0.0013064126
-0.0005693953
-0.0015072992
-0.0030704724
-0.0040083763
-0.0052589149
-0.0046336456
-0.0036957417
-0.0024452031
-0.0033831071
-0.0040083763
-0.0052589149
-0.0046336456
-0.0043210110
-0.0021325685
0.0013064126
0.0050580284
0.0072464709
0.0081843748
0.0075591055
0.0072464709
0.0047453937
0.0034948551
0.0028695858
0.0022443165
0.0006811433
-0.0002567606
0.0006811433
0.0013064126
0.0025569512
0.0028695858
0.0022443165
0.0003685087
-0.0005693953
-0.0008820299
-0.0024452031
-0.0033831071
-0.0055715496
-0.0065094535
-0.0071347228
-0.0061968189
-0.0043210110
-0.0027578378
-0.0024452031
-0.0024452031
-0.0030704724
-0.0033831071
-0.0043210110
-0.0027578378
-0.0021325685
-0.0021325685
-0.0021325685
-0.0015072992
0.0003685087
0.0016190473
0.0025569512
0.0022443165
0.0006811433
-0.0008820299
-0.0021325685
-0.0030704724
-0.0033831071
-0.0030704724
-0.0024452031
-0.0008820299
0.0009937780
0.0019316819
0.0025569512
0.0019316819
0.0006811433
-0.0005693953
0.0000558740
0.0013064126
0.0025569512
0.0047453937
0.0056832976
0.0050580284
0.0038074898
0.0009937780
-0.0011946646
-0.0018199338
-0.0008820299
0.0009937780
0.0013064126
0.0000558740
-0.0018199338
-0.0043210110
-0.0061968189
-0.0071347228
-0.0065094535
-0.0055715496
-0.0027578378
0.0016190473
0.0059959323
0.0081843748
0.0072464709
0.0041201244
0.0003685087
-0.0024452031
-0.0040083763
-0.0030704724
-0.0011946646
-0.0008820299
-0.0002567606
-0.0021325685
-0.0052589149
-0.0083852614
-0.0102610692
-0.0096357999
-0.0080726267
-0.0049462803
-0.0040083763
-0.0036957417
-0.0046336456
-0.0055715496
-0.0043210110
-0.0021325685
0.0009937780
0.0044327591
0.0072464709
0.0081843748
0.0078717402
0.0066212016
0.0034948551
0.0009937780
-0.0005693953
-0.0018199338
-0.0008820299
0.0000558740
0.0003685087
0.0006811433
0.0009937780
0.0006811433
0.0009937780
0.0000558740
0.0000558740
0.0000558740
-0.0005693953
-0.0008820299
-0.0008820299
-0.0002567606
0.0006811433
0.0022443165
0.0031822205
0.0044327591
0.0047453937
0.0034948551
0.0016190473
0.0003685087
0.0003685087
-0.0002567606
-0.0002567606
-0.0008820299
-0.0015072992
-0.0024452031
-0.0027578378
-0.0024452031
-0.0011946646
-0.0008820299
-0.0015072992
-0.0018199338
-0.0024452031
-0.0027578378
-0.0027578378
-0.0036957417
-0.0049462803
-0.0046336456
-0.0040083763
-0.0040083763
-0.0055715496
-0.0074473574
-0.0096357999
-0.0083852614
-0.0071347228
-0.0058841842
-0.0052589149
-0.0030704724
0.0000558740
0.0019316819
0.0031822205
0.0041201244
0.0034948551
0.0016190473
-0.0030704724
-0.0061968189
-0.0077599921
-0.0080726267
-0.0068220881
-0.0061968189
-0.0061968189
-0.0061968189
-0.0074473574
-0.0071347228
-0.0065094535
-0.0046336456
-0.0024452031
0.0000558740
0.0022443165
0.0034948551
0.0047453937
0.0041201244
0.0047453937
0.0053706630
0.0063085669
0.0069338362
0.0056832976
0.0031822205
0.0000558740
-0.0021325685
-0.0033831071
-0.0043210110
-0.0058841842
-0.0065094535
-0.0061968189
-0.0052589149
-0.0046336456
-0.0049462803
-0.0046336456
-0.0043210110
-0.0046336456
-0.0043210110
-0.0033831071
-0.0021325685
0.0000558740
0.0013064126
0.0019316819
0.0016190473
0.0016190473
0.0000558740
-0.0018199338
-0.0033831071
-0.0033831071
-0.0027578378
-0.0015072992
-0.0008820299
-0.0018199338
-0.0027578378
-0.0030704724
-0.0021325685
-0.0008820299
-0.0008820299
-0.0002567606
-0.0008820299
-0.0008820299
-0.0002567606
0.0000558740
0.0016190473
0.0025569512
0.0028695858
0.0041201244
0.0050580284
0.0063085669
0.0072464709
0.0069338362
0.0050580284
0.0038074898
0.0019316819
0.0013064126
0.0013064126
0.0009937780
0.0003685087
-0.0018199338
-0.0036957417
-0.0049462803
-0.0049462803
-0.0046336456
-0.0040083763
-0.0033831071
-0.0021325685
-0.0008820299
-0.0005693953
-0.0005693953
-0.0011946646
-0.0021325685
-0.0033831071
-0.0030704724
-0.0024452031
-0.0024452031
-0.0024452031
-0.0021325685
-0.0015072992
0.0000558740
0.0009937780
0.0028695858
0.0038074898
0.0041201244
0.0038074898
0.0016190473
-0.0008820299
-0.0030704724
-0.0040083763
-0.0049462803
-0.0055715496
-0.0055715496
-0.0049462803
-0.0043210110
-0.0033831071
-0.0027578378
-0.0027578378
-0.0043210110
-0.0058841842
-0.0074473574
-0.0077599921
-0.0058841842
-0.0033831071
-0.0024452031
-0.0021325685
-0.0024452031
-0.0024452031
-0.0011946646
0.0013064126
0.0044327591
0.0072464709
0.0078717402
0.0066212016
0.0038074898
0.0006811433
-0.0018199338
-0.0036957417
-0.0043210110
-0.0033831071
-0.0018199338
0.0022443165
0.0100601827
0.0200644914
0.0306940696
0.0375720319
0.0388225705
0.0350709547
0.0294435310
0.0228782033
0.0172507796
0.0141244331
0.0128738945
0.0113107213
0.0072464709
0.0019316819
-0.0040083763
-0.0071347228
-0.0096357999
-0.0102610692
-0.0108863385
-0.0105737039
-0.0099484346
-0.0083852614
-0.0083852614
-0.0090105306
-0.0124495117
-0.0174516660
-0.0221411856
-0.0265180705
-0.0277686091
-0.0277686091
-0.0274559744
-0.0271433398
-0.0246422627
-0.0193274738
-0.0118242424
-0.0046336456
0.0000558740
0.0022443165
0.0006811433
-0.0015072992
-0.0030704724
0.0003685087
0.0053706630
0.0091222788
0.0091222788
0.0063085669
0.0019316819
-0.0024452031
-0.0065094535
-0.0080726267
-0.0086978960
-0.0068220881
-0.0036957417
0.0000558740
0.0047453937
0.0075591055
0.0088096441
0.0075591055
0.0047453937
0.0006811433
-0.0027578378
-0.0046336456
-0.0055715496
-0.0055715496
-0.0046336456
-0.0040083763
-0.0052589149
-0.0074473574
-0.0080726267
-0.0071347228
-0.0049462803
-0.0021325685
0.0003685087
0.0009937780
-0.0021325685
-0.0058841842
-0.0096357999
-0.0124495117
-0.0137000503
-0.0127621464
-0.0093231653
-0.0068220881
-0.0043210110
-0.0043210110
-0.0030704724
-0.0011946646
0.0016190473
0.0041201244
0.0072464709
0.0109980866
0.0141244331
0.0160002410
0.0153749717
0.0141244331
0.0122486252
0.0109980866
0.0088096441
0.0050580284
0.0016190473
-0.0008820299
-0.0036957417
-0.0036957417
-0.0036957417
-0.0046336456
-0.0055715496
-0.0086978960
-0.0143253196
-0.0183895699
-0.0190148392
-0.0158884928
-0.0111989731
-0.0065094535
-0.0015072992
0.0028695858
0.0072464709
0.0100601827
0.0113107213
0.0100601827
0.0078717402
0.0044327591
0.0022443165
0.0009937780
0.0006811433
0.0009937780
0.0019316819
0.0019316819
0.0013064126
0.0006811433
-0.0002567606
-0.0021325685
-0.0040083763
-0.0055715496
-0.0049462803
-0.0049462803
-0.0046336456
-0.0046336456
-0.0052589149
-0.0055715496
-0.0058841842
-0.0058841842
-0.0052589149
-0.0011946646
0.0031822205
0.0078717402
0.0106854520
0.0094349134
0.0050580284
-0.0002567606
-0.0043210110
-0.0065094535
-0.0061968189
-0.0058841842
-0.0055715496
-0.0052589149
-0.0040083763
-0.0011946646
0.0034948551
0.0072464709
0.0084970095
0.0072464709
0.0047453937
0.0019316819
0.0013064126
0.0006811433
0.0006811433
-0.0008820299
-0.0052589149
-0.0096357999
-0.0118242424
-0.0115116078
-0.0093231653
-0.0074473574
-0.0055715496
-0.0049462803
-0.0052589149
-0.0049462803
-0.0040083763
-0.0036957417
-0.0018199338
-0.0002567606
0.0025569512
0.0038074898
0.0063085669
0.0072464709
0.0075591055
0.0053706630
0.0025569512
0.0000558740
-0.0011946646
-0.0021325685
-0.0024452031
-0.0036957417
-0.0058841842
-0.0083852614
-0.0096357999
-0.0105737039
-0.0086978960
-0.0052589149
-0.0008820299
0.0019316819
0.0038074898
0.0050580284
0.0044327591
0.0044327591
0.0038074898
0.0041201244
0.0038074898
0.0047453937
0.0038074898
0.0016190473
-0.0021325685
-0.0058841842
-0.0086978960
-0.0096357999
-0.0083852614
-0.0058841842
-0.0030704724
-0.0011946646
-0.0002567606
0.0003685087
0.0019316819
0.0044327591
0.0059959323
0.0069338362
0.0063085669
0.0038074898
0.0016190473
-0.0005693953
-0.0018199338
-0.0024452031
-0.0015072992
-0.0011946646
-0.0015072992
-0.0021325685
-0.0011946646
-0.0021325685
-0.0005693953
0.0013064126
0.0025569512
0.0034948551
0.0041201244
0.0041201244
0.0028695858
-0.0008820299
-0.0055715496
-0.0090105306
-0.0111989731
-0.0115116078
-0.0099484346
-0.0065094535
-0.0040083763
-0.0011946646
-0.0002567606
0.0000558740
-0.0005693953
-0.0008820299
-0.0008820299
-0.0002567606
0.0016190473
0.0025569512
0.0038074898
0.0053706630
0.0044327591
0.0031822205
0.0009937780
-0.0015072992
-0.0036957417
-0.0058841842
-0.0071347228
-0.0061968189
-0.0036957417
0.0003685087
0.0025569512
0.0031822205
0.0028695858
0.0013064126
-0.0005693953
-0.0024452031
-0.0040083763
-0.0046336456
-0.0052589149
-0.0055715496
-0.0049462803
-0.0036957417
-0.0027578378
-0.0030704724
-0.0036957417
-0.0043210110
-0.0046336456
-0.0036957417
-0.0018199338
-0.0002567606
0.0006811433
0.0009937780
0.0003685087
-0.0005693953
0.0003685087
0.0006811433
0.0006811433
0.0013064126
-0.0002567606
0.0003685087
0.0025569512
0.0044327591
0.0072464709
0.0088096441
0.0091222788
0.0078717402
0.0053706630
0.0038074898
0.0019316819
0.0016190473
0.0009937780
0.0000558740
-0.0008820299
-0.0015072992
-0.0018199338
-0.0011946646
-0.0021325685
-0.0030704724
-0.0036957417
-0.0033831071
-0.0018199338
-0.0008820299
-0.0005693953
-0.0005693953
-0.0015072992
-0.0021325685
-0.0036957417
-0.0049462803
-0.0055715496
-0.0049462803
-0.0055715496
-0.0052589149
-0.0052589149
-0.0049462803
-0.0043210110
-0.0055715496
-0.0058841842
-0.0061968189
-0.0068220881
-0.0080726267
-0.0083852614
-0.0083852614
-0.0071347228
-0.0055715496
-0.0030704724
-0.0005693953
0.0009937780
0.0019316819
0.0016190473
0.0028695858
0.0044327591
0.0063085669
0.0088096441
0.0097475481
0.0097475481
0.0066212016
0.0028695858
0.0003685087
-0.0008820299
-0.0018199338
-0.0011946646
-0.0005693953
-0.0002567606
0.0006811433
0.0013064126
0.0013064126
0.0019316819
0.0016190473
0.0013064126
0.0013064126
0.0016190473
0.0016190473
0.0003685087
-0.0018199338
-0.0036957417
-0.0065094535
-0.0065094535
-0.0043210110
-0.0005693953
0.0028695858
0.0044327591
0.0028695858
0.0016190473
-0.0005693953
-0.0011946646
-0.0015072992
-0.0008820299
-0.0011946646
-0.0011946646
-0.0015072992
-0.0011946646
-0.0011946646
-0.0002567606
-0.0002567606
0.0000558740
-0.0015072992
-0.0030704724
-0.0043210110
-0.0049462803
-0.0040083763
-0.0027578378
-0.0008820299
0.0016190473
0.0031822205
0.0041201244
0.0044327591
0.0047453937
0.0038074898
0.0022443165
0.0013064126
-0.0005693953
-0.0011946646
-0.0024452031
-0.0018199338
-0.0024452031
-0.0030704724
-0.0033831071
-0.0030704724
-0.0018199338
0.0003685087
0.0019316819
0.0028695858
0.0038074898
0.0028695858
0.0019316819
0.0006811433
0.0003685087
-0.0018199338
-0.0030704724
-0.0046336456
-0.0046336456
-0.0046336456
-0.0052589149
-0.0055715496
-0.0055715496
-0.0055715496
-0.0049462803
-0.0049462803
-0.0033831071
-0.0021325685
-0.0015072992
-0.0008820299
-0.0008820299
-0.0005693953
-0.0011946646
-0.0021325685
-0.0021325685
-0.0024452031
-0.0011946646
0.0009937780
0.0016190473
0.0016190473
-0.0005693953
-0.0027578378
-0.0043210110
-0.0049462803
-0.0049462803
-0.0049462803
-0.0046336456
-0.0033831071
-0.0024452031
-0.0021325685
-0.0018199338
-0.0024452031
-0.0024452031
-0.0027578378
-0.0021325685
-0.0021325685
-0.0011946646
-0.0005693953
-0.0008820299
-0.0015072992
-0.0011946646
-0.0008820299
0.0009937780
0.0016190473
0.0016190473
0.0003685087
-0.0011946646
-0.0018199338
-0.0018199338
-0.0018199338
-0.0008820299
-0.0005693953
0.0003685087
0.0016190473
0.0016190473
0.0025569512
0.0031822205
0.0031822205
0.0034948551
0.0038074898
0.0034948551
0.0031822205
0.0031822205
0.0019316819
0.0009937780
-0.0002567606
-0.0024452031
-0.0030704724
-0.0043210110
-0.0046336456
-0.0040083763
-0.0043210110
-0.0036957417
-0.0036957417
-0.0033831071
-0.0024452031
-0.0021325685
-0.0018199338
-0.0021325685
-0.0021325685
-0.0015072992
-0.0011946646
-0.0008820299
-0.0018199338
-0.0030704724
-0.0040083763
-0.0046336456
-0.0049462803
-0.0043210110
-0.0043210110
-0.0030704724
-0.0033831071
-0.0030704724
-0.0027578378
-0.0015072992
-0.0008820299
0.0003685087
0.0013064126
0.0016190473
0.0019316819
0.0022443165
0.0025569512
0.0028695858
0.0044327591
0.0050580284
0.0050580284
0.0031822205
0.0013064126
-0.0008820299
-0.0021325685
-0.0033831071
-0.0040083763
-0.0033831071
-0.0018199338
-0.0005693953
0.0003685087
0.0006811433
0.0003685087
0.0003685087
0.0009937780
0.0016190473
0.0019316819
0.0013064126
0.0009937780
-0.0015072992
-0.0036957417
-0.0061968189
-0.0071347228
-0.0077599921
-0.0077599921
-0.0061968189
-0.0040083763
-0.0018199338
-0.0008820299
-0.0008820299
-0.0011946646
-0.0011946646
-0.0024452031
-0.0008820299
-0.0002567606
0.0016190473
0.0022443165
0.0034948551
0.0050580284
0.0053706630
0.0044327591
0.0025569512
-0.0005693953
-0.0027578378
-0.0036957417
-0.0049462803
-0.0024452031
-0.0002567606
0.0016190473
0.0016190473
0.0013064126
-0.0008820299
-0.0040083763
-0.0061968189
-0.0090105306
-0.0102610692
-0.0093231653
-0.0061968189
-0.0005693953
0.0038074898
0.0056832976
0.0044327591
0.0025569512
-0.0008820299
-0.0036957417
-0.0043210110
-0.0030704724
-0.0002567606
0.0019316819
0.0038074898
0.0044327591
0.0022443165
-0.0008820299
-0.0027578378
-0.0033831071
-0.0043210110
-0.0040083763
-0.0036957417
-0.0040083763
-0.0046336456
-0.0055715496
-0.0058841842
-0.0052589149
-0.0049462803
-0.0049462803
-0.0043210110
-0.0036957417
-0.0033831071
-0.0015072992
0.0013064126
0.0044327591
0.0066212016
0.0056832976
0.0059959323
0.0078717402
0.0078717402
0.0063085669
0.0034948551
0.0003685087
-0.0030704724
-0.0071347228
-0.0093231653
-0.0090105306
-0.0083852614
-0.0083852614
-0.0086978960
-0.0068220881
-0.0040083763
-0.0011946646
0.0013064126
0.0053706630
0.0088096441
0.0106854520
0.0091222788
0.0075591055
0.0050580284
0.0028695858
0.0022443165
0.0025569512
0.0028695858
0.0031822205
0.0031822205
0.0038074898
0.0025569512
-0.0008820299
-0.0043210110
-0.0061968189
-0.0077599921
-0.0080726267
-0.0071347228
-0.0058841842
-0.0027578378
-0.0015072992
-0.0036957417
-0.0077599921
-0.0118242424
-0.0140126849
-0.0121368771
-0.0074473574
-0.0033831071
-0.0002567606
0.0028695858
0.0063085669
0.0091222788
0.0100601827
0.0094349134
0.0072464709
0.0047453937
0.0028695858
0.0022443165
0.0034948551
0.0041201244
0.0034948551
0.0006811433
-0.0027578378
-0.0036957417
-0.0024452031
-0.0005693953
0.0016190473
0.0025569512
0.0028695858
0.0025569512
0.0022443165
0.0013064126
0.0003685087
-0.0015072992
-0.0036957417
-0.0058841842
-0.0071347228
-0.0080726267
-0.0102610692
-0.0121368771
-0.0121368771
-0.0108863385
-0.0074473574
-0.0027578378
0.0028695858
0.0063085669
0.0081843748
0.0088096441
0.0078717402
0.0056832976
0.0044327591
0.0028695858
0.0038074898
0.0034948551
0.0031822205
0.0016190473
0.0003685087
-0.0018199338
-0.0040083763
-0.0052589149
-0.0052589149
-0.0055715496
-0.0055715496
-0.0052589149
-0.0049462803
-0.0043210110
-0.0021325685
-0.0002567606
-0.0002567606
-0.0015072992
-0.0030704724
-0.0033831071
-0.0036957417
-0.0033831071
-0.0015072992
0.0000558740
0.0009937780
0.0009937780
0.0013064126
0.0003685087
0.0006811433
-0.0008820299
-0.0040083763
-0.0061968189
-0.0065094535
-0.0046336456
-0.0021325685
0.0025569512
0.0047453937
0.0038074898
-0.0002567606
-0.0055715496
-0.0102610692
-0.0127621464
-0.0121368771
-0.0086978960
-0.0049462803
-0.0015072992
0.0003685087
0.0025569512
0.0038074898
0.0044327591
0.0056832976
0.0063085669
0.0053706630
0.0047453937
0.0053706630
0.0056832976
0.0050580284
0.0041201244
0.0025569512
0.0009937780
-0.0008820299
-0.0018199338
-0.0024452031
-0.0033831071
-0.0036957417
-0.0033831071
-0.0033831071
-0.0036957417
-0.0040083763
-0.0036957417
-0.0008820299
0.0022443165
0.0041201244
0.0041201244
0.0031822205
0.0016190473
-0.0015072992
-0.0046336456
-0.0046336456
-0.0036957417
-0.0027578378
-0.0002567606
0.0016190473
0.0022443165
0.0019316819
-0.0002567606
-0.0021325685
-0.0040083763
-0.0049462803
-0.0049462803
-0.0033831071
-0.0008820299
0.0006811433
0.0009937780
0.0013064126
-0.0002567606
-0.0002567606
-0.0008820299
0.0006811433
0.0016190473
0.0019316819
0.0022443165
0.0025569512
0.0019316819
0.0016190473
0.0013064126
-0.0005693953
-0.0008820299
-0.0018199338
-0.0030704724
-0.0036957417
-0.0036957417
-0.0043210110
-0.0043210110
-0.0040083763
-0.0043210110
-0.0033831071
-0.0024452031
-0.0024452031
-0.0024452031
-0.0024452031
-0.0021325685
-0.0011946646
0.0000558740
0.0016190473
0.0022443165
0.0034948551
0.0038074898
0.0044327591
0.0053706630
0.0056832976
0.0059959323
0.0053706630
0.0038074898
0.0022443165
0.0016190473
0.0006811433
-0.0005693953
-0.0008820299
-0.0008820299
-0.0005693953
-0.0005693953
-0.0008820299
-0.0008820299
-0.0002567606
0.0000558740
0.0016190473
0.0025569512
0.0028695858
0.0013064126
0.0003685087
-0.0002567606
-0.0008820299
-0.0011946646
-0.0033831071
-0.0043210110
-0.0049462803
-0.0052589149
-0.0046336456
-0.0033831071
-0.0018199338
-0.0011946646
-0.0018199338
-0.0021325685
-0.0021325685
-0.0021325685
-0.0024452031
-0.0015072992
-0.0021325685
-0.0011946646
-0.0008820299
-0.0005693953
-0.0011946646
-0.0015072992
-0.0018199338
-0.0018199338
-0.0008820299
-0.0008820299
0.0006811433
0.0019316819
0.0031822205
0.0038074898
0.0028695858
0.0019316819
0.0013064126
0.0003685087
0.0000558740
-0.0008820299
-0.0018199338
-0.0018199338
-0.0033831071
-0.0033831071
-0.0049462803
-0.0046336456
-0.0040083763
-0.0024452031
-0.0002567606
0.0019316819
0.0025569512
0.0022443165
0.0009937780
-0.0005693953
-0.0027578378
-0.0030704724
-0.0024452031
-0.0021325685
-0.0011946646
-0.0005693953
-0.0005693953
-0.0015072992
-0.0027578378
-0.0046336456
-0.0052589149
-0.0043210110
-0.0036957417
-0.0018199338
-0.0008820299
0.0006811433
0.0013064126
0.0013064126
0.0003685087
-0.0008820299
-0.0011946646
-0.0021325685
-0.0021325685
-0.0015072992
-0.0015072992
-0.0018199338
-0.0027578378
-0.0036957417
-0.0036957417
-0.0036957417
-0.0030704724
-0.0021325685
-0.0018199338
-0.0008820299
0.0000558740
0.0013064126
0.0019316819
0.0019316819
0.0013064126
0.0003685087
-0.0005693953
-0.0005693953
-0.0011946646
-0.0015072992
-0.0011946646
-0.0008820299
-0.0008820299
-0.0005693953
-0.0008820299
-0.0011946646
-0.0033831071
-0.0046336456
-0.0058841842
-0.0061968189
-0.0055715496
-0.0046336456
-0.0033831071
-0.0033831071
-0.0030704724
-0.0030704724
-0.0024452031
-0.0015072992
0.0003685087
0.0028695858
0.0050580284
0.0056832976
0.0053706630
0.0038074898
0.0022443165
-0.0005693953
-0.0033831071
-0.0058841842
-0.0071347228
-0.0083852614
-0.0077599921
-0.0061968189
-0.0046336456
-0.0040083763
-0.0033831071
-0.0027578378
-0.0027578378
-0.0027578378
-0.0021325685
-0.0008820299
0.0000558740
0.0009937780
0.0016190473
0.0019316819
0.0016190473
0.0003685087
-0.0002567606
-0.0008820299
-0.0024452031
-0.0030704724
-0.0030704724
-0.0024452031
-0.0024452031
-0.0036957417
-0.0036957417
-0.0040083763
-0.0027578378
-0.0015072992
-0.0005693953
0.0009937780
0.0013064126
0.0003685087
0.0003685087
0.0003685087
0.0003685087
0.0013064126
0.0003685087
0.0003685087
0.0006811433
0.0003685087
0.0003685087
-0.0002567606
-0.0008820299
-0.0011946646
-0.0015072992
-0.0008820299
0.0000558740
0.0009937780
0.0019316819
0.0028695858
0.0022443165
0.0013064126
-0.0005693953
-0.0005693953
-0.0008820299
-0.0005693953
-0.0002567606
-0.0011946646
-0.0018199338
-0.0021325685
-0.0015072992
-0.0008820299
-0.0002567606
0.0009937780
0.0019316819
0.0031822205
0.0038074898
0.0022443165
0.0025569512
0.0009937780
0.0000558740
-0.0015072992
-0.0030704724
-0.0033831071
-0.0033831071
-0.0021325685
-0.0015072992
-0.0008820299
-0.0011946646
-0.0011946646
-0.0015072992
-0.0024452031
-0.0021325685
-0.0024452031
-0.0021325685
-0.0008820299
-0.0002567606
-0.0008820299
-0.0015072992
-0.0021325685
-0.0024452031
-0.0018199338
-0.0011946646
-0.0002567606
0.0009937780
0.0013064126
0.0009937780
0.0006811433
-0.0005693953
-0.0008820299
-0.0018199338
-0.0024452031
-0.0027578378
-0.0043210110
-0.0043210110
-0.0043210110
-0.0030704724
-0.0011946646
0.0000558740
0.0009937780
0.0016190473
0.0016190473
0.0016190473
0.0006811433
-0.0002567606
-0.0008820299
-0.0008820299
-0.0011946646
-0.0015072992
-0.0011946646
-0.0011946646
-0.0018199338
-0.0030704724
-0.0036957417
-0.0033831071
-0.0030704724
-0.0030704724
-0.0015072992
-0.0005693953
0.0003685087
0.0003685087
0.0000558740
0.0000558740
0.0003685087
0.0006811433
0.0013064126
0.0013064126
0.0000558740
-0.0011946646
-0.0027578378
-0.0030704724
-0.0036957417
-0.0036957417
-0.0033831071
-0.0036957417
-0.0040083763
-0.0043210110
-0.0036957417
-0.0040083763
-0.0036957417
-0.0018199338
-0.0008820299
0.0006811433
0.0000558740
0.0000558740
-0.0002567606
-0.0002567606
0.0003685087
0.0003685087
0.0000558740
0.0003685087
-0.0008820299
-0.0015072992
-0.0030704724
-0.0033831071
-0.0030704724
-0.0027578378
-0.0021325685
-0.0024452031
-0.0018199338
-0.0018199338
-0.0021325685
-0.0021325685
-0.0015072992
-0.0018199338
-0.0008820299
0.0003685087
0.0013064126
0.0028695858
0.0025569512
0.0025569512
0.0006811433
-0.0011946646
-0.0021325685
-0.0036957417
-0.0040083763
-0.0049462803
-0.0052589149
-0.0055715496
-0.0052589149
-0.0043210110
-0.0036957417
-0.0027578378
-0.0015072992
0.0000558740
0.0013064126
0.0009937780
0.0009937780
0.0006811433
0.0003685087
0.0000558740
0.0003685087
-0.0002567606
-0.0002567606
-0.0008820299
-0.0008820299
-0.0015072992
-0.0021325685
-0.0027578378
-0.0027578378
-0.0036957417
-0.0043210110
-0.0036957417
-0.0036957417
-0.0027578378
-0.0018199338
-0.0015072992
-0.0018199338
-0.0011946646
-0.0015072992
-0.0005693953
0.0000558740
0.0009937780
0.0013064126
0.0022443165
0.0022443165
0.0016190473
0.0016190473
0.0006811433
-0.0005693953
-0.0024452031
-0.0033831071
-0.0043210110
-0.0040083763
-0.0046336456
-0.0046336456
-0.0040083763
-0.0030704724
-0.0027578378
-0.0021325685
-0.0008820299
-0.0005693953
0.0006811433
0.0019316819
0.0025569512
0.0022443165
0.0013064126
0.0003685087
0.0000558740
-0.0005693953
-0.0015072992
-0.0030704724
-0.0046336456
-0.0058841842
-0.0077599921
-0.0083852614
-0.0080726267
-0.0074473574
-0.0058841842
-0.0043210110
-0.0018199338
0.0009937780
0.0038074898
0.0059959323
0.0063085669
0.0050580284
0.0025569512
0.0009937780
-0.0002567606
-0.0011946646
-0.0018199338
-0.0030704724
-0.0040083763
-0.0043210110
-0.0043210110
-0.0040083763
-0.0033831071
-0.0018199338
-0.0011946646
-0.0005693953
-0.0008820299
0.0000558740
0.0003685087
0.0003685087
0.0000558740
0.0000558740
-0.0008820299
-0.0008820299
-0.0015072992
-0.0021325685
-0.0021325685
-0.0027578378
-0.0030704724
-0.0027578378
-0.0018199338
-0.0008820299
0.0003685087
0.0019316819
0.0019316819
0.0019316819
0.0013064126
0.0006811433
0.0009937780
0.0013064126
0.0022443165
0.0028695858
0.0028695858
0.0034948551
0.0025569512
0.0013064126
0.0013064126
-0.0002567606
-0.0011946646
-0.0033831071
-0.0046336456
-0.0046336456
-0.0049462803
-0.0043210110
-0.0033831071
-0.0024452031
-0.0011946646
0.0000558740
0.0019316819
0.0031822205
0.0041201244
0.0038074898
0.0028695858
0.0016190473
0.0009937780
-0.0002567606
-0.0018199338
-0.0024452031
-0.0033831071
-0.0043210110
-0.0049462803
-0.0043210110
-0.0024452031
-0.0011946646
-0.0002567606
-0.0005693953
-0.0008820299
-0.0015072992
-0.0030704724
-0.0027578378
-0.0030704724
-0.0030704724
-0.0030704724
-0.0021325685
-0.0015072992
-0.0008820299
-0.0002567606
0.0000558740
0.0009937780
0.0013064126
0.0019316819
0.0019316819
0.0022443165
0.0009937780
0.0003685087
-0.0008820299
-0.0021325685
-0.0033831071
-0.0046336456
-0.0061968189
-0.0068220881
-0.0074473574
-0.0080726267
-0.0077599921
-0.0074473574
-0.0071347228
-0.0080726267
-0.0061968189
-0.0046336456
-0.0018199338
0.0003685087
0.0034948551
0.0047453937
0.0050580284
0.0041201244
0.0031822205
0.0016190473
0.0006811433
-0.0002567606
-0.0005693953
-0.0008820299
-0.0021325685
-0.0024452031
-0.0033831071
-0.0040083763
-0.0055715496
-0.0049462803
-0.0040083763
-0.0021325685
-0.0011946646
-0.0002567606
-0.0002567606
-0.0015072992
-0.0024452031
-0.0030704724
-0.0033831071
-0.0027578378
-0.0024452031
-0.0015072992
-0.0002567606
0.0003685087
0.0016190473
0.0013064126
0.0006811433
0.0003685087
0.0003685087
0.0006811433
0.0000558740
-0.0005693953
-0.0008820299
-0.0008820299
-0.0011946646
-0.0024452031
-0.0033831071
-0.0036957417
-0.0030704724
-0.0024452031
-0.0018199338
-0.0011946646
-0.0011946646
-0.0011946646
-0.0018199338
-0.0027578378
-0.0024452031
-0.0018199338
-0.0015072992
-0.0008820299
-0.0005693953
-0.0005693953
-0.0008820299
-0.0021325685
-0.0021325685
-0.0018199338
-0.0002567606
0.0013064126
0.0034948551
0.0044327591
0.0047453937
0.0041201244
0.0034948551
0.0019316819
0.0013064126
0.0006811433
0.0019316819
0.0019316819
0.0022443165
0.0019316819
0.0006811433
-0.0015072992
-0.0027578378
-0.0040083763
-0.0040083763
-0.0043210110
-0.0040083763
-0.0036957417
-0.0024452031
-0.0024452031
-0.0030704724
-0.0040083763
-0.0052589149
-0.0058841842
-0.0058841842
-0.0058841842
-0.0052589149
-0.0043210110
-0.0033831071
-0.0030704724
-0.0030704724
-0.0027578378
-0.0024452031
-0.0011946646
-0.0008820299
-0.0002567606
0.0000558740
-0.0008820299
-0.0011946646
-0.0005693953
0.0000558740
0.0003685087
0.0009937780
0.0009937780
0.0006811433
-0.0005693953
-0.0015072992
-0.0015072992
-0.0024452031
-0.0021325685
-0.0021325685
-0.0011946646
-0.0008820299
-0.0002567606
0.0000558740
0.0013064126
0.0013064126
0.0016190473
0.0019316819
0.0016190473
0.0006811433
0.0000558740
-0.0005693953
-0.0008820299
-0.0011946646
-0.0015072992
-0.0024452031
-0.0033831071
-0.0036957417
-0.0046336456
-0.0052589149
-0.0052589149
-0.0049462803
-0.0046336456
-0.0043210110
-0.0036957417
-0.0033831071
-0.0027578378
-0.0018199338
-0.0002567606
0.0000558740
0.0003685087
0.0006811433
0.0003685087
0.0006811433
0.0019316819
0.0025569512
0.0031822205
0.0034948551
0.0038074898
0.0034948551
0.0038074898
0.0031822205
0.0016190473
0.0006811433
-0.0011946646
-0.0021325685
-0.0030704724
-0.0024452031
-0.0024452031
-0.0021325685
-0.0024452031
-0.0033831071
-0.0043210110
-0.0046336456
-0.0049462803
-0.0046336456
-0.0040083763
-0.0030704724
-0.0015072992
-0.0005693953
-0.0008820299
0.0006811433
0.0009937780
0.0022443165
0.0028695858
0.0028695858
0.0019316819
0.0013064126
0.0003685087
-0.0002567606
0.0003685087
0.0003685087
-0.0002567606
-0.0011946646
-0.0011946646
-0.0027578378
-0.0036957417
-0.0036957417
-0.0030704724
-0.0024452031
-0.0005693953
0.0006811433
0.0013064126
0.0013064126
0.0009937780
0.0003685087
0.0000558740
-0.0002567606
0.0000558740
0.0009937780
0.0009937780
0.0006811433
0.0000558740
0.0000558740
0.0000558740
0.0000558740
-0.0008820299
-0.0008820299
-0.0021325685
-0.0036957417
-0.0055715496
-0.0055715496
-0.0052589149
-0.0040083763
-0.0024452031
-0.0027578378
-0.0021325685
-0.0011946646
0.0006811433
0.0003685087
0.0006811433
0.0019316819
0.0022443165
0.0031822205
0.0031822205
0.0022443165
0.0003685087
-0.0011946646
-0.0027578378
-0.0018199338
-0.0015072992
-0.0024452031
-0.0036957417
-0.0046336456
-0.0027578378
-0.0027578378
-0.0036957417
-0.0043210110
0.2717354092
2.2844801962
4.3625740575
4.8540401620
3.7338611710
1.5716714842
-0.2375464365
-0.5276713173
-0.5454914864
-0.5458041210
-0.5451788519
-0.5429904100
-0.5411146028
1.0007998285
2.2385227646
1.9784100295
1.1721238043
0.3192558867
-0.2478633781
-0.4873414604
-0.5067248026
