-0.0018835440
-0.0034464292
-0.0050093145
-0.0050093145
-0.0037590063
-0.0018835440
-0.0000080817
-0.0003206588
0.0003044953
-0.0003206588
-0.0009458129
-0.0012583899
-0.0021961210
-0.0018835440
-0.0015709670
-0.0025086981
-0.0037590063
-0.0071973538
-0.0084476620
-0.0087602391
-0.0053218915
-0.0003206588
0.0046805740
0.0084314986
0.0093692298
0.0084314986
0.0068686134
0.0053057281
0.0040554199
0.0024925347
0.0018673806
0.0003044953
-0.0012583899
-0.0037590063
-0.0065721997
-0.0096979702
-0.0109482784
-0.0118860095
-0.0125111636
-0.0134488948
-0.0125111636
-0.0106357013
-0.0081350850
-0.0046967374
-0.0012583899
0.0015548035
0.0037428429
0.0049931511
0.0043679970
0.0053057281
0.0059308822
0.0068686134
0.0068686134
0.0062434593
0.0049931511
0.0028051117
0.0015548035
0.0009296494
0.0012422265
0.0003044953
-0.0015709670
-0.0043841604
-0.0075099309
-0.0103231243
-0.0115734325
-0.0118860095
-0.0109482784
-0.0087602391
-0.0065721997
-0.0040715833
-0.0025086981
-0.0015709670
-0.0015709670
-0.0025086981
-0.0034464292
-0.0037590063
-0.0034464292
-0.0021961210
-0.0003206588
0.0021799576
0.0040554199
0.0053057281
0.0059308822
0.0059308822
0.0053057281
0.0053057281
0.0056183052
0.0046805740
0.0053057281
0.0040554199
0.0031176888
0.0012422265
-0.0009458129
-0.0015709670
-0.0021961210
-0.0031338522
-0.0046967374
-0.0062596227
-0.0075099309
-0.0081350850
-0.0075099309
-0.0056344686
-0.0028212751
-0.0012583899
-0.0009458129
-0.0012583899
-0.0028212751
-0.0046967374
-0.0050093145
-0.0037590063
-0.0025086981
-0.0015709670
-0.0009458129
-0.0012583899
-0.0009458129
-0.0006332358
-0.0009458129
-0.0003206588
0.0009296494
0.0021799576
0.0040554199
0.0062434593
0.0062434593
0.0049931511
0.0028051117
0.0012422265
-0.0006332358
-0.0021961210
-0.0021961210
-0.0028212751
-0.0021961210
-0.0015709670
-0.0009458129
0.0012422265
0.0034302658
0.0053057281
0.0059308822
0.0068686134
0.0074937675
0.0068686134
0.0046805740
0.0031176888
0.0024925347
0.0021799576
0.0024925347
0.0034302658
0.0034302658
0.0024925347
0.0009296494
-0.0009458129
-0.0025086981
-0.0043841604
-0.0065721997
-0.0087602391
-0.0087602391
-0.0084476620
-0.0084476620
-0.0090728161
-0.0078225079
-0.0062596227
-0.0056344686
-0.0050093145
-0.0034464292
-0.0025086981
-0.0003206588
0.0009296494
0.0021799576
0.0024925347
0.0012422265
-0.0006332358
-0.0034464292
-0.0062596227
-0.0065721997
-0.0056344686
-0.0031338522
0.0003044953
0.0028051117
0.0024925347
-0.0012583899
-0.0059470456
-0.0100105472
-0.0131363177
-0.0137614718
-0.0115734325
-0.0081350850
-0.0037590063
-0.0006332358
0.0024925347
0.0056183052
0.0065560363
0.0056183052
0.0037428429
0.0003044953
-0.0025086981
-0.0037590063
-0.0037590063
-0.0021961210
-0.0003206588
0.0021799576
0.0049931511
0.0065560363
0.0078063445
0.0090566527
0.0087440757
0.0084314986
0.0068686134
0.0062434593
0.0053057281
0.0049931511
0.0043679970
0.0046805740
0.0049931511
0.0037428429
0.0028051117
0.0034302658
0.0034302658
0.0037428429
0.0043679970
0.0049931511
0.0037428429
0.0037428429
0.0028051117
0.0034302658
0.0028051117
0.0024925347
0.0012422265
0.0003044953
-0.0006332358
-0.0025086981
-0.0040715833
-0.0046967374
-0.0046967374
-0.0025086981
-0.0003206588
0.0024925347
0.0056183052
0.0078063445
0.0087440757
0.0087440757
0.0081189216
0.0074937675
0.0062434593
0.0053057281
0.0034302658
0.0012422265
-0.0012583899
-0.0037590063
-0.0059470456
-0.0078225079
-0.0090728161
-0.0115734325
-0.0121985866
-0.0128237407
-0.0121985866
-0.0109482784
-0.0078225079
-0.0040715833
-0.0003206588
0.0024925347
0.0040554199
0.0037428429
0.0028051117
0.0018673806
0.0012422265
-0.0003206588
-0.0025086981
-0.0037590063
-0.0046967374
-0.0050093145
-0.0040715833
-0.0034464292
-0.0025086981
-0.0021961210
-0.0021961210
-0.0025086981
-0.0021961210
-0.0025086981
-0.0028212751
-0.0025086981
-0.0015709670
-0.0009458129
0.0009296494
0.0024925347
0.0040554199
0.0053057281
0.0049931511
0.0043679970
0.0034302658
0.0028051117
0.0018673806
0.0021799576
0.0024925347
0.0024925347
0.0009296494
-0.0000080817
-0.0025086981
-0.0050093145
-0.0071973538
-0.0087602391
-0.0087602391
-0.0075099309
-0.0065721997
-0.0062596227
-0.0059470456
-0.0056344686
-0.0065721997
-0.0065721997
-0.0068847768
-0.0062596227
-0.0056344686
-0.0050093145
-0.0046967374
-0.0043841604
-0.0025086981
-0.0012583899
-0.0000080817
0.0012422265
0.0015548035
0.0024925347
0.0024925347
0.0015548035
-0.0012583899
-0.0037590063
-0.0056344686
-0.0075099309
-0.0087602391
0.0162459249
1.5963237926
4.5898838760
5.0396850120
3.4455339851
0.8036277092
-0.4601214468
-0.5435794999
-0.5492058854
-0.5492058854
-0.5467052696
-0.5426417690
1.3915855926
2.3708910119
2.0420593236
1.3493876480
0.5988896503
0.0925147271
-0.1900549183
-0.2516325902
-0.2700746337
-0.2588218614
-0.2038083071
-0.1134735472
-0.0568971038
-0.0568971038
-0.0559593727
-0.0625234905
-0.0322035175
-0.0556467956
-0.1015956199
-0.1216005499
-0.1034710821
-0.0747139950
-0.0912805778
-0.1125358161
-0.1147238553
-0.0987824267
-0.1103477768
-0.1397300176
-0.1575469080
-0.1353539392
-0.1097226228
-0.1044088132
-0.1181622026
-0.1228508581
-0.1009704659
-0.0897176927
-0.1015956199
-0.1137861242
-0.1025333510
-0.0815906898
-0.0875296534
-0.1147238553
-0.1284772446
-0.1147238553
-0.0934686171
-0.0931560400
-0.1034710821
-0.1040962362
-0.0987824267
-0.1053465443
-0.1309778608
-0.1447312500
-0.1312904378
-0.1190999337
-0.1165993175
-0.1190999337
-0.1065968525
-0.0906554238
-0.0881548075
-0.1009704659
-0.1084723147
-0.1090974687
-0.1022207740
-0.1000327348
-0.1100351998
-0.1137861242
-0.1228508581
-0.1694248349
-0.2438181649
-0.2997694493
-0.3107096444
-0.2760135969
-0.1956813046
-0.0925308860
0.0159333479
0.1118945052
0.1575307578
0.1403390187
0.0787613363
0.0103069609
-0.0434562910
-0.0809655357
-0.1047213903
-0.1059716984
-0.0906554238
-0.0740888409
-0.0612731823
-0.0665869920
-0.0759643031
-0.0756517261
-0.0762768801
-0.0812781127
-0.0915931549
-0.0990950037
-0.0909680008
-0.0894051156
-0.0978446956
-0.1050339673
-0.1015956199
-0.0925308860
-0.0931560400
-0.0975321185
-0.0950315023
-0.0894051156
-0.0840913060
-0.0850290371
-0.0915931549
-0.0947189252
-0.0925308860
-0.0959692334
-0.1037836592
-0.1065968525
-0.1034710821
-0.1025333510
-0.1062842754
-0.1109729309
-0.1100351998
-0.0959692334
-0.0859667683
-0.0775271883
-0.0722133787
-0.0737762638
-0.0840913060
-0.0900302697
-0.0934686171
-0.0912805778
-0.0862793453
-0.0812781127
-0.0806529587
-0.0781523424
-0.0772146113
-0.0747139950
-0.0784649194
-0.0831535749
-0.0881548075
-0.0828409979
-0.0725259557
-0.0700253394
-0.0715882246
-0.0750265720
-0.0744014179
-0.0731511098
-0.0787774964
-0.0859667683
-0.0859667683
-0.0828409979
-0.0806529587
-0.0781523424
-0.0728385327
-0.0662744149
-0.0528336023
-0.0453317533
-0.0422059829
-0.0478323696
-0.0659618379
-0.0797152275
-0.0878422305
-0.0909680008
-0.0837787290
-0.0737762638
-0.0737762638
-0.0765894572
-0.0769020342
-0.0765894572
-0.0665869920
-0.0537713334
-0.0400179436
-0.0290777470
-0.0275148618
-0.0381424813
-0.0484575237
-0.0509581400
-0.0443940221
-0.0409556747
-0.0500204089
-0.0634612216
-0.0731511098
-0.0815906898
-0.0862793453
0.0671959850
1.2402981548
2.7091001723
3.2948713135
2.8116257153
1.5516252201
0.2159826720
-0.4913791449
-0.5485807315
-0.5520190782
-0.5517065012
-0.5507687703
-0.5485807315
-0.5470178466
0.3769598798
1.4569142656
1.6035130736
1.1490255785
0.4741713667
-0.0315783634
-0.2610099005
-0.1934932655
0.0434401286
0.4157194430
0.6617176620
0.6285844813
0.3841491535
0.0815745299
-0.1891171872
-0.3366535354
-0.3091467594
-0.1281646676
0.1275233587
0.3006910648
0.2694333548
0.1187712007
-0.0959692334
-0.2431930109
-0.3397793054
-0.3763508139
-0.3432176524
-0.2997694493
-0.2416301258
-0.2341282775
-0.2153736567
-0.1409803257
-0.1087848917
-0.1075345836
-0.1672367957
-0.2647608246
-0.2847657530
-0.2613224775
-0.2006825369
-0.0865919223
0.0356257022
0.0725097951
0.0043679970
-0.0675247231
-0.1347287851
-0.1906800723
-0.1975567667
-0.1625481404
-0.1278520905
-0.0909680008
-0.0556467956
-0.0340789797
-0.0744014179
-0.0950315023
-0.1069094295
-0.1403551716
-0.1678619498
-0.1816153387
-0.1456689811
-0.0612731823
-0.0237639373
-0.0234513602
-0.0456443303
-0.1284772446
-0.1566091770
-0.1541085608
-0.1553588689
-0.1500450594
-0.1766141064
-0.1606726783
-0.0728385327
0.0040554199
0.0393766269
0.0481287845
0.0453155909
0.0274986988
-0.0075099309
-0.0021961210
0.0099943839
-0.0140740489
-0.0440814451
-0.0531461793
-0.0584599890
-0.0997201578
-0.1747386443
-0.2525703212
-0.3229001474
-0.3579087712
-0.3660357731
-0.3538452703
-0.3272762254
-0.3160234534
-0.3113347984
-0.2803896750
-0.2138107716
-0.1612978323
-0.1281646676
-0.1097226228
-0.0737762638
-0.0012583899
0.0784487592
0.1525295246
0.1819117699
0.1559678724
0.0768858739
-0.0406430976
-0.1209753959
-0.1137861242
-0.0200130127
0.0853254546
0.1859752719
0.1994160865
0.1225221256
-0.0053218915
-0.1459815581
-0.2481942431
-0.2641356706
-0.1637984485
-0.0043841604
0.1134573906
0.1447150977
0.0787613363
-0.0365795961
-0.1512953675
-0.2247509671
-0.2416301258
-0.2297521994
-0.1938058425
-0.1584846391
-0.1537959837
-0.1813027617
-0.2125604635
-0.2613224775
-0.2916424472
-0.2463187810
-0.1337910541
-0.0100105472
0.0653205227
0.1103316199
0.1762853824
0.2328618348
0.2337995661
0.1753476512
0.0865757629
0.0437527057
0.0575060962
0.0687588703
0.0675085621
0.0471910533
0.0037428429
-0.0490826778
-0.0856541912
-0.1187873567
-0.1634858715
-0.2313150844
-0.3032077963
-0.3375912664
-0.3191492234
-0.2366288936
-0.1234760121
-0.0322035175
0.0312496235
0.0590689815
0.0537551715
0.0003044953
-0.0309532093
0.0090566527
0.0859506088
0.1100190428
0.1037675015
0.0859506088
0.0306244693
-0.0712756476
-0.1753637983
-0.2497571281
-0.3144605684
-0.3594716562
-0.3863532777
-0.3729124670
-0.3322774574
-0.2760135969
-0.2266264292
-0.1875543021
-0.1909926493
-0.1891171872
-0.1525456756
-0.0947189252
-0.0472072155
0.0040554199
0.0443778598
0.0700091786
0.0943901895
0.0884512253
0.0493790927
0.0137453085
-0.0115734325
-0.0362670190
-0.0550216415
-0.0584599890
-0.0712756476
-0.0775271883
-0.0537713334
-0.0331412486
-0.0250142455
0.0068686134
0.0503168239
0.0915769959
0.1365880938
0.1309617065
0.0865757629
-0.0071973538
-0.1312904378
-0.2253761212
-0.2525703212
-0.2538206293
-0.2310025074
-0.1894297642
-0.1487947513
-0.1406677487
-0.1584846391
-0.1587972161
-0.1422306338
-0.0897176927
-0.0100105472
0.0725097951
0.1434647894
0.2144197866
0.2509913061
0.2316115265
0.1397138645
0.0115572691
-0.0781523424
-0.1319155919
-0.1541085608
-0.1625481404
-0.1506702135
-0.1065968525
-0.0212633209
0.1047052327
0.2028544344
0.2366127599
0.2278606014
0.2037921657
0.1772231137
0.1325245918
0.0600067127
-0.0309532093
-0.1203502418
-0.1813027617
-0.2225629280
-0.2397546638
-0.2313150844
-0.2006825369
-0.1806776077
-0.1738009132
-0.1650487566
-0.1406677487
-0.0897176927
-0.0281400159
-0.0068847768
-0.0215758980
-0.0744014179
-0.1159741634
-0.1325407459
-0.1137861242
-0.0731511098
-0.0209507439
0.0071811904
0.0109321150
0.0440652827
0.0850128776
0.1015794620
0.0912644188
0.0575060962
-0.0000080817
-0.0687750312
-0.1341036311
-0.1678619498
-0.1609852553
-0.1372294014
-0.1053465443
-0.0647115298
-0.0575222579
-0.0890925386
-0.1409803257
-0.1844285319
-0.2078718083
-0.2113101555
-0.2034957301
-0.1922429574
-0.1716128741
-0.1322281689
-0.0618983364
-0.0165746652
0.0012422265
0.0199968495
0.0312496235
0.0412520892
0.0265609676
-0.0237639373
-0.0853416142
-0.1159741634
-0.1109729309
-0.0709630705
0.0018673806
0.0615695980
0.1115819282
0.1322120148
0.0925147271
0.0350005481
-0.0297029011
-0.0912805778
-0.1165993175
-0.1059716984
-0.0825284209
-0.0312657863
0.0496916697
0.1012668849
0.1050178097
0.1000165767
0.0840751464
0.0684462933
0.0034302658
-0.1303527067
-0.2788267899
-0.3757256599
-0.3907293556
-0.3310271494
-0.2072466543
-0.0597102971
0.0575060962
0.1134573906
0.1000165767
0.0115572691
-0.1178496256
-0.2253761212
-0.2641356706
-0.2581967074
-0.2178742728
-0.1362916703
-0.0584599890
-0.0515832941
-0.1200376648
-0.1881794562
-0.2081843853
-0.1684871038
-0.0937811941
-0.0337664027
0.0053057281
0.0303118923
0.0450030139
0.0493790927
0.0384388957
0.0174962331
-0.0021961210
-0.0118860095
0.0093692298
0.0337502399
0.0553180568
0.0590689815
0.0496916697
0.0315622005
0.0099943839
-0.0090728161
-0.0375173272
-0.0656492609
-0.0875296534
-0.0872170764
-0.0393927895
0.0103069609
0.0468784762
0.0509419780
0.0103069609
-0.0753391490
-0.1587972161
-0.1925555344
-0.1656739106
-0.0847164601
-0.0021961210
0.0512545550
0.0662582539
0.0459407451
0.0018673806
-0.0450191762
-0.0859667683
-0.1050339673
-0.0890925386
-0.0603354512
-0.0343915568
-0.0215758980
-0.0168872423
-0.0087602391
0.0040554199
0.0140578856
0.0003044953
-0.0003206588
0.0009296494
-0.0200130127
-0.0422059829
-0.0600228742
-0.0631486446
-0.0512707171
-0.0162620882
0.0343753940
0.0890763794
0.1222095485
0.1143951218
0.0490665156
-0.0325160945
-0.0953440793
-0.1356665162
-0.1356665162
-0.1009704659
-0.0456443303
0.0009296494
0.0206220036
0.0324999317
0.0178088102
-0.0281400159
-0.1075345836
-0.1988070748
-0.2631979395
-0.2625727855
-0.2119353095
-0.1291023986
-0.0403305206
0.0415646663
0.0990788455
0.0981411143
0.0612570209
0.0021799576
-0.0681498772
-0.1384797095
-0.1816153387
-0.1703625660
-0.1250388973
-0.0640863757
-0.0303280552
-0.0215758980
-0.0197004357
-0.0175123964
-0.0090728161
0.0034302658
0.0071811904
-0.0131363177
-0.0347041338
-0.0515832941
-0.0709630705
-0.0928434630
-0.1062842754
-0.1075345836
-0.0840913060
-0.0347041338
0.0153081938
0.0362508563
0.0109321150
-0.0500204089
-0.1022207740
-0.1256640513
-0.1291023986
-0.1222257040
-0.1187873567
-0.1172244715
-0.1012830429
-0.0634612216
-0.0043841604
0.0428149745
0.0606318668
0.0512545550
0.0290615841
0.0178088102
0.0103069609
-0.0018835440
0.0049931511
0.0359382793
0.0912644188
0.1409641728
0.1822243470
0.2241096763
0.2450523414
0.2119191699
0.1240850109
0.0162459249
-0.0565845267
-0.1009704659
-0.1325407459
-0.1497324824
-0.1459815581
-0.1269143594
-0.0990950037
-0.0850290371
-0.0856541912
-0.1047213903
-0.1416054797
-0.1775518375
-0.1891171872
-0.1616104093
-0.1156615864
-0.0662744149
-0.0347041338
-0.0031338522
0.0206220036
0.0393766269
0.0362508563
0.0024925347
-0.0375173272
-0.0450191762
-0.0415808288
-0.0459569074
-0.0562719497
-0.0609606053
-0.0684624542
-0.0840913060
-0.1087848917
-0.1187873567
-0.1103477768
-0.0690876083
0.0084314986
0.0928273042
0.1509666392
0.1603439515
0.1228347026
0.0500042468
-0.0393927895
-0.0987824267
-0.1187873567
-0.1175370486
-0.0959692334
-0.0628360675
-0.0309532093
-0.0003206588
0.0153081938
0.0090566527
-0.0240765143
-0.0803403816
-0.1344162081
-0.1703625660
-0.1584846391
-0.1090974687
-0.0375173272
0.0328125087
0.0675085621
0.0643827915
0.0434401286
0.0387514728
0.0359382793
0.0306244693
0.0443778598
0.0656330997
0.0640702144
0.0353131252
0.0021799576
-0.0006332358
0.0181213872
0.0303118923
0.0296867382
0.0334376628
0.0362508563
0.0512545550
0.0762607198
0.0981411143
0.0997039996
0.0765732969
0.0343753940
-0.0087602391
-0.0490826778
-0.0912805778
-0.1125358161
-0.1034710821
-0.0915931549
-0.0756517261
-0.0547090645
-0.0328286716
-0.0096979702
0.0106195380
0.0193716954
0.0146830397
-0.0106357013
-0.0537713334
-0.1047213903
-0.1400425946
-0.1412929027
-0.1187873567
-0.0872170764
-0.0618983364
-0.0472072155
-0.0512707171
-0.0537713334
-0.0503329859
-0.0497078318
-0.0653366838
-0.0875296534
-0.1025333510
-0.1040962362
-0.0812781127
-0.0362670190
0.0121824232
0.0459407451
0.0562557880
0.0609444438
0.0534425944
0.0224974660
-0.0028212751
-0.0109482784
0.0018673806
0.0099943839
0.0090566527
0.0009296494
-0.0059470456
-0.0237639373
-0.0528336023
-0.0837787290
-0.0937811941
-0.0837787290
-0.0794026505
-0.0803403816
-0.0797152275
-0.0675247231
-0.0397053665
-0.0250142455
-0.0350167109
-0.0515832941
-0.0603354512
-0.0506455630
-0.0247016684
0.0146830397
0.0553180568
0.0753229886
0.0671959850
0.0503168239
0.0203094266
-0.0265771307
-0.0790900735
-0.1169118945
-0.1259766283
-0.1109729309
-0.0769020342
-0.0325160945
0.0065560363
0.0281238529
0.0403143580
0.0562557880
0.0847003005
0.1075184263
0.1159580071
0.1084561575
0.0837625693
0.0612570209
0.0503168239
0.0493790927
0.0512545550
0.0318747776
-0.0012583899
-0.0362670190
-0.0681498772
-0.0950315023
-0.0950315023
-0.0728385327
-0.0665869920
-0.0887799616
-0.1184747796
-0.1400425946
-0.1322281689
-0.1065968525
-0.0747139950
-0.0325160945
0.0137453085
0.0400017810
0.0475036303
0.0396892039
0.0271861218
0.0187465413
0.0112446921
0.0043679970
-0.0125111636
-0.0337664027
-0.0372047502
-0.0137614718
0.0140578856
0.0146830397
-0.0100105472
-0.0365795961
-0.0465820614
-0.0487701007
-0.0462694844
-0.0281400159
0.0018673806
0.0318747776
0.0575060962
0.0659456768
0.0550054797
0.0375011645
0.0140578856
-0.0159495111
-0.0531461793
-0.0778397653
-0.0719008016
-0.0422059829
-0.0050093145
0.0287490070
0.0440652827
0.0334376628
-0.0059470456
-0.0609606053
-0.1081597376
-0.1447312500
-0.1550462918
-0.1400425946
-0.1047213903
-0.0665869920
-0.0309532093
-0.0121985866
-0.0021961210
0.0065560363
0.0074937675
-0.0056344686
-0.0212633209
-0.0197004357
0.0149956167
0.0709469098
0.1325245918
0.1803488845
0.2037921657
0.2012915490
0.1637822993
0.1190837778
0.0853254546
0.0609444438
0.0312496235
-0.0137614718
-0.0631486446
-0.1062842754
-0.1312904378
-0.1325407459
-0.0940937712
-0.0115734325
0.0634450603
0.0875134941
0.0590689815
0.0049931511
-0.0437688681
-0.0800278046
-0.1112855079
-0.1381671324
-0.1406677487
-0.1169118945
-0.0775271883
-0.0247016684
0.0356257022
0.0675085621
0.0634450603
0.0324999317
-0.0140740489
-0.0587725660
-0.0937811941
-0.1090974687
-0.1169118945
-0.1047213903
-0.0672121461
-0.0090728161
0.0596941356
0.1137699676
0.1203340861
0.0940776124
0.0496916697
0.0153081938
-0.0075099309
-0.0409556747
-0.0787774964
-0.0925308860
-0.0722133787
-0.0340789797
0.0024925347
0.0321873546
0.0550054797
0.0634450603
0.0662582539
0.0681337162
0.0659456768
0.0512545550
0.0249980824
0.0012422265
-0.0293903241
-0.0800278046
-0.1312904378
-0.1603601012
-0.1628607174
-0.1491073284
-0.1303527067
-0.1003453118
-0.0631486446
-0.0237639373
0.0040554199
-0.0087602391
-0.0278274389
-0.0206381668
0.0040554199
0.0299993152
0.0425023974
0.0500042468
0.0506294009
0.0387514728
0.0425023974
0.0490665156
0.0437527057
0.0143704626
-0.0184501275
-0.0284525930
0.0074937675
0.0565683650
0.0875134941
0.0906392647
0.0740726804
0.0334376628
-0.0140740489
-0.0665869920
-0.1090974687
-0.1328533230
-0.1347287851
-0.1072220065
-0.0587725660
-0.0115734325
-0.0018835440
-0.0275148618
-0.0694001853
-0.0959692334
-0.1006578889
-0.0937811941
-0.0850290371
-0.0600228742
-0.0234513602
0.0034302658
0.0093692298
-0.0015709670
-0.0162620882
-0.0265771307
-0.0406430976
-0.0615857594
-0.0625234905
-0.0234513602
0.0246855053
0.0487539386
0.0600067127
0.0656330997
0.0443778598
-0.0040715833
-0.0422059829
-0.0400179436
-0.0090728161
0.0137453085
0.0043679970
-0.0109482784
-0.0190752816
-0.0265771307
-0.0234513602
0.0021799576
0.0287490070
0.0425023974
0.0534425944
0.0418772433
0.0040554199
-0.0384550583
-0.0575222579
-0.0472072155
-0.0325160945
-0.0315783634
-0.0390802124
-0.0540839104
-0.0618983364
-0.0425185599
-0.0278274389
-0.0412682517
-0.0606480282
-0.0797152275
-0.0881548075
-0.0759643031
-0.0584599890
-0.0197004357
0.0262483906
0.0740726804
0.1062681180
0.1172083154
0.0965782290
0.0468784762
-0.0112608554
-0.0381424813
-0.0290777470
-0.0015709670
0.0149956167
-0.0021961210
-0.0587725660
-0.1019081970
-0.1081597376
-0.0940937712
-0.0694001853
-0.0347041338
-0.0000080817
0.0199968495
0.0353131252
0.0409395122
0.0390640498
0.0340628169
0.0196842725
0.0053057281
-0.0078225079
-0.0306406323
-0.0537713334
-0.0640863757
-0.0565845267
-0.0487701007
-0.0572096808
-0.0706504935
-0.0753391490
-0.0784649194
-0.0865919223
-0.0878422305
-0.0650241068
-0.0228262061
0.0062434593
0.0274986988
0.0340628169
0.0328125087
0.0318747776
0.0412520892
0.0571935191
0.0706343327
0.0587564044
0.0324999317
0.0274986988
0.0475036303
0.0603192897
0.0428149745
0.0099943839
-0.0050093145
-0.0075099309
-0.0075099309
-0.0096979702
-0.0028212751
0.0109321150
0.0203094266
0.0203094266
0.0249980824
0.0203094266
-0.0009458129
-0.0231387832
-0.0168872423
0.0046805740
0.0356257022
0.0584438274
0.0618821750
0.0675085621
0.0740726804
0.0721972180
0.0381263187
-0.0062596227
-0.0222010521
-0.0087602391
0.0234351971
0.0643827915
0.0872009170
0.0875134941
0.0493790927
0.0012422265
-0.0309532093
-0.0450191762
-0.0493952548
-0.0453317533
-0.0297029011
-0.0103231243
0.0137453085
0.0318747776
0.0428149745
0.0537551715
0.0515671321
0.0415646663
0.0484413615
0.0734475263
0.1084561575
0.1178334695
0.0928273042
0.0612570209
0.0431275516
0.0384388957
0.0228100430
-0.0140740489
-0.0387676354
-0.0406430976
-0.0375173272
-0.0290777470
-0.0215758980
-0.0121985866
-0.0106357013
-0.0325160945
-0.0737762638
-0.1065968525
-0.1137861242
-0.0931560400
-0.0437688681
0.0190591184
0.0693840245
0.0803242216
0.0671959850
0.0453155909
0.0243729283
0.0153081938
0.0049931511
-0.0062596227
-0.0256393996
-0.0387676354
-0.0175123964
0.0081189216
0.0187465413
0.0112446921
-0.0140740489
-0.0422059829
-0.0550216415
-0.0365795961
0.0099943839
0.0559432109
0.0646953686
0.0393766269
0.0087440757
-0.0025086981
-0.0075099309
-0.0150117800
-0.0150117800
-0.0115734325
-0.0175123964
-0.0203255898
-0.0084476620
0.0037428429
0.0074937675
-0.0075099309
-0.0284525930
-0.0359544420
-0.0300154782
-0.0215758980
-0.0159495111
0.0003044953
0.0215597348
0.0309370464
0.0293741611
0.0224974660
0.0184339643
0.0168710790
0.0140578856
0.0109321150
0.0149956167
0.0384388957
0.0715720639
0.0897015335
0.0890763794
0.0734475263
0.0328125087
-0.0096979702
-0.0359544420
-0.0315783634
-0.0237639373
-0.0309532093
-0.0481449466
-0.0628360675
-0.0812781127
-0.0887799616
-0.0806529587
-0.0606480282
-0.0287651700
-0.0056344686
-0.0003206588
-0.0021961210
0.0059308822
0.0187465413
0.0262483906
0.0131201544
-0.0028212751
-0.0150117800
-0.0040715833
0.0118698462
0.0112446921
0.0015548035
-0.0146992030
-0.0262645536
-0.0325160945
-0.0450191762
-0.0725259557
-0.1012830429
-0.1047213903
-0.0837787290
-0.0522084482
-0.0106357013
0.0375011645
0.0640702144
0.0540677486
0.0209345807
-0.0150117800
-0.0478323696
-0.0606480282
-0.0534587563
-0.0265771307
0.0103069609
0.0578186733
0.0968908060
0.1203340861
0.1172083154
0.0809493757
0.0162459249
-0.0450191762
-0.0800278046
-0.0856541912
-0.0562719497
-0.0100105472
0.0281238529
0.0290615841
0.0071811904
-0.0184501275
-0.0300154782
-0.0281400159
-0.0181375505
-0.0112608554
-0.0056344686
0.0024925347
0.0234351971
0.0365634334
0.0315622005
0.0162459249
-0.0071973538
-0.0290777470
-0.0306406323
-0.0137614718
0.0028051117
0.0034302658
-0.0059470456
-0.0215758980
-0.0487701007
-0.0559593727
-0.0440814451
-0.0247016684
-0.0103231243
-0.0012583899
0.0012422265
-0.0021961210
-0.0096979702
-0.0031338522
0.0190591184
0.0509419780
0.0750104116
0.0865757629
0.0862631858
0.0887638023
0.0928273042
0.0853254546
0.0790739134
0.0640702144
0.0331250858
-0.0075099309
-0.0418934058
-0.0618983364
-0.0737762638
-0.0781523424
-0.0678373001
-0.0459569074
-0.0284525930
-0.0262645536
-0.0397053665
-0.0575222579
-0.0678373001
-0.0715882246
-0.0703379164
-0.0540839104
-0.0337664027
-0.0140740489
-0.0015709670
0.0096818068
0.0309370464
0.0500042468
0.0615695980
0.0515671321
0.0215597348
0.0074937675
0.0118698462
0.0174962331
0.0124950003
0.0074937675
0.0143704626
0.0262483906
0.0290615841
0.0137453085
-0.0081350850
-0.0340789797
-0.0537713334
-0.0597102971
-0.0462694844
-0.0181375505
0.0084314986
0.0187465413
0.0221848889
0.0212471577
0.0199968495
0.0212471577
0.0365634334
0.0678211392
0.0834499923
0.0662582539
0.0309370464
-0.0165746652
-0.0565845267
-0.0675247231
-0.0637737986
-0.0534587563
-0.0487701007
-0.0509581400
-0.0465820614
-0.0165746652
0.0199968495
0.0387514728
0.0412520892
0.0312496235
0.0234351971
0.0193716954
0.0174962331
0.0134327314
0.0162459249
0.0240603512
0.0190591184
0.0053057281
0.0012422265
0.0059308822
0.0062434593
-0.0081350850
-0.0281400159
-0.0331412486
-0.0231387832
-0.0128237407
-0.0071973538
-0.0096979702
-0.0100105472
-0.0100105472
-0.0137614718
-0.0197004357
-0.0340789797
-0.0375173272
-0.0337664027
-0.0293903241
-0.0237639373
-0.0156369341
-0.0040715833
0.0140578856
0.0284364300
0.0393766269
0.0375011645
0.0181213872
-0.0034464292
-0.0068847768
0.0087440757
0.0171836561
0.0106195380
0.0046805740
0.0137453085
0.0224974660
0.0224974660
0.0209345807
0.0293741611
0.0296867382
0.0049931511
-0.0290777470
-0.0506455630
-0.0537713334
-0.0525210252
-0.0531461793
-0.0322035175
0.0084314986
0.0396892039
0.0518797091
0.0500042468
0.0503168239
0.0490665156
0.0421898204
0.0378137416
0.0403143580
0.0428149745
0.0387514728
0.0287490070
0.0140578856
-0.0121985866
-0.0365795961
-0.0540839104
-0.0581474119
-0.0556467956
-0.0534587563
-0.0500204089
-0.0409556747
-0.0315783634
-0.0387676354
-0.0497078318
-0.0453317533
-0.0228262061
0.0018673806
0.0234351971
0.0465658992
0.0612570209
0.0590689815
0.0406269351
0.0212471577
0.0193716954
0.0290615841
0.0425023974
0.0503168239
0.0506294009
0.0437527057
0.0365634334
0.0303118923
0.0243729283
0.0168710790
0.0084314986
-0.0059470456
-0.0253268225
-0.0447065992
-0.0559593727
-0.0578348349
-0.0584599890
-0.0525210252
-0.0362670190
-0.0075099309
0.0296867382
0.0575060962
0.0725097951
0.0693840245
0.0512545550
0.0296867382
0.0115572691
0.0018673806
-0.0065721997
-0.0084476620
0.0009296494
0.0162459249
0.0293741611
0.0268735447
0.0196842725
0.0134327314
0.0084314986
0.0134327314
0.0249980824
0.0365634334
0.0478162074
0.0512545550
0.0418772433
0.0234351971
0.0087440757
0.0087440757
0.0246855053
0.0487539386
0.0721972180
0.0847003005
0.0700091786
0.0356257022
-0.0025086981
-0.0334538257
-0.0456443303
-0.0322035175
-0.0012583899
0.0253106594
0.0306244693
0.0234351971
0.0162459249
0.0093692298
-0.0018835440
-0.0225136291
-0.0337664027
-0.0262645536
-0.0171998193
-0.0025086981
0.0165585020
0.0243729283
0.0159333479
-0.0037590063
-0.0187627046
-0.0262645536
-0.0275148618
-0.0231387832
-0.0156369341
-0.0131363177
-0.0087602391
0.0109321150
0.0393766269
0.0525048633
0.0437527057
0.0199968495
-0.0046967374
-0.0081350850
0.0056183052
0.0246855053
0.0437527057
0.0540677486
0.0500042468
0.0334376628
0.0037428429
-0.0234513602
-0.0334538257
-0.0275148618
-0.0121985866
0.0090566527
0.0287490070
0.0403143580
0.0321873546
0.0137453085
-0.0056344686
-0.0146992030
-0.0096979702
0.0074937675
0.0174962331
0.0190591184
0.0193716954
0.0137453085
0.0031176888
-0.0034464292
-0.0018835440
0.0049931511
0.0115572691
0.0146830397
0.0240603512
0.0312496235
0.0259358135
0.0137453085
0.0015548035
-0.0137614718
-0.0268897077
-0.0250142455
-0.0103231243
0.0012422265
0.0093692298
0.0193716954
0.0268735447
0.0324999317
0.0337502399
0.0287490070
0.0259358135
0.0137453085
-0.0087602391
-0.0275148618
-0.0400179436
-0.0428311369
-0.0397053665
-0.0347041338
-0.0328286716
-0.0300154782
-0.0256393996
-0.0159495111
0.0024925347
0.0268735447
0.0503168239
0.0659456768
0.0650079456
0.0503168239
0.0274986988
0.0096818068
-0.0028212751
-0.0090728161
-0.0184501275
-0.0318909404
-0.0381424813
-0.0265771307
-0.0140740489
-0.0096979702
-0.0162620882
-0.0297029011
-0.0390802124
-0.0406430976
-0.0353292879
-0.0200130127
0.0115572691
0.0425023974
0.0534425944
0.0412520892
0.0249980824
0.0087440757
-0.0062596227
-0.0240765143
-0.0468946385
-0.0615857594
-0.0612731823
-0.0434562910
-0.0212633209
-0.0068847768
0.0012422265
0.0015548035
-0.0150117800
-0.0428311369
-0.0640863757
-0.0647115298
-0.0540839104
-0.0337664027
-0.0193878586
-0.0062596227
0.0062434593
0.0115572691
0.0062434593
-0.0075099309
-0.0275148618
-0.0415808288
-0.0472072155
-0.0387676354
-0.0162620882
0.0128075773
0.0343753940
0.0346879711
0.0212471577
-0.0025086981
-0.0243890914
-0.0375173272
-0.0400179436
-0.0415808288
-0.0400179436
-0.0315783634
-0.0109482784
0.0149956167
0.0334376628
0.0384388957
0.0375011645
0.0284364300
0.0162459249
0.0143704626
0.0203094266
0.0249980824
0.0224974660
0.0137453085
0.0062434593
-0.0040715833
-0.0209507439
-0.0256393996
-0.0150117800
-0.0012583899
0.0099943839
0.0074937675
-0.0056344686
-0.0240765143
-0.0484575237
-0.0697127624
-0.0790900735
-0.0765894572
-0.0634612216
-0.0450191762
-0.0262645536
-0.0087602391
0.0121824232
0.0425023974
0.0709469098
0.0793864904
0.0712594868
0.0600067127
0.0553180568
0.0603192897
0.0656330997
0.0687588703
0.0743852574
0.0771984510
0.0659456768
0.0409395122
0.0084314986
-0.0175123964
-0.0284525930
-0.0284525930
-0.0290777470
-0.0312657863
-0.0300154782
-0.0297029011
-0.0340789797
-0.0384550583
-0.0350167109
-0.0284525930
-0.0250142455
-0.0290777470
-0.0309532093
-0.0290777470
-0.0215758980
-0.0115734325
-0.0081350850
-0.0103231243
-0.0075099309
-0.0006332358
0.0046805740
0.0059308822
0.0049931511
-0.0028212751
-0.0128237407
-0.0175123964
-0.0178249734
-0.0140740489
-0.0068847768
0.0003044953
0.0059308822
0.0137453085
0.0199968495
0.0243729283
0.0240603512
0.0156207708
0.0096818068
0.0109321150
0.0115572691
-0.0006332358
-0.0171998193
-0.0275148618
-0.0300154782
-0.0293903241
-0.0225136291
-0.0087602391
0.0087440757
0.0234351971
0.0312496235
0.0303118923
0.0237477742
0.0153081938
0.0040554199
-0.0025086981
0.0037428429
0.0212471577
0.0409395122
0.0468784762
0.0446904368
0.0475036303
0.0500042468
0.0509419780
0.0543803256
0.0565683650
0.0550054797
0.0475036303
0.0375011645
0.0293741611
0.0274986988
0.0268735447
0.0246855053
0.0203094266
0.0124950003
0.0068686134
0.0065560363
0.0171836561
0.0371885875
0.0521922862
0.0575060962
0.0490665156
0.0315622005
0.0196842725
0.0162459249
0.0168710790
0.0178088102
0.0253106594
0.0299993152
0.0346879711
0.0390640498
0.0400017810
0.0334376628
0.0224974660
0.0053057281
-0.0096979702
-0.0215758980
-0.0300154782
-0.0325160945
-0.0365795961
-0.0362670190
-0.0325160945
-0.0303280552
-0.0337664027
-0.0393927895
-0.0431437140
-0.0422059829
-0.0415808288
-0.0475197926
-0.0565845267
-0.0612731823
-0.0540839104
-0.0365795961
-0.0159495111
0.0106195380
0.0359382793
0.0515671321
0.0562557880
0.0534425944
0.0465658992
0.0381263187
0.0309370464
0.0212471577
0.0078063445
-0.0084476620
-0.0209507439
-0.0240765143
-0.0178249734
-0.0075099309
-0.0034464292
-0.0062596227
-0.0087602391
-0.0087602391
-0.0012583899
0.0068686134
0.0056183052
-0.0031338522
-0.0121985866
-0.0215758980
-0.0281400159
-0.0243890914
-0.0062596227
0.0234351971
0.0512545550
0.0665708309
0.0684462933
0.0618821750
0.0509419780
0.0378137416
0.0274986988
0.0196842725
0.0115572691
-0.0006332358
-0.0118860095
-0.0146992030
-0.0125111636
-0.0062596227
0.0021799576
0.0128075773
0.0187465413
0.0287490070
0.0443778598
0.0525048633
0.0525048633
0.0493790927
0.0487539386
0.0493790927
0.0484413615
0.0375011645
0.0190591184
0.0031176888
-0.0053218915
-0.0046967374
-0.0012583899
-0.0012583899
-0.0050093145
-0.0065721997
-0.0134488948
-0.0284525930
-0.0465820614
-0.0565845267
-0.0515832941
-0.0403305206
-0.0262645536
-0.0222010521
-0.0309532093
-0.0418934058
-0.0462694844
-0.0390802124
-0.0234513602
-0.0059470456
0.0065560363
0.0162459249
0.0190591184
0.0196842725
0.0228100430
0.0228100430
0.0221848889
0.0209345807
0.0156207708
0.0074937675
-0.0031338522
-0.0134488948
-0.0206381668
-0.0171998193
-0.0121985866
-0.0103231243
-0.0178249734
-0.0290777470
-0.0325160945
-0.0281400159
-0.0240765143
-0.0206381668
-0.0190752816
-0.0215758980
-0.0250142455
-0.0212633209
-0.0121985866
-0.0040715833
-0.0006332358
-0.0046967374
-0.0134488948
-0.0262645536
-0.0340789797
-0.0347041338
-0.0262645536
-0.0121985866
-0.0012583899
0.0009296494
-0.0040715833
-0.0125111636
-0.0165746652
-0.0153243570
-0.0081350850
0.0024925347
0.0096818068
0.0168710790
0.0290615841
0.0459407451
0.0640702144
0.0771984510
0.0850128776
0.0818871069
0.0718846410
0.0553180568
0.0331250858
0.0149956167
0.0037428429
-0.0065721997
-0.0159495111
-0.0150117800
-0.0031338522
0.0099943839
0.0137453085
0.0074937675
0.0021799576
0.0053057281
0.0112446921
0.0124950003
0.0134327314
0.0193716954
0.0309370464
0.0434401286
0.0490665156
0.0553180568
0.0587564044
0.0556306338
0.0393766269
0.0165585020
-0.0081350850
-0.0259519766
-0.0318909404
-0.0284525930
-0.0197004357
-0.0131363177
-0.0065721997
-0.0009458129
0.0056183052
0.0115572691
0.0174962331
0.0240603512
0.0259358135
0.0190591184
0.0112446921
0.0068686134
0.0062434593
0.0062434593
0.0062434593
0.0040554199
-0.0012583899
-0.0081350850
-0.0125111636
-0.0209507439
-0.0309532093
-0.0347041338
-0.0303280552
-0.0212633209
-0.0103231243
-0.0034464292
-0.0078225079
-0.0209507439
-0.0331412486
-0.0347041338
-0.0290777470
-0.0200130127
-0.0100105472
-0.0028212751
0.0024925347
0.0074937675
0.0087440757
0.0103069609
0.0171836561
0.0271861218
0.0350005481
0.0387514728
0.0412520892
0.0440652827
0.0428149745
0.0299993152
0.0162459249
0.0087440757
0.0074937675
0.0059308822
0.0065560363
0.0112446921
0.0174962331
0.0203094266
0.0168710790
0.0096818068
0.0099943839
0.0118698462
0.0115572691
0.0106195380
0.0099943839
0.0049931511
-0.0028212751
-0.0078225079
-0.0093853932
-0.0087602391
-0.0059470456
-0.0065721997
-0.0103231243
-0.0112608554
-0.0043841604
0.0112446921
0.0281238529
0.0403143580
0.0425023974
0.0328125087
0.0196842725
0.0140578856
0.0187465413
0.0259358135
0.0315622005
0.0365634334
0.0403143580
0.0387514728
0.0278112759
0.0159333479
0.0090566527
0.0059308822
0.0046805740
0.0024925347
0.0006170724
0.0003044953
-0.0012583899
-0.0062596227
-0.0146992030
-0.0228262061
-0.0340789797
-0.0428311369
-0.0462694844
-0.0412682517
-0.0290777470
-0.0140740489
0.0015548035
0.0109321150
0.0118698462
0.0024925347
-0.0115734325
-0.0253268225
-0.0347041338
-0.0375173272
-0.0297029011
-0.0193878586
-0.0100105472
-0.0006332358
0.0068686134
0.0124950003
0.0103069609
0.0024925347
-0.0006332358
0.0031176888
0.0053057281
0.0006170724
-0.0046967374
-0.0021961210
0.0024925347
0.0024925347
-0.0037590063
-0.0090728161
-0.0087602391
-0.0050093145
-0.0015709670
0.0028051117
-0.0009458129
-0.0087602391
-0.0137614718
-0.0140740489
-0.0112608554
-0.0062596227
-0.0006332358
0.0037428429
0.0059308822
0.0109321150
0.0174962331
0.0268735447
0.0384388957
0.0440652827
0.0415646663
0.0353131252
0.0284364300
0.0237477742
0.0228100430
0.0221848889
0.0174962331
0.0099943839
0.0037428429
0.0049931511
0.0131201544
0.0231226201
0.0287490070
0.0309370464
0.0315622005
0.0337502399
0.0356257022
0.0321873546
0.0243729283
0.0165585020
0.0109321150
0.0074937675
0.0034302658
-0.0021961210
-0.0081350850
-0.0137614718
-0.0125111636
-0.0028212751
0.0134327314
0.0299993152
0.0396892039
0.0409395122
0.0299993152
0.0068686134
-0.0175123964
-0.0337664027
-0.0387676354
-0.0365795961
-0.0318909404
-0.0231387832
-0.0106357013
0.0015548035
0.0106195380
0.0128075773
0.0093692298
0.0093692298
0.0140578856
0.0174962331
0.0149956167
0.0093692298
0.0065560363
0.0034302658
-0.0012583899
-0.0050093145
-0.0084476620
-0.0100105472
-0.0112608554
-0.0081350850
-0.0009458129
0.0062434593
0.0093692298
0.0090566527
0.0065560363
0.0059308822
0.0103069609
0.0221848889
0.0390640498
0.0509419780
0.0503168239
0.0409395122
0.0293741611
0.0196842725
0.0099943839
-0.0000080817
-0.0050093145
-0.0090728161
-0.0128237407
-0.0096979702
-0.0006332358
0.0128075773
0.0215597348
0.0193716954
0.0099943839
-0.0006332358
-0.0068847768
-0.0134488948
-0.0200130127
-0.0200130127
-0.0109482784
0.0028051117
0.0149956167
0.0199968495
0.0203094266
0.0162459249
0.0174962331
0.0278112759
0.0425023974
0.0525048633
0.0537551715
0.0531300174
0.0534425944
0.0525048633
0.0459407451
0.0328125087
0.0162459249
-0.0034464292
-0.0225136291
-0.0350167109
-0.0375173272
-0.0325160945
-0.0187627046
-0.0031338522
0.0062434593
0.0112446921
0.0124950003
0.0109321150
0.0049931511
-0.0031338522
-0.0109482784
-0.0146992030
-0.0128237407
-0.0012583899
0.0149956167
0.0293741611
0.0403143580
0.0437527057
0.0434401286
0.0359382793
0.0228100430
0.0099943839
0.0003044953
-0.0025086981
-0.0000080817
0.0049931511
0.0137453085
0.0193716954
0.0190591184
0.0109321150
-0.0053218915
-0.0200130127
-0.0303280552
-0.0322035175
-0.0322035175
-0.0300154782
-0.0278274389
-0.0265771307
-0.0234513602
-0.0159495111
-0.0053218915
0.0012422265
-0.0006332358
-0.0062596227
-0.0137614718
-0.0159495111
-0.0090728161
-0.0025086981
0.0003044953
-0.0006332358
-0.0034464292
-0.0087602391
-0.0175123964
-0.0265771307
-0.0325160945
-0.0328286716
-0.0293903241
-0.0256393996
-0.0200130127
-0.0146992030
-0.0121985866
-0.0121985866
-0.0118860095
-0.0025086981
0.0087440757
0.0128075773
0.0099943839
0.0056183052
0.0084314986
0.0103069609
0.0068686134
-0.0000080817
-0.0050093145
-0.0040715833
0.0009296494
0.0046805740
0.0081189216
0.0093692298
0.0090566527
0.0046805740
-0.0021961210
-0.0096979702
-0.0125111636
-0.0087602391
-0.0015709670
0.0003044953
-0.0009458129
-0.0003206588
0.0015548035
0.0053057281
0.0109321150
0.0212471577
0.0315622005
0.0375011645
0.0359382793
0.0287490070
0.0209345807
0.0131201544
0.0034302658
-0.0040715833
-0.0075099309
-0.0040715833
0.0034302658
0.0087440757
0.0087440757
0.0115572691
0.0334376628
0.0584438274
0.0687588703
0.0540677486
0.0184339643
-0.0212633209
-0.0547090645
-0.0756517261
-0.0806529587
-0.0734636868
-0.0550216415
-0.0300154782
-0.0056344686
0.0159333479
0.0328125087
0.0478162074
0.0771984510
0.1140825447
0.1347126313
0.1243975880
0.0850128776
0.0350005481
-0.0156369341
-0.0578348349
-0.0834661520
-0.0962818104
-0.0987824267
-0.0965943874
-0.0894051156
-0.0712756476
-0.0412682517
0.0009296494
0.0487539386
0.0862631858
0.0997039996
0.0915769959
0.0696966015
0.0446904368
0.0265609676
0.0206220036
0.0224974660
0.0274986988
0.0306244693
0.0287490070
0.0268735447
0.0246855053
0.0187465413
0.0106195380
0.0040554199
-0.0012583899
-0.0003206588
0.0087440757
0.0224974660
0.0309370464
0.0299993152
0.0253106594
0.0287490070
0.0365634334
0.0437527057
0.0453155909
0.0434401286
0.0362508563
0.0224974660
0.0046805740
-0.0096979702
-0.0184501275
-0.0215758980
-0.0218884750
-0.0165746652
-0.0037590063
0.0115572691
0.0253106594
0.0362508563
0.0440652827
0.0465658992
0.0418772433
0.0309370464
0.0193716954
0.0090566527
0.0040554199
0.0059308822
0.0146830397
0.0240603512
0.0253106594
0.0168710790
0.0071811904
0.0012422265
0.0034302658
0.0081189216
0.0106195380
0.0099943839
0.0024925347
-0.0090728161
-0.0178249734
-0.0203255898
-0.0159495111
-0.0078225079
0.0024925347
0.0137453085
0.0256232365
0.0359382793
0.0428149745
0.0484413615
0.0512545550
0.0484413615
0.0378137416
0.0203094266
0.0037428429
-0.0081350850
-0.0146992030
-0.0150117800
-0.0121985866
-0.0081350850
-0.0059470456
-0.0021961210
0.0021799576
0.0068686134
0.0096818068
0.0118698462
0.0124950003
0.0137453085
0.0162459249
0.0187465413
0.0187465413
0.0165585020
0.0109321150
0.0046805740
-0.0025086981
-0.0090728161
-0.0125111636
-0.0121985866
-0.0096979702
-0.0050093145
0.0012422265
0.0065560363
0.0109321150
0.0118698462
0.0124950003
0.0090566527
0.0009296494
-0.0096979702
-0.0137614718
-0.0075099309
0.0040554199
0.0149956167
0.0174962331
0.0118698462
0.0037428429
-0.0009458129
0.0021799576
0.0087440757
0.0156207708
0.0193716954
0.0187465413
0.0137453085
0.0062434593
-0.0015709670
-0.0062596227
-0.0109482784
-0.0181375505
-0.0240765143
-0.0275148618
-0.0284525930
-0.0309532093
-0.0343915568
-0.0340789797
-0.0315783634
-0.0290777470
-0.0272022848
-0.0240765143
-0.0162620882
-0.0021961210
0.0124950003
0.0190591184
0.0193716954
0.0149956167
0.0087440757
0.0037428429
0.0031176888
0.0043679970
0.0021799576
-0.0040715833
-0.0096979702
-0.0112608554
-0.0115734325
-0.0090728161
-0.0059470456
-0.0040715833
-0.0046967374
-0.0068847768
-0.0071973538
-0.0037590063
0.0040554199
0.0137453085
0.0212471577
0.0271861218
0.0299993152
0.0309370464
0.0293741611
0.0243729283
0.0190591184
0.0159333479
0.0134327314
0.0118698462
0.0112446921
0.0074937675
-0.0012583899
-0.0140740489
-0.0240765143
-0.0275148618
-0.0243890914
-0.0165746652
-0.0059470456
0.0024925347
0.0084314986
0.0087440757
0.0078063445
0.0046805740
0.0034302658
0.0053057281
0.0112446921
0.0181213872
0.0240603512
0.0265609676
0.0268735447
0.0318747776
0.0412520892
0.0465658992
0.0453155909
0.0378137416
0.0278112759
0.0156207708
-0.0025086981
-0.0200130127
-0.0328286716
-0.0403305206
-0.0434562910
-0.0428311369
-0.0375173272
-0.0284525930
-0.0190752816
-0.0093853932
0.0015548035
0.0118698462
0.0184339643
0.0253106594
0.0337502399
0.0403143580
0.0412520892
0.0396892039
0.0409395122
0.0478162074
0.0575060962
0.0618821750
0.0562557880
0.0440652827
0.0290615841
0.0149956167
0.0053057281
0.0015548035
0.0021799576
0.0012422265
-0.0021961210
-0.0053218915
-0.0078225079
-0.0056344686
0.0028051117
0.0131201544
0.0162459249
0.0115572691
-0.0003206588
-0.0146992030
-0.0265771307
-0.0300154782
-0.0212633209
-0.0059470456
0.0062434593
0.0109321150
0.0096818068
0.0068686134
0.0046805740
0.0034302658
0.0078063445
0.0140578856
0.0149956167
0.0087440757
-0.0009458129
-0.0040715833
-0.0009458129
0.0049931511
0.0081189216
0.0078063445
0.0109321150
0.0187465413
0.0290615841
0.0375011645
0.0421898204
0.0450030139
0.0440652827
0.0393766269
0.0318747776
0.0253106594
0.0212471577
0.0218723119
0.0243729283
0.0274986988
0.0262483906
0.0196842725
0.0115572691
0.0056183052
0.0021799576
-0.0006332358
-0.0031338522
-0.0062596227
-0.0081350850
-0.0050093145
-0.0000080817
0.0028051117
0.0062434593
0.0090566527
0.0081189216
0.0028051117
-0.0046967374
-0.0103231243
-0.0137614718
-0.0131363177
-0.0062596227
0.0028051117
0.0096818068
0.0118698462
0.0103069609
0.0074937675
0.0021799576
-0.0040715833
-0.0106357013
-0.0165746652
-0.0237639373
-0.0303280552
-0.0365795961
-0.0397053665
-0.0334538257
-0.0225136291
-0.0100105472
-0.0037590063
-0.0031338522
-0.0034464292
-0.0034464292
-0.0031338522
-0.0031338522
-0.0015709670
0.0018673806
0.0093692298
0.0149956167
0.0159333479
0.0099943839
0.0021799576
-0.0015709670
-0.0021961210
-0.0000080817
0.0024925347
0.0059308822
0.0090566527
0.0118698462
0.0131201544
0.0124950003
0.0109321150
0.0115572691
0.0143704626
0.0178088102
0.0209345807
0.0215597348
0.0178088102
0.0090566527
-0.0031338522
-0.0109482784
-0.0131363177
-0.0096979702
-0.0046967374
0.0009296494
0.0065560363
0.0134327314
0.0165585020
0.0165585020
0.0137453085
0.0109321150
0.0131201544
0.0196842725
0.0278112759
0.0309370464
0.0290615841
0.0299993152
0.0312496235
0.0328125087
0.0324999317
0.0287490070
0.0253106594
0.0187465413
0.0134327314
0.0068686134
-0.0003206588
-0.0068847768
-0.0103231243
-0.0109482784
-0.0106357013
-0.0106357013
-0.0100105472
-0.0125111636
-0.0178249734
-0.0250142455
-0.0272022848
-0.0262645536
-0.0212633209
-0.0159495111
-0.0096979702
-0.0021961210
0.0043679970
0.0099943839
0.0162459249
0.0221848889
0.0293741611
0.0328125087
0.0350005481
0.0337502399
0.0271861218
0.0203094266
0.0159333479
0.0146830397
0.0143704626
0.0115572691
0.0065560363
0.0034302658
0.0024925347
0.0040554199
0.0071811904
0.0068686134
0.0024925347
-0.0034464292
-0.0081350850
-0.0081350850
-0.0062596227
-0.0031338522
-0.0003206588
0.0031176888
0.0071811904
0.0131201544
0.0187465413
0.0224974660
0.0240603512
0.0243729283
0.0243729283
0.0237477742
0.0253106594
0.0274986988
0.0284364300
0.0253106594
0.0187465413
0.0124950003
0.0087440757
0.0087440757
0.0112446921
0.0137453085
0.0124950003
0.0053057281
-0.0046967374
-0.0143866259
-0.0190752816
-0.0200130127
-0.0200130127
-0.0184501275
-0.0146992030
-0.0090728161
-0.0025086981
0.0031176888
0.0074937675
0.0087440757
0.0074937675
0.0071811904
0.0074937675
0.0096818068
0.0124950003
0.0118698462
0.0090566527
0.0049931511
0.0031176888
0.0043679970
0.0109321150
0.0215597348
0.0312496235
0.0365634334
0.0393766269
0.0425023974
0.0484413615
0.0550054797
0.0584438274
0.0587564044
0.0596941356
0.0587564044
0.0534425944
0.0418772433
0.0290615841
0.0190591184
0.0143704626
0.0131201544
0.0143704626
0.0137453085
0.0106195380
0.0046805740
-0.0006332358
-0.0021961210
-0.0009458129
0.0028051117
0.0068686134
0.0106195380
0.0140578856
0.0174962331
0.0190591184
0.0159333479
0.0084314986
0.0009296494
-0.0034464292
-0.0059470456
-0.0037590063
0.0009296494
0.0059308822
0.0046805740
-0.0009458129
-0.0100105472
-0.0175123964
-0.0222010521
-0.0231387832
-0.0209507439
-0.0162620882
-0.0112608554
-0.0071973538
-0.0075099309
-0.0103231243
-0.0137614718
-0.0156369341
-0.0175123964
-0.0162620882
-0.0128237407
-0.0071973538
-0.0037590063
-0.0031338522
-0.0078225079
-0.0128237407
-0.0156369341
-0.0146992030
-0.0106357013
-0.0084476620
-0.0068847768
-0.0056344686
-0.0046967374
-0.0046967374
-0.0037590063
-0.0037590063
-0.0056344686
-0.0087602391
-0.0121985866
-0.0159495111
-0.0197004357
-0.0234513602
-0.0290777470
-0.0309532093
-0.0287651700
-0.0253268225
-0.0212633209
-0.0156369341
-0.0087602391
-0.0012583899
0.0062434593
0.0099943839
0.0087440757
0.0053057281
0.0009296494
-0.0006332358
-0.0000080817
0.0015548035
0.0015548035
-0.0018835440
-0.0081350850
-0.0121985866
-0.0109482784
-0.0084476620
-0.0090728161
-0.0125111636
-0.0162620882
-0.0175123964
-0.0159495111
-0.0121985866
-0.0075099309
-0.0034464292
-0.0012583899
-0.0009458129
0.0012422265
0.0040554199
0.0056183052
0.0034302658
0.0012422265
0.0003044953
0.0006170724
0.0012422265
0.0006170724
0.0003044953
0.0006170724
0.0003044953
-0.0031338522
-0.0078225079
-0.0115734325
-0.0150117800
-0.0159495111
-0.0128237407
-0.0090728161
-0.0075099309
-0.0078225079
-0.0112608554
-0.0175123964
-0.0215758980
-0.0253268225
-0.0268897077
-0.0250142455
-0.0209507439
-0.0143866259
-0.0078225079
-0.0025086981
0.0009296494
0.0037428429
0.0071811904
0.0118698462
0.0146830397
0.0140578856
0.0112446921
0.0062434593
0.0003044953
-0.0031338522
-0.0037590063
-0.0037590063
-0.0046967374
-0.0062596227
-0.0062596227
-0.0071973538
-0.0075099309
-0.0081350850
-0.0090728161
-0.0115734325
-0.0146992030
-0.0165746652
-0.0140740489
-0.0087602391
-0.0034464292
-0.0003206588
0.0018673806
0.0056183052
0.0099943839
0.0143704626
0.0174962331
0.0209345807
0.0231226201
0.0240603512
0.0224974660
0.0193716954
0.0184339643
0.0153081938
0.0146830397
0.0128075773
0.0084314986
0.0034302658
-0.0009458129
-0.0025086981
-0.0009458129
0.0012422265
0.0006170724
-0.0012583899
-0.0037590063
-0.0034464292
-0.0000080817
0.0056183052
0.0099943839
0.0109321150
0.0093692298
0.0074937675
0.0081189216
0.0109321150
0.0137453085
0.0168710790
0.0193716954
0.0196842725
0.0193716954
0.0190591184
0.0184339643
0.0181213872
0.0174962331
0.0168710790
0.0165585020
0.0168710790
0.0171836561
0.0187465413
0.0193716954
0.0187465413
0.0171836561
0.0134327314
0.0099943839
0.0103069609
0.0140578856
0.0196842725
0.0234351971
0.0209345807
0.0162459249
0.0106195380
0.0062434593
0.0037428429
0.0021799576
0.0006170724
0.0012422265
0.0006170724
-0.0003206588
-0.0050093145
-0.0109482784
-0.0143866259
-0.0156369341
-0.0146992030
-0.0112608554
-0.0053218915
-0.0012583899
-0.0000080817
0.0003044953
0.0024925347
0.0084314986
0.0153081938
0.0224974660
0.0274986988
0.0278112759
0.0246855053
0.0153081938
0.0031176888
-0.0084476620
-0.0175123964
-0.0206381668
-0.0175123964
-0.0103231243
-0.0021961210
0.0006170724
-0.0006332358
-0.0053218915
-0.0100105472
-0.0118860095
-0.0109482784
-0.0078225079
-0.0021961210
0.0053057281
0.0096818068
0.0124950003
0.0134327314
0.0121824232
0.0099943839
0.0059308822
0.0024925347
0.0006170724
0.0012422265
0.0003044953
-0.0000080817
-0.0012583899
-0.0012583899
-0.0009458129
0.0009296494
0.0037428429
0.0065560363
0.0074937675
0.0084314986
0.0087440757
0.0115572691
0.0159333479
0.0212471577
0.0240603512
0.0234351971
0.0184339643
0.0112446921
0.0068686134
0.0081189216
0.0137453085
0.0203094266
0.0265609676
0.0318747776
0.0362508563
0.0384388957
0.0403143580
0.0415646663
0.0412520892
0.0346879711
0.0246855053
0.0153081938
0.0074937675
0.0024925347
-0.0000080817
-0.0009458129
-0.0021961210
-0.0050093145
-0.0096979702
-0.0140740489
-0.0171998193
-0.0178249734
-0.0137614718
-0.0081350850
-0.0018835440
0.0015548035
0.0024925347
0.0015548035
0.0018673806
0.0040554199
0.0059308822
0.0040554199
-0.0025086981
-0.0100105472
-0.0178249734
-0.0247016684
-0.0287651700
-0.0287651700
-0.0275148618
-0.0259519766
-0.0265771307
-0.0234513602
-0.0178249734
-0.0096979702
-0.0021961210
0.0053057281
0.0109321150
0.0153081938
0.0171836561
0.0184339643
0.0190591184
0.0203094266
0.0203094266
0.0174962331
0.0128075773
0.0087440757
0.0049931511
0.0024925347
-0.0000080817
-0.0031338522
-0.0071973538
-0.0125111636
-0.0190752816
-0.0237639373
-0.0256393996
-0.0256393996
-0.0240765143
-0.0197004357
-0.0112608554
-0.0012583899
0.0084314986
0.0171836561
0.0249980824
0.0318747776
0.0371885875
0.0390640498
0.0371885875
0.0324999317
0.0268735447
0.0209345807
0.0143704626
0.0084314986
0.0028051117
-0.0015709670
-0.0040715833
-0.0025086981
0.0012422265
0.0043679970
0.0068686134
0.0093692298
0.0121824232
0.0146830397
0.0143704626
0.0112446921
0.0071811904
0.0087440757
0.0124950003
0.0165585020
0.0184339643
0.0190591184
0.0187465413
0.0187465413
0.0203094266
0.0253106594
0.0340628169
0.0428149745
0.0471910533
0.0446904368
0.0396892039
0.0303118923
0.0184339643
0.0081189216
0.0006170724
-0.0034464292
-0.0075099309
-0.0112608554
-0.0137614718
-0.0118860095
-0.0050093145
0.0018673806
0.0078063445
0.0134327314
0.0171836561
0.0199968495
0.0203094266
0.0209345807
0.0206220036
0.0184339643
0.0149956167
0.0112446921
0.0090566527
0.0087440757
0.0093692298
0.0118698462
0.0140578856
0.0153081938
0.0118698462
0.0065560363
0.0003044953
-0.0050093145
-0.0081350850
-0.0078225079
-0.0056344686
-0.0037590063
-0.0021961210
-0.0015709670
-0.0006332358
0.0021799576
0.0074937675
0.0140578856
0.0218723119
0.0299993152
0.0343753940
0.0359382793
0.0337502399
0.0306244693
0.0271861218
0.0240603512
0.0221848889
0.0196842725
0.0187465413
0.0184339643
0.0187465413
0.0221848889
0.0256232365
0.0274986988
0.0265609676
0.0237477742
0.0212471577
0.0199968495
0.0203094266
0.0203094266
0.0168710790
0.0115572691
0.0056183052
0.0009296494
-0.0012583899
-0.0015709670
-0.0003206588
0.0024925347
0.0037428429
0.0024925347
0.0015548035
0.0015548035
0.0043679970
0.0096818068
0.0156207708
0.0206220036
0.0234351971
0.0243729283
0.0224974660
0.0203094266
0.0171836561
0.0156207708
0.0143704626
0.0140578856
0.0149956167
0.0153081938
0.0162459249
0.0162459249
0.0143704626
0.0124950003
0.0087440757
0.0034302658
-0.0050093145
-0.0137614718
-0.0187627046
-0.0197004357
-0.0197004357
-0.0175123964
-0.0134488948
-0.0090728161
-0.0084476620
-0.0106357013
-0.0137614718
-0.0150117800
-0.0131363177
-0.0075099309
-0.0031338522
-0.0012583899
-0.0025086981
-0.0040715833
-0.0034464292
-0.0018835440
-0.0009458129
-0.0034464292
-0.0075099309
-0.0118860095
-0.0146992030
-0.0159495111
-0.0165746652
-0.0168872423
-0.0178249734
-0.0175123964
-0.0159495111
-0.0109482784
-0.0065721997
-0.0046967374
-0.0025086981
-0.0031338522
-0.0031338522
-0.0025086981
-0.0009458129
0.0006170724
0.0009296494
-0.0000080817
0.0009296494
0.0034302658
0.0053057281
0.0084314986
0.0099943839
0.0134327314
0.0153081938
0.0156207708
0.0156207708
0.0153081938
0.0134327314
0.0118698462
0.0106195380
0.0093692298
0.0096818068
0.0096818068
0.0084314986
0.0059308822
0.0040554199
0.0040554199
0.0037428429
0.0043679970
0.0046805740
0.0034302658
0.0009296494
-0.0012583899
-0.0015709670
0.0006170724
0.0053057281
0.0084314986
0.0087440757
0.0071811904
0.0043679970
0.0024925347
0.0018673806
0.0037428429
0.0049931511
0.0062434593
0.0034302658
-0.0009458129
-0.0068847768
-0.0115734325
-0.0146992030
-0.0150117800
-0.0134488948
-0.0109482784
-0.0087602391
-0.0071973538
-0.0050093145
-0.0012583899
0.0043679970
0.0099943839
0.0149956167
0.0178088102
0.0187465413
0.0171836561
0.0143704626
0.0118698462
0.0074937675
0.0034302658
-0.0034464292
-0.0096979702
-0.0146992030
-0.0165746652
-0.0184501275
-0.0187627046
-0.0187627046
-0.0175123964
-0.0162620882
-0.0159495111
-0.0162620882
-0.0156369341
-0.0128237407
-0.0090728161
-0.0028212751
0.0049931511
0.0128075773
0.0190591184
0.0243729283
0.0284364300
0.0296867382
0.0287490070
0.0259358135
0.0203094266
0.0118698462
0.0024925347
-0.0046967374
-0.0075099309
-0.0087602391
-0.0081350850
-0.0081350850
-0.0093853932
-0.0096979702
-0.0084476620
-0.0056344686
-0.0028212751
0.0012422265
0.0065560363
0.0121824232
0.0159333479
0.0156207708
0.0124950003
0.0093692298
0.0065560363
0.0062434593
0.0065560363
0.0059308822
0.0053057281
0.0037428429
0.0037428429
0.0043679970
0.0037428429
0.0024925347
-0.0006332358
-0.0050093145
-0.0087602391
-0.0100105472
-0.0087602391
-0.0062596227
-0.0056344686
-0.0056344686
-0.0040715833
-0.0028212751
0.0009296494
0.0049931511
0.0078063445
0.0099943839
0.0115572691
0.0112446921
0.0078063445
0.0034302658
0.0012422265
-0.0006332358
-0.0012583899
-0.0021961210
-0.0031338522
-0.0050093145
-0.0090728161
-0.0143866259
-0.0181375505
-0.0203255898
-0.0197004357
-0.0187627046
-0.0181375505
-0.0184501275
-0.0184501275
-0.0190752816
-0.0193878586
-0.0184501275
-0.0165746652
-0.0150117800
-0.0134488948
-0.0103231243
-0.0065721997
-0.0009458129
0.0056183052
0.0103069609
0.0143704626
0.0159333479
0.0159333479
0.0162459249
0.0162459249
0.0153081938
0.0115572691
0.0053057281
-0.0006332358
-0.0025086981
-0.0006332358
0.0021799576
0.0040554199
0.0049931511
0.0034302658
0.0034302658
0.0024925347
0.0040554199
0.0056183052
0.0053057281
0.0040554199
0.0028051117
0.0018673806
0.0012422265
0.0009296494
0.0015548035
0.0028051117
0.0059308822
0.0090566527
0.0112446921
0.0115572691
0.0109321150
0.0087440757
0.0074937675
0.0071811904
0.0096818068
0.0128075773
0.0134327314
0.0115572691
0.0103069609
0.0093692298
0.0084314986
0.0065560363
0.0046805740
0.0037428429
0.0037428429
0.0046805740
0.0068686134
0.0103069609
0.0140578856
0.0174962331
0.0199968495
0.0215597348
0.0237477742
0.0249980824
0.0234351971
0.0215597348
0.0190591184
0.0159333479
0.0121824232
0.0087440757
0.0074937675
0.0099943839
0.0112446921
0.0121824232
0.0137453085
0.0153081938
0.0134327314
0.0087440757
0.0018673806
-0.0046967374
-0.0096979702
-0.0125111636
-0.0121985866
-0.0100105472
-0.0078225079
-0.0065721997
-0.0075099309
-0.0087602391
-0.0090728161
-0.0093853932
-0.0096979702
-0.0093853932
-0.0087602391
-0.0081350850
-0.0068847768
-0.0056344686
-0.0018835440
0.0040554199
0.0109321150
0.0187465413
0.0246855053
0.0274986988
0.0256232365
0.0184339643
0.0087440757
0.0009296494
-0.0034464292
-0.0031338522
-0.0015709670
-0.0015709670
-0.0056344686
-0.0112608554
-0.0171998193
-0.0206381668
-0.0209507439
-0.0165746652
-0.0090728161
-0.0009458129
0.0059308822
0.0093692298
0.0087440757
0.0043679970
-0.0006332358
-0.0040715833
-0.0034464292
-0.0003206588
0.0034302658
0.0046805740
0.0024925347
-0.0006332358
-0.0009458129
0.0018673806
0.0062434593
0.0112446921
0.0165585020
0.0193716954
0.0199968495
0.0181213872
0.0159333479
0.0137453085
0.0121824232
0.0093692298
0.0059308822
0.0021799576
0.0003044953
-0.0000080817
0.0009296494
0.0028051117
0.0049931511
0.0056183052
0.0046805740
0.0024925347
-0.0003206588
-0.0037590063
-0.0062596227
-0.0081350850
-0.0090728161
-0.0106357013
-0.0121985866
-0.0131363177
-0.0106357013
-0.0059470456
-0.0015709670
0.0034302658
0.0062434593
0.0046805740
-0.0006332358
-0.0065721997
-0.0121985866
-0.0153243570
-0.0171998193
-0.0200130127
-0.0215758980
-0.0206381668
-0.0171998193
-0.0112608554
-0.0050093145
0.0012422265
0.0062434593
0.0087440757
0.0093692298
0.0081189216
0.0062434593
0.0046805740
0.0040554199
0.0037428429
0.0028051117
0.0024925347
0.0012422265
-0.0006332358
0.0003044953
0.0012422265
0.0046805740
0.0071811904
0.0084314986
0.0078063445
0.0059308822
0.0037428429
0.0009296494
-0.0009458129
-0.0003206588
0.0018673806
0.0056183052
0.0099943839
0.0140578856
0.0184339643
0.0231226201
0.0240603512
0.0253106594
0.0268735447
0.0303118923
0.0350005481
0.0412520892
0.0475036303
0.0534425944
0.0575060962
0.0575060962
0.0556306338
0.0546929027
0.0559432109
0.0575060962
0.0600067127
0.0612570209
0.0628199062
0.0615695980
0.0581312503
0.0534425944
0.0475036303
0.0440652827
0.0437527057
0.0450030139
0.0468784762
0.0481287845
0.0471910533
0.0459407451
0.0453155909
0.0462533221
0.0453155909
