-0.0030704724
0.0000558740
0.0022443165
0.0038074898
0.0050580284
0.0063085669
0.0056832976
0.0044327591
0.0028695858
0.0009937780
-0.0015072992
-0.0043210110
-0.0058841842
-0.0061968189
-0.0061968189
-0.0061968189
-0.0055715496
-0.0046336456
-0.0040083763
-0.0033831071
-0.0021325685
-0.0005693953
0.0009937780
0.0038074898
0.0066212016
0.0081843748
0.0078717402
0.0066212016
0.0041201244
0.0013064126
-0.0033831071
-0.0068220881
-0.0077599921
-0.0080726267
-0.0074473574
-0.0065094535
-0.0055715496
-0.0052589149
-0.0046336456
-0.0033831071
-0.0018199338
0.0003685087
0.0016190473
0.0013064126
0.0003685087
-0.0002567606
0.0006811433
0.0025569512
0.0034948551
0.0034948551
0.0019316819
-0.0005693953
-0.0024452031
-0.0052589149
-0.0074473574
-0.0083852614
-0.0080726267
-0.0058841842
-0.0030704724
-0.0011946646
0.0006811433
0.0009937780
0.0003685087
-0.0015072992
-0.0027578378
-0.0030704724
-0.0021325685
-0.0011946646
0.0000558740
0.0006811433
0.0003685087
-0.0002567606
-0.0011946646
-0.0027578378
-0.0043210110
-0.0058841842
-0.0061968189
-0.0046336456
-0.0024452031
0.0000558740
0.0028695858
0.0056832976
0.0063085669
0.0041201244
0.0009937780
-0.0027578378
-0.0043210110
-0.0036957417
-0.0005693953
0.0031822205
0.0072464709
0.0084970095
0.0066212016
0.0028695858
-0.0011946646
-0.0046336456
-0.0055715496
-0.0043210110
-0.0021325685
-0.0002567606
0.0003685087
-0.0002567606
-0.0024452031
-0.0052589149
-0.0083852614
-0.0105737039
-0.0118242424
-0.0099484346
-0.0065094535
-0.0021325685
0.0028695858
0.0066212016
0.0075591055
0.0084970095
0.0078717402
0.0075591055
0.0072464709
0.0078717402
0.0078717402
0.0088096441
0.0094349134
0.0091222788
0.0072464709
0.0044327591
0.0006811433
-0.0021325685
-0.0033831071
-0.0033831071
-0.0030704724
-0.0027578378
-0.0011946646
-0.0008820299
-0.0008820299
-0.0033831071
-0.0061968189
-0.0086978960
-0.0099484346
-0.0096357999
-0.0083852614
-0.0058841842
-0.0033831071
-0.0008820299
0.0000558740
-0.0002567606
-0.0005693953
-0.0015072992
-0.0030704724
-0.0046336456
-0.0074473574
-0.0090105306
-0.0108863385
-0.0111989731
-0.0111989731
-0.0096357999
-0.0086978960
-0.0074473574
-0.0074473574
-0.0061968189
-0.0052589149
-0.0049462803
-0.0043210110
-0.0024452031
0.0013064126
0.0056832976
0.0084970095
0.0109980866
0.0113107213
0.0103728173
0.0084970095
0.0063085669
0.0047453937
0.0031822205
0.0022443165
0.0016190473
0.0006811433
0.0003685087
0.0000558740
-0.0005693953
-0.0005693953
-0.0011946646
-0.0005693953
-0.0002567606
0.0000558740
0.0009937780
0.0013064126
0.0000558740
-0.0008820299
-0.0008820299
-0.0008820299
0.0003685087
0.0016190473
0.0028695858
0.0031822205
0.0047453937
0.0059959323
0.0072464709
0.0069338362
0.0063085669
0.0044327591
0.0034948551
0.0019316819
0.0006811433
0.0003685087
-0.0002567606
0.0006811433
0.0013064126
0.0019316819
0.0019316819
0.0006811433
-0.0005693953
-0.0021325685
-0.0027578378
-0.0018199338
-0.0005693953
0.0000558740
0.0003685087
-0.0015072992
-0.0024452031
-0.0021325685
-0.0015072992
-0.0018199338
-0.0021325685
-0.0021325685
-0.0033831071
-0.0040083763
-0.0040083763
-0.0027578378
-0.0018199338
-0.0002567606
0.0019316819
0.0028695858
0.0031822205
0.0034948551
0.0038074898
0.0028695858
0.0028695858
0.0028695858
0.0028695858
0.0025569512
0.0016190473
-0.0005693953
-0.0024452031
-0.0036957417
-0.0033831071
-0.0030704724
-0.0008820299
0.0009937780
0.0028695858
0.0053706630
0.0053706630
0.0044327591
0.0025569512
0.0003685087
-0.0011946646
-0.0015072992
-0.0011946646
0.0000558740
0.0016190473
0.0019316819
0.0019316819
0.0028695858
0.0028695858
0.0038074898
0.0056832976
0.0066212016
0.0072464709
0.0072464709
0.0063085669
0.0047453937
0.0041201244
0.0034948551
0.0016190473
0.0003685087
-0.0011946646
-0.0033831071
-0.0049462803
-0.0061968189
-0.0068220881
-0.0074473574
-0.0083852614
-0.0093231653
-0.0099484346
-0.0090105306
-0.0074473574
-0.0055715496
-0.0033831071
-0.0024452031
-0.0024452031
-0.0027578378
-0.0036957417
-0.0055715496
-0.0068220881
-0.0071347228
-0.0068220881
-0.0046336456
-0.0027578378
0.0003685087
0.0044327591
0.0081843748
0.0113107213
0.0131865292
0.0138117985
0.0122486252
0.0103728173
0.0081843748
0.0056832976
0.0025569512
0.0000558740
-0.0027578378
-0.0058841842
-0.0083852614
-0.0102610692
-0.0118242424
-0.0127621464
-0.0124495117
-0.0121368771
-0.0111989731
-0.0115116078
-0.0108863385
-0.0102610692
-0.0090105306
-0.0077599921
-0.0071347228
-0.0040083763
-0.0015072992
0.0003685087
0.0006811433
0.0016190473
0.0003685087
-0.0018199338
-0.0024452031
-0.0027578378
-0.0018199338
-0.0011946646
-0.0021325685
-0.0024452031
-0.0027578378
-0.0033831071
-0.0027578378
-0.0015072992
0.0000558740
0.0009937780
0.0016190473
0.0025569512
0.0047453937
0.0066212016
0.0063085669
0.0059959323
0.9088851562
3.6982205933
5.3067399277
4.9490820437
2.8534773260
0.2029557744
-0.5039110916
-0.5445535828
-0.5476799282
-0.5464293900
-0.5448662173
-0.5436156791
0.8366664923
2.3557611187
2.2197646304
1.2537215512
0.2154611622
-0.4119965318
-0.5426777755
-0.5517441773
-0.5414272373
-0.2763131258
0.1226086605
0.4308664898
0.4577530794
0.3136284616
0.0882188468
-0.1103041512
-0.2678719920
-0.3585360205
-0.4016795911
-0.3854225936
-0.3285231012
-0.2728741454
-0.2216020721
-0.1897133428
-0.1772079586
-0.2009681885
-0.2444243976
-0.2835037214
-0.3088271227
-0.3157050835
-0.3219577751
-0.3178935255
-0.3022617964
-0.2894437785
-0.2781889334
-0.2681846265
-0.2553666083
-0.2500518203
-0.2547413392
-0.2741246837
-0.2922574898
-0.3000733544
-0.2997607198
-0.2941332973
-0.2913195860
-0.2900690477
-0.2906943168
-0.2900690477
-0.2878806056
-0.2838163559
-0.2688098957
-0.2528655316
-0.2509897240
-0.2569297813
-0.2581803197
-0.2650582807
-0.2760004913
-0.2831910868
-0.2888185093
-0.2816279138
-0.2675593574
-0.2613066656
-0.2603687618
-0.2525528970
-0.2444243976
-0.2409854171
-0.2456749360
-0.2469254743
-0.2397348787
-0.2294179370
-0.2297305716
-0.2459875706
-0.2591182234
-0.2625572039
-0.2572424159
-0.2441117630
-0.2378590711
-0.2303558408
-0.2206641683
-0.2200388991
-0.2234778797
-0.2262915911
-0.2297305716
-0.2341074560
-0.2347327252
-0.2259789565
-0.2125356687
-0.1906512466
-0.1650152088
-0.1556361705
-0.1728310741
-0.2097219573
-0.2475507435
-0.2681846265
-0.2838163559
-0.2956964702
-0.2935080281
-0.2681846265
-0.2337948214
-0.2072208805
-0.1894007082
-0.1700173626
-0.1562614398
-0.1718931702
-0.2006555539
-0.2281673986
-0.2456749360
-0.2509897240
-0.2350453598
-0.2128483033
-0.2012808231
-0.2059703421
-0.2053450729
-0.1950281310
-0.1925270542
-0.2072208805
-0.2250410527
-0.2325442830
-0.2312937446
-0.2294179370
-0.1784584970
0.7769532295
2.2425870271
2.6452618134
2.1128432783
1.0142431318
-0.0771648811
-0.4929688823
-0.5192301845
-0.5198554536
-0.5170417427
-0.5173543772
-0.5170417427
-0.3128913722
0.6378307217
1.0611383776
0.7900838942
0.2945577435
-0.1346896514
-0.3772940948
-0.4745234437
-0.5045363607
-0.4960952278
-0.4820266730
-0.4610801578
-0.3210198713
-0.1284369591
-0.0155758581
0.0944715401
0.1876366744
0.1598121873
-0.0430877063
-0.2119103995
-0.2616193002
-0.2287926678
-0.1700173626
-0.0871691891
-0.1268737860
-0.2125356687
-0.2822531830
-0.3110155647
-0.3410284843
-0.3297736395
-0.2819405484
-0.2347327252
-0.1962786695
-0.2037818999
-0.2231652451
-0.2738120491
-0.3169556218
-0.3066386806
-0.2775636642
-0.1987797463
-0.0852933814
-0.0052589149
0.0000558740
-0.0705995539
-0.1684541895
-0.2856921635
-0.3379021385
-0.3391526769
-0.3216451405
-0.2963217393
-0.2516149932
-0.1919017850
-0.1590751513
-0.1628267666
-0.1950281310
-0.2165999185
-0.2194136299
-0.1959660348
-0.1693920934
-0.1947154964
-0.2484886473
-0.2459875706
-0.2212894375
-0.2034692653
-0.1969039387
-0.1906512466
-0.1631394012
-0.1431307860
-0.0846681121
-0.0693490154
-0.0502783029
-0.0227664549
-0.0171390313
-0.0033831071
-0.0005693953
-0.0058841842
-0.0480898604
-0.1496961129
-0.2922574898
-0.4029301294
-0.4463863336
-0.4257524526
-0.3522833290
-0.2531781662
-0.1446939591
-0.0237043588
0.0816535188
0.0772766335
-0.0227664549
-0.1493834783
-0.2356706289
-0.2925701243
-0.3116408339
-0.2631824731
-0.1631394012
-0.0937345163
-0.0524667453
-0.0383981867
-0.0493403990
-0.1403170745
-0.2631824731
-0.3413411189
-0.3532212327
-0.3313368124
-0.3097650264
-0.3013238927
-0.2641203769
-0.2087840535
-0.1725184394
-0.2003429193
-0.2960091048
-0.3838594208
-0.4016795911
-0.3263346592
-0.2065956113
-0.1015503818
-0.0190148392
0.0119359906
-0.0149505888
-0.0415245331
-0.0627836882
-0.0906081700
-0.1106167859
-0.1500087475
-0.2172251877
-0.2606813964
-0.2522402624
-0.2003429193
-0.1121799590
-0.0355844750
-0.0333960326
-0.0502783029
-0.0799785927
-0.1465697668
-0.2478633781
-0.3278978321
-0.3422790226
-0.2806900101
-0.2025313615
-0.1434434207
-0.1312506707
-0.1153063052
-0.0677858422
-0.0143253196
-0.0068220881
-0.0465266873
-0.0752890733
-0.0831049390
-0.1203084591
-0.1437560553
-0.1743942471
-0.2634951077
-0.3663518848
-0.4119965318
-0.3966774380
-0.3516580599
-0.2881932401
-0.2266042257
-0.2156620147
-0.2684972611
-0.2691225303
-0.1778332278
-0.0505909375
0.1007242335
0.2420351119
0.3092515755
0.3061252282
0.2679837927
0.2273412808
0.1501205121
0.0547669380
-0.0158884928
-0.0462140526
-0.0396487253
-0.0315202247
-0.0774775157
-0.1684541895
-0.2494265511
-0.2728741454
-0.2638077423
-0.2425485900
-0.2475507435
-0.3203946022
-0.3844846899
-0.3991785146
-0.3647887120
-0.2885058747
-0.2162872839
-0.1484455745
-0.1034261896
-0.0946724201
-0.1396918053
-0.2040945345
-0.2247284181
-0.1831480161
-0.1390665361
-0.1481329399
-0.1215589975
-0.0621584189
-0.0446508795
-0.0499656682
-0.0208906470
-0.0043210110
-0.0212032817
-0.0437129756
-0.0233917241
0.0088096441
0.0100601827
-0.0462140526
-0.1384412668
-0.2206641683
-0.2447370322
-0.2087840535
-0.1262485168
-0.0543425531
-0.0727879963
-0.1631394012
-0.2544287046
-0.3160177180
-0.3569728476
-0.3422790226
-0.2472381089
-0.1031135550
0.0297561656
0.0888441161
0.0719618443
-0.0024452031
-0.0971734971
-0.1778332278
-0.2538034354
-0.3191440638
-0.3460306375
-0.3291483704
-0.2547413392
-0.1393791707
-0.0343339365
0.0328825121
0.0975978868
0.1348014128
0.0766513642
-0.0105737039
-0.0999872087
-0.2178504569
-0.3266472937
-0.3600991934
-0.3219577751
-0.2631824731
-0.2206641683
-0.2025313615
-0.1643899396
-0.1115546897
-0.0277686091
0.0713365749
0.1441804532
0.1807587112
0.1741933828
0.0985357908
0.0075591055
-0.0718500924
-0.1274990553
-0.1325012091
-0.0871691891
-0.0083852614
0.0603943618
0.1238591992
0.1341761435
0.0982231561
0.0285056270
-0.0446508795
-0.1087409781
-0.1653278435
-0.2053450729
-0.2134735725
-0.2162872839
-0.2084714189
-0.1640773050
-0.0881070930
-0.0090105306
0.0156876064
-0.0086978960
-0.0434003409
-0.0881070930
-0.1578246128
-0.2294179370
-0.2678719920
-0.2616193002
-0.2281673986
-0.1612635935
-0.1034261896
-0.0737259002
-0.0727879963
-0.0696616500
-0.0721627270
-0.0687237461
-0.0680984769
-0.0724753617
-0.0662226691
-0.0549678224
-0.0296444169
-0.0196401085
-0.0068220881
0.0241287419
0.0297561656
-0.0102610692
-0.0821670351
-0.1249979783
-0.1234348053
-0.1224969014
-0.1015503818
-0.0471519565
-0.0077599921
-0.0180769353
-0.0759143426
-0.1597004205
-0.2381717057
-0.2966343739
-0.3122661031
-0.2850668943
-0.2140988417
-0.0996745741
-0.0018199338
0.0381973012
0.0147497024
-0.0283938784
-0.0859186506
-0.1665783819
-0.2234778797
-0.2194136299
-0.1847111891
-0.1496961129
-0.1537603629
-0.1647025742
-0.1478203052
-0.1459444976
-0.1597004205
-0.1628267666
-0.1740816125
-0.1947154964
-0.2206641683
-0.2419233208
-0.2409854171
-0.2328569176
-0.2178504569
-0.1997176501
-0.1400044399
-0.0580941687
0.0172507796
0.0813408842
0.1285487193
0.1444930879
0.1423046451
0.1026000415
0.0275677231
-0.0296444169
-0.0477772258
-0.0546551877
-0.0727879963
-0.1090536128
-0.1781458624
-0.2769383950
-0.3297736395
-0.3341505236
-0.2913195860
-0.1803343046
-0.0096357999
0.1579363792
0.2229643950
0.1726302094
0.0560174766
-0.0655973998
-0.1346896514
-0.1387539014
-0.0756017080
0.0050580284
0.0628954391
0.0829040575
0.0678975937
0.0056832976
-0.0859186506
-0.1603256897
-0.1750195163
-0.1506340168
-0.1074904397
-0.0668479383
-0.0552804570
-0.0737259002
-0.1099915166
-0.1446939591
-0.1647025742
-0.1862743621
-0.2015934577
-0.1700173626
-0.1187452860
-0.0802912274
-0.0646594959
-0.0756017080
-0.1099915166
-0.1484455745
-0.1553235359
-0.1168694783
-0.0565309955
-0.0096357999
-0.0196401085
-0.0412118985
-0.0649721306
-0.1162442090
-0.1518845552
-0.1493834783
-0.1281243245
-0.0612205150
0.0247540112
0.0919704628
0.1304245274
0.1054137535
0.0294435310
-0.0712248232
-0.1647025742
-0.2284800332
-0.2800647409
-0.3107029302
-0.2863174326
-0.1953407656
-0.0677858422
0.0222529340
0.0772766335
0.0879062121
0.0306940696
-0.0649721306
-0.1709552664
-0.2353579944
-0.2600561272
-0.2625572039
-0.2341074560
-0.1800216700
-0.0884197276
0.0269424537
0.1157306977
0.1329256048
0.1085401002
0.0875935774
0.0675849590
0.0460131676
0.0047453937
-0.0759143426
-0.1653278435
-0.2090966881
-0.1593877859
-0.0371476482
0.0735250176
0.1197949484
0.1060390228
0.0638333431
0.0203771261
-0.0365223789
-0.0831049390
-0.1309380361
-0.1972165733
-0.2328569176
-0.2341074560
-0.2125356687
-0.1587625166
-0.0937345163
-0.0362097443
-0.0127621464
-0.0208906470
-0.0571562648
-0.0893576315
-0.0837302083
-0.0437129756
-0.0015072992
0.0353835894
0.1060390228
0.2104590071
0.2739238522
0.2689216968
0.2307802625
0.1857608663
0.1213581218
0.0260045498
-0.0627836882
-0.1249979783
-0.1562614398
-0.1725184394
-0.1947154964
-0.2156620147
-0.1981544771
-0.1475076706
-0.1049893627
-0.0771648811
-0.0480898604
-0.0449635141
-0.0809164966
-0.1071778050
-0.1081157089
-0.0871691891
-0.0549678224
-0.0193274738
0.0134991638
0.0063085669
-0.0183895699
-0.0496530336
-0.0655973998
-0.0746638041
-0.1112420551
-0.1590751513
-0.1909638812
-0.2006555539
-0.2137862071
-0.2206641683
-0.1837732853
-0.1112420551
-0.0165137620
0.0947841748
0.1435551838
0.1291739886
0.0541416687
-0.0687237461
-0.1972165733
-0.2622445693
-0.2362958981
-0.1400044399
-0.0383981867
0.0482016102
0.1366772209
0.2101463724
0.2467246324
0.2335939748
0.1632511688
0.0550795726
-0.0796659581
-0.1853364583
-0.2303558408
-0.2084714189
-0.1672036511
-0.1196831898
-0.0752890733
-0.0371476482
-0.0293317823
-0.0652847652
-0.1128052282
-0.1331264784
-0.1153063052
-0.0696616500
-0.0080726267
0.0444499943
0.0885314814
0.0982231561
0.0788398068
0.0591438232
0.0363214933
0.0141244331
0.0050580284
-0.0036957417
-0.0271433398
-0.0527793799
-0.0599699765
-0.0405866292
-0.0152632235
-0.0105737039
-0.0205780124
-0.0521541107
-0.1090536128
-0.1506340168
-0.1503213821
-0.1290622284
-0.0931092470
-0.0524667453
-0.0218285509
-0.0115116078
-0.0133874156
-0.0096357999
-0.0015072992
-0.0002567606
-0.0118242424
-0.0208906470
-0.0155758581
-0.0252675320
-0.0593447072
-0.1015503818
-0.1265611514
-0.1509466514
-0.1894007082
-0.2206641683
-0.2197262645
-0.1775205932
-0.1143684013
-0.0602826111
-0.0074473574
0.0231908379
0.0144370678
-0.0155758581
-0.0393360907
-0.0396487253
-0.0205780124
0.0141244331
0.0547669380
0.0894693854
0.1257350072
0.1466815306
0.1329256048
0.0938462708
0.0216276647
-0.0484024951
-0.0984240356
-0.1228095360
-0.1271864207
-0.1178073821
-0.1059272666
-0.0999872087
-0.1009251126
-0.1112420551
-0.1259358822
-0.1296874976
-0.1165568436
-0.0809164966
-0.0268307052
0.0388225705
0.0969726174
0.1210454871
0.1163559670
0.0800903455
0.0372593973
-0.0052589149
-0.0527793799
-0.0846681121
-0.1049893627
-0.1237474399
-0.1259358822
-0.1278116899
-0.1259358822
-0.0940471509
-0.0477772258
-0.0187022045
-0.0052589149
-0.0005693953
0.0109980866
0.0363214933
0.0700860363
0.1138548896
0.1479320693
0.1651269769
0.1507457815
0.0954094441
0.0316319735
0.0016190473
0.0141244331
0.0263171844
0.0069338362
-0.0387108214
-0.0837302083
-0.1209337283
-0.1512592860
-0.1706426318
-0.1868996313
-0.1906512466
-0.1934649580
-0.1937775926
-0.1784584970
-0.1425055168
-0.0896702661
-0.0299570515
0.0063085669
0.0075591055
-0.0196401085
-0.0596573418
-0.0949850548
-0.0977987664
-0.0621584189
-0.0143253196
0.0081843748
0.0160002410
0.0300688003
0.0366341280
0.0147497024
-0.0133874156
-0.0205780124
0.0006811433
0.0181886835
0.0163128757
0.0203771261
0.0491395142
0.0816535188
0.1038505802
0.1160433323
0.1022874068
0.0575806499
-0.0021325685
-0.0759143426
-0.1393791707
-0.1600130551
-0.1456318629
-0.1346896514
-0.1253106130
-0.0921713431
-0.0499656682
-0.0108863385
0.0034948551
0.0069338362
-0.0005693953
-0.0252675320
-0.0793533235
-0.1371907284
-0.1706426318
-0.1822101123
-0.1734563433
-0.1381286322
-0.0605952457
0.0269424537
0.0885314814
0.0838419615
0.0247540112
-0.0405866292
-0.0771648811
-0.0868565545
-0.0768522465
-0.0358971097
0.0438247250
0.1341761435
0.2035810438
0.2223391256
0.1848229622
0.1147927936
0.0428868210
-0.0462140526
-0.1174947475
-0.1384412668
-0.1018630165
-0.0440256102
-0.0183895699
-0.0315202247
-0.0734132656
-0.1093662474
-0.1228095360
-0.1171821129
-0.0909208046
-0.0424624370
-0.0005693953
0.0069338362
-0.0177643006
-0.0418371677
-0.0549678224
-0.0721627270
-0.0793533235
-0.0737259002
-0.0599699765
-0.0208906470
0.0344456854
0.0713365749
0.0694607670
0.0566427459
0.0438247250
0.0163128757
-0.0137000503
-0.0402739946
-0.0515288414
-0.0430877063
-0.0149505888
0.0128738945
0.0250666458
0.0053706630
-0.0305823208
-0.0502783029
-0.0437129756
-0.0337086672
-0.0227664549
0.0028695858
0.0313193389
0.0653965164
0.0919704628
0.1010368681
0.1007242335
0.0947841748
0.0888441161
0.0635207084
0.0188139528
-0.0118242424
-0.0130747810
-0.0187022045
-0.0509035721
-0.0927966124
-0.1034261896
-0.0902955354
-0.0762269772
-0.0662226691
-0.0659100345
-0.0665353037
-0.0524667453
-0.0471519565
-0.0393360907
-0.0133874156
0.0463258023
0.1132296203
0.1373024902
0.1079148309
0.0782145375
0.0672723243
0.0653965164
0.0544543033
0.0491395142
0.0547669380
0.0494521488
0.0228782033
-0.0190148392
-0.0540299185
-0.0762269772
-0.0902955354
-0.0802912274
-0.0587194380
-0.0493403990
-0.0509035721
-0.0584068033
-0.0440256102
-0.0240169934
-0.0252675320
-0.0484024951
-0.0724753617
-0.0793533235
-0.0774775157
-0.0837302083
-0.1002998434
-0.1012377472
-0.0827923044
-0.0484024951
-0.0237043588
0.0031822205
0.0188139528
0.0069338362
-0.0093231653
-0.0205780124
-0.0371476482
-0.0527793799
-0.0546551877
-0.0249548973
0.0153749717
0.0463258023
0.0860304041
0.1069769269
0.1016621375
0.0528911300
-0.0093231653
-0.0393360907
-0.0327707633
-0.0137000503
0.0125612599
0.0428868210
0.0363214933
-0.0152632235
-0.0430877063
-0.0283938784
-0.0121368771
0.0072464709
0.0416362824
0.0475763409
-0.0099484346
-0.0931092470
-0.1321885745
-0.1193705552
-0.0621584189
0.0009937780
0.0525784954
0.0854051348
0.0779019029
0.0228782033
-0.0380855521
-0.0662226691
-0.0534046492
-0.0308949555
-0.0168263967
0.0275677231
0.0866556735
0.1394909330
0.1507457815
0.0982231561
0.0341330507
0.0003685087
-0.0086978960
0.0041201244
0.0335077814
0.0678975937
0.0975978868
0.1144801590
0.0941589054
0.0200644914
-0.0509035721
-0.0962355933
-0.1168694783
-0.1115546897
-0.0981114010
-0.0724753617
-0.0299570515
-0.0127621464
-0.0224538202
-0.0287065130
-0.0262054359
-0.0205780124
-0.0224538202
-0.0321454940
-0.0252675320
0.0122486252
0.0600817272
0.0772766335
0.0519532261
0.0141244331
-0.0277686091
-0.0643468613
-0.0934218816
-0.1018630165
-0.0774775157
-0.0158884928
0.0516405914
0.1026000415
0.1232339298
0.1022874068
0.0272550884
-0.0555930916
-0.1002998434
-0.1006124780
-0.0621584189
0.0113107213
0.0888441161
0.1326129701
0.1373024902
0.1104159082
0.0775892682
0.0272550884
-0.0393360907
-0.1109294205
-0.1487582091
-0.1634520358
-0.1328138438
-0.0799785927
-0.0321454940
0.0091222788
0.0444499943
0.0547669380
0.0366341280
0.0069338362
-0.0187022045
-0.0437129756
-0.0484024951
-0.0237043588
0.0197518568
0.0678975937
0.1126043509
0.1304245274
0.1313624314
0.1097906389
0.0669596897
0.0285056270
0.0038074898
-0.0005693953
0.0319446082
0.0750881909
0.1051011188
0.1207328524
0.1129169856
0.0632080738
0.0131865292
-0.0055715496
-0.0258928012
-0.0427750716
-0.0599699765
-0.0752890733
-0.0821670351
-0.0796659581
-0.0593447072
-0.0268307052
-0.0180769353
-0.0215159163
-0.0377729175
-0.0515288414
-0.0340213018
0.0038074898
0.0425741864
0.0747755562
0.0800903455
0.0544543033
0.0238161072
0.0056832976
0.0181886835
0.0550795726
0.0760260949
0.0688354977
0.0303814349
-0.0061968189
-0.0293317823
-0.0340213018
-0.0299570515
-0.0243296281
-0.0130747810
-0.0046336456
0.0075591055
0.0244413765
0.0457005329
0.0478889755
0.0260045498
0.0072464709
0.0138117985
0.0397604745
0.0732123829
0.0960347134
0.0985357908
0.0747755562
0.0353835894
-0.0149505888
-0.0652847652
-0.0943597855
-0.0837302083
-0.0690363808
-0.0609078804
-0.0312075901
0.0109980866
0.0328825121
0.0338204161
0.0091222788
-0.0252675320
-0.0521541107
-0.0562183609
-0.0487151297
-0.0318328594
0.0059959323
0.0500774181
0.0838419615
0.1129169856
0.1357393169
0.1648143422
0.1516836855
0.1126043509
0.0578932846
-0.0021325685
-0.0434003409
-0.0652847652
-0.0640342267
-0.0537172838
-0.0512162068
-0.0674732076
-0.0734132656
-0.0559057263
-0.0302696862
0.0153749717
0.0825914228
0.1423046451
0.1766944603
0.1791955378
0.1426172798
0.1010368681
0.0697734016
0.0422615517
0.0109980866
-0.0215159163
-0.0402739946
-0.0477772258
-0.0687237461
-0.0906081700
-0.1009251126
-0.0909208046
-0.0662226691
-0.0465266873
-0.0487151297
-0.0690363808
-0.0762269772
-0.0627836882
-0.0446508795
-0.0174516660
0.0128738945
0.0410110131
0.0585185539
0.0406983785
0.0235034726
0.0356962240
0.0703986710
0.0857177695
0.0588311885
0.0163128757
-0.0202653777
-0.0459014180
-0.0587194380
-0.0640342267
-0.0477772258
-0.0218285509
0.0003685087
-0.0008820299
-0.0190148392
-0.0299570515
-0.0177643006
0.0019316819
0.0038074898
-0.0149505888
-0.0299570515
-0.0293317823
-0.0046336456
0.0206897607
0.0366341280
0.0491395142
0.0541416687
0.0535163994
0.0391352052
0.0141244331
-0.0243296281
-0.0737259002
-0.1046767281
-0.1053019973
-0.0896702661
-0.0624710535
-0.0237043588
0.0316319735
0.0925957321
0.1288613540
0.1235465645
0.1013495028
0.0825914228
0.0638333431
0.0303814349
-0.0199527431
-0.0543425531
-0.0505909375
-0.0315202247
-0.0121368771
0.0091222788
0.0344456854
0.0491395142
0.0569553806
0.0691481323
0.0607069965
0.0313193389
-0.0218285509
-0.0893576315
-0.1318759399
-0.1284369591
-0.0924839778
-0.0383981867
0.0263171844
0.0632080738
0.0716492096
0.0732123829
0.0763387295
0.0700860363
0.0485142448
0.0241287419
0.0119359906
0.0069338362
0.0253792805
0.0732123829
0.1201075831
0.1338635088
0.1160433323
0.0954094441
0.0728997483
0.0460131676
0.0247540112
0.0069338362
-0.0149505888
-0.0499656682
-0.0781027850
-0.0906081700
-0.0740385348
-0.0449635141
-0.0252675320
-0.0227664549
-0.0349592057
-0.0546551877
-0.0721627270
-0.0821670351
-0.0687237461
-0.0199527431
0.0457005329
0.0988484255
0.1351140475
0.1635638035
0.1776323644
0.1654396116
0.1276108153
0.0910325588
0.0488268795
-0.0015072992
-0.0415245331
-0.0599699765
-0.0512162068
-0.0162011274
0.0206897607
0.0388225705
0.0250666458
-0.0093231653
-0.0330833979
-0.0280812437
-0.0133874156
-0.0015072992
0.0038074898
0.0053706630
0.0050580284
0.0044327591
0.0059959323
0.0169381450
0.0381973012
0.0500774181
0.0466384369
0.0522658607
0.0553922073
0.0313193389
-0.0137000503
-0.0443382448
-0.0362097443
-0.0258928012
-0.0271433398
-0.0337086672
-0.0233917241
-0.0018199338
0.0131865292
0.0169381450
0.0131865292
0.0091222788
0.0153749717
0.0369467626
0.0710239403
0.0913451934
0.1000989641
0.1000989641
0.0797777108
0.0444499943
0.0275677231
0.0253792805
0.0091222788
-0.0183895699
-0.0387108214
-0.0437129756
-0.0340213018
-0.0249548973
-0.0162011274
-0.0080726267
-0.0074473574
-0.0130747810
-0.0111989731
-0.0083852614
-0.0030704724
0.0016190473
0.0034948551
0.0069338362
0.0072464709
0.0003685087
-0.0099484346
-0.0090105306
0.0009937780
0.0109980866
0.0125612599
0.0175634143
0.0341330507
0.0525784954
0.0691481323
0.0722744789
0.0669596897
0.0478889755
0.0185013182
-0.0121368771
-0.0368350136
-0.0346465711
-0.0027578378
0.0400731092
0.0769639989
0.0932210014
0.0935336361
0.0863430388
0.0688354977
0.0497647835
0.0297561656
0.0125612599
0.0019316819
-0.0055715496
-0.0108863385
-0.0046336456
0.0125612599
0.0266298191
0.0288182617
0.0238161072
0.0225655686
0.0128738945
-0.0074473574
-0.0165137620
-0.0108863385
-0.0008820299
0.0078717402
0.0153749717
0.0172507796
0.0066212016
-0.0033831071
-0.0165137620
-0.0290191476
-0.0408992638
-0.0462140526
-0.0352718404
-0.0099484346
0.0228782033
0.0525784954
0.0688354977
0.0744629216
0.0641459777
0.0394478398
0.0141244331
-0.0102610692
-0.0080726267
0.0163128757
0.0547669380
0.0913451934
0.0972852521
0.0738376522
0.0353835894
-0.0121368771
-0.0427750716
-0.0434003409
-0.0299570515
-0.0152632235
-0.0049462803
-0.0099484346
-0.0237043588
-0.0333960326
-0.0324581286
-0.0202653777
0.0022443165
0.0300688003
0.0613322658
0.0882188468
0.0969726174
0.0875935774
0.0766513642
0.0569553806
0.0303814349
0.0038074898
-0.0190148392
-0.0246422627
-0.0121368771
0.0053706630
0.0169381450
0.0169381450
0.0094349134
0.0000558740
-0.0133874156
-0.0308949555
-0.0462140526
-0.0308949555
0.0122486252
0.0619575351
0.0860304041
0.0869683081
0.0794650762
0.0804029802
0.0822787881
0.0775892682
0.0625828044
0.0356962240
-0.0030704724
-0.0327707633
-0.0268307052
-0.0036957417
0.0188139528
0.0350709547
0.0391352052
0.0350709547
0.0191265875
0.0016190473
-0.0083852614
-0.0187022045
-0.0358971097
-0.0546551877
-0.0609078804
-0.0383981867
0.0084970095
0.0450752636
0.0663344204
0.0741502869
0.0675849590
0.0353835894
-0.0077599921
-0.0474645912
-0.0693490154
-0.0662226691
-0.0446508795
-0.0090105306
0.0363214933
0.0678975937
0.0929083668
0.1063516575
0.1035379455
0.0869683081
0.0569553806
0.0200644914
-0.0043210110
-0.0230790895
-0.0287065130
-0.0258928012
-0.0177643006
0.0016190473
0.0310067042
0.0535163994
0.0475763409
0.0235034726
0.0013064126
-0.0199527431
-0.0383981867
-0.0477772258
-0.0324581286
0.0044327591
0.0375720319
0.0560174766
0.0675849590
0.0754008256
0.0794650762
0.0675849590
0.0488268795
0.0338204161
0.0185013182
0.0069338362
-0.0058841842
-0.0149505888
-0.0002567606
0.0263171844
0.0600817272
0.0719618443
0.0450752636
0.0147497024
0.0022443165
0.0006811433
0.0138117985
0.0350709547
0.0632080738
0.0716492096
0.0535163994
0.0272550884
0.0031822205
-0.0096357999
-0.0065094535
0.0100601827
0.0269424537
0.0313193389
0.0350709547
0.0425741864
0.0285056270
-0.0015072992
-0.0265180705
-0.0283938784
-0.0171390313
0.0016190473
0.0319446082
0.0657091510
0.0869683081
0.0879062121
0.0782145375
0.0628954391
0.0519532261
0.0460131676
0.0472637062
0.0450752636
0.0328825121
0.0231908379
0.0313193389
0.0403857438
0.0381973012
0.0210023954
-0.0133874156
-0.0618457843
-0.0931092470
-0.0934218816
-0.0634089574
-0.0218285509
0.0128738945
0.0475763409
0.0744629216
0.0857177695
0.0922830974
0.0929083668
0.0922830974
0.0757134602
0.0482016102
0.0272550884
0.0213150300
0.0241287419
0.0225655686
0.0206897607
0.0228782033
0.0275677231
0.0231908379
0.0106854520
0.0000558740
-0.0005693953
0.0075591055
0.0222529340
0.0366341280
0.0378846666
0.0285056270
0.0169381450
0.0078717402
0.0028695858
-0.0077599921
-0.0277686091
-0.0393360907
-0.0237043588
0.0063085669
0.0322572428
0.0428868210
0.0406983785
0.0319446082
0.0188139528
-0.0011946646
-0.0246422627
-0.0349592057
-0.0312075901
-0.0174516660
0.0013064126
0.0181886835
0.0375720319
0.0572680152
0.0682102283
0.0597690925
0.0428868210
0.0347583200
0.0322572428
0.0341330507
0.0403857438
0.0488268795
0.0466384369
0.0403857438
0.0397604745
0.0438247250
0.0466384369
0.0488268795
0.0594564579
0.0638333431
0.0588311885
0.0450752636
0.0322572428
0.0228782033
0.0188139528
0.0034948551
-0.0240169934
-0.0515288414
-0.0630963228
-0.0571562648
-0.0399613599
-0.0127621464
0.0281929924
0.0622701698
0.0685228630
0.0588311885
0.0497647835
0.0469510716
0.0532037647
0.0694607670
0.0979105215
0.1260476419
0.1463688959
0.1576237445
0.1444930879
0.1119790816
0.0700860363
0.0253792805
-0.0243296281
-0.0712248232
-0.1093662474
-0.1346896514
-0.1331264784
-0.0865439199
-0.0162011274
0.0303814349
0.0438247250
0.0391352052
0.0281929924
0.0172507796
0.0088096441
-0.0002567606
-0.0080726267
-0.0168263967
-0.0180769353
-0.0124495117
0.0056832976
0.0344456854
0.0625828044
0.0857177695
0.0947841748
0.0885314814
0.0694607670
0.0425741864
0.0066212016
-0.0312075901
-0.0637215920
-0.0827923044
-0.0871691891
-0.0718500924
-0.0452761487
-0.0158884928
0.0175634143
0.0406983785
0.0472637062
0.0363214933
0.0175634143
0.0119359906
0.0191265875
0.0288182617
0.0278803577
0.0138117985
0.0113107213
0.0200644914
0.0316319735
0.0350709547
0.0335077814
0.0297561656
0.0191265875
-0.0015072992
-0.0230790895
-0.0293317823
-0.0180769353
-0.0005693953
0.0181886835
0.0350709547
0.0522658607
0.0744629216
0.0854051348
0.0838419615
0.0835293268
0.0832166921
0.0854051348
0.0825914228
0.0700860363
0.0541416687
0.0469510716
0.0525784954
0.0660217857
0.0688354977
0.0519532261
0.0322572428
0.0141244331
-0.0046336456
-0.0143253196
-0.0133874156
-0.0108863385
-0.0036957417
-0.0061968189
-0.0111989731
-0.0015072992
0.0300688003
0.0647712471
0.0894693854
0.1047884842
0.1110411776
0.0979105215
0.0628954391
0.0313193389
0.0250666458
0.0300688003
0.0269424537
0.0144370678
-0.0040083763
-0.0246422627
-0.0430877063
-0.0512162068
-0.0515288414
-0.0455887834
-0.0399613599
-0.0405866292
-0.0412118985
-0.0258928012
0.0022443165
0.0256919151
0.0238161072
0.0053706630
-0.0108863385
-0.0190148392
-0.0237043588
-0.0193274738
0.0019316819
0.0319446082
0.0566427459
0.0707113056
0.0722744789
0.0697734016
0.0644586124
0.0553922073
0.0438247250
0.0322572428
0.0263171844
0.0216276647
0.0200644914
0.0194392221
0.0222529340
0.0210023954
0.0134991638
0.0038074898
-0.0024452031
-0.0030704724
-0.0015072992
-0.0040083763
-0.0040083763
-0.0018199338
0.0072464709
0.0203771261
0.0285056270
0.0263171844
0.0235034726
0.0200644914
0.0278803577
0.0463258023
0.0582059192
0.0544543033
0.0503900528
0.0422615517
0.0153749717
-0.0180769353
-0.0352718404
-0.0293317823
-0.0033831071
0.0244413765
0.0475763409
0.0597690925
0.0625828044
0.0607069965
0.0522658607
0.0438247250
0.0366341280
0.0331951468
0.0431994557
0.0707113056
0.1085401002
0.1338635088
0.1338635088
0.1107285429
0.0825914228
0.0510153221
0.0163128757
-0.0243296281
-0.0559057263
-0.0796659581
-0.0902955354
-0.0856060160
-0.0680984769
-0.0418371677
-0.0168263967
0.0009937780
0.0106854520
0.0150623371
0.0203771261
0.0213150300
0.0150623371
0.0091222788
0.0056832976
0.0006811433
-0.0036957417
0.0031822205
0.0275677231
0.0510153221
0.0650838817
0.0760260949
0.0794650762
0.0710239403
0.0472637062
0.0225655686
-0.0040083763
-0.0168263967
-0.0149505888
-0.0068220881
0.0031822205
0.0188139528
0.0369467626
0.0519532261
0.0550795726
0.0422615517
0.0235034726
-0.0018199338
-0.0312075901
-0.0509035721
-0.0562183609
-0.0443382448
-0.0265180705
-0.0111989731
-0.0018199338
0.0059959323
0.0163128757
0.0275677231
0.0388225705
0.0453878983
0.0419489171
0.0222529340
0.0000558740
-0.0146379542
-0.0155758581
-0.0024452031
0.0203771261
0.0394478398
0.0435120904
0.0385099359
0.0366341280
0.0394478398
0.0403857438
0.0372593973
0.0363214933
0.0391352052
0.0450752636
0.0569553806
0.0735250176
0.0797777108
0.0669596897
0.0363214933
0.0059959323
-0.0108863385
-0.0099484346
0.0016190473
0.0094349134
0.0075591055
-0.0015072992
-0.0205780124
-0.0355844750
-0.0358971097
-0.0265180705
-0.0143253196
-0.0024452031
0.0109980866
0.0247540112
0.0335077814
0.0413236478
0.0447626290
0.0472637062
0.0519532261
0.0644586124
0.0813408842
0.0879062121
0.0882188468
0.0829040575
0.0622701698
0.0269424537
-0.0058841842
-0.0268307052
-0.0337086672
-0.0262054359
-0.0030704724
0.0281929924
0.0572680152
0.0741502869
0.0732123829
0.0563301113
0.0256919151
-0.0055715496
-0.0262054359
-0.0315202247
-0.0255801666
-0.0162011274
-0.0090105306
-0.0024452031
0.0053706630
0.0100601827
0.0094349134
0.0084970095
0.0078717402
0.0081843748
0.0063085669
0.0028695858
0.0034948551
0.0075591055
0.0100601827
0.0081843748
0.0044327591
0.0047453937
0.0088096441
0.0150623371
0.0156876064
0.0163128757
0.0210023954
0.0325698775
0.0419489171
0.0444499943
0.0488268795
0.0625828044
0.0735250176
0.0750881909
0.0628954391
0.0478889755
0.0363214933
0.0238161072
0.0063085669
-0.0102610692
-0.0168263967
-0.0068220881
0.0088096441
0.0250666458
0.0381973012
0.0469510716
0.0522658607
0.0500774181
0.0447626290
0.0441373597
0.0425741864
0.0366341280
0.0303814349
0.0297561656
0.0350709547
0.0356962240
0.0347583200
0.0331951468
0.0360088587
0.0372593973
0.0306940696
0.0228782033
0.0194392221
0.0160002410
0.0119359906
0.0069338362
0.0094349134
0.0188139528
0.0366341280
0.0594564579
0.0775892682
0.0841545961
0.0841545961
0.0788398068
0.0703986710
0.0575806499
0.0425741864
0.0297561656
0.0200644914
0.0094349134
-0.0036957417
-0.0171390313
-0.0183895699
-0.0162011274
-0.0171390313
-0.0171390313
-0.0099484346
-0.0040083763
-0.0055715496
-0.0183895699
-0.0293317823
-0.0240169934
-0.0127621464
-0.0027578378
0.0031822205
0.0100601827
0.0210023954
0.0272550884
0.0325698775
0.0394478398
0.0441373597
0.0410110131
0.0325698775
0.0200644914
0.0100601827
0.0059959323
0.0097475481
0.0131865292
0.0185013182
0.0194392221
0.0181886835
0.0128738945
0.0094349134
0.0025569512
-0.0040083763
-0.0061968189
0.0041201244
0.0244413765
0.0381973012
0.0381973012
0.0250666458
0.0103728173
0.0006811433
-0.0065094535
-0.0162011274
-0.0258928012
-0.0321454940
-0.0324581286
-0.0280812437
-0.0177643006
0.0006811433
0.0263171844
0.0488268795
0.0638333431
0.0675849590
0.0582059192
0.0388225705
0.0219402993
0.0153749717
0.0191265875
0.0228782033
0.0225655686
0.0188139528
0.0125612599
0.0113107213
0.0181886835
0.0291308963
0.0353835894
0.0281929924
0.0172507796
0.0063085669
0.0009937780
0.0109980866
0.0313193389
0.0510153221
0.0557048420
0.0497647835
0.0391352052
0.0285056270
0.0169381450
0.0034948551
-0.0118242424
-0.0240169934
-0.0258928012
-0.0177643006
-0.0074473574
-0.0005693953
0.0041201244
0.0084970095
0.0072464709
0.0016190473
-0.0033831071
-0.0080726267
-0.0152632235
-0.0215159163
-0.0233917241
-0.0124495117
0.0003685087
0.0156876064
0.0363214933
0.0610196312
0.0816535188
0.0869683081
0.0797777108
0.0691481323
0.0557048420
0.0391352052
0.0241287419
0.0128738945
0.0016190473
-0.0068220881
-0.0068220881
-0.0002567606
0.0100601827
0.0178760489
0.0235034726
0.0175634143
0.0006811433
-0.0143253196
-0.0171390313
-0.0080726267
0.0113107213
0.0356962240
0.0557048420
0.0616449005
0.0500774181
0.0306940696
0.0116233559
0.0041201244
0.0072464709
0.0134991638
0.0235034726
0.0356962240
0.0494521488
0.0600817272
0.0591438232
0.0488268795
0.0313193389
0.0119359906
0.0006811433
0.0022443165
0.0138117985
0.0256919151
0.0366341280
0.0425741864
0.0463258023
0.0528911300
0.0569553806
0.0485142448
0.0331951468
0.0231908379
0.0269424537
0.0391352052
0.0532037647
0.0685228630
0.0750881909
0.0697734016
0.0560174766
0.0400731092
0.0250666458
0.0150623371
0.0084970095
0.0025569512
-0.0015072992
0.0003685087
0.0000558740
-0.0049462803
-0.0080726267
-0.0055715496
0.0016190473
0.0113107213
0.0160002410
0.0219402993
0.0303814349
0.0394478398
0.0441373597
0.0503900528
0.0632080738
0.0735250176
0.0732123829
0.0694607670
0.0685228630
0.0688354977
0.0641459777
0.0532037647
0.0463258023
0.0488268795
0.0597690925
0.0688354977
0.0669596897
0.0578932846
0.0475763409
0.0378846666
0.0310067042
0.0238161072
0.0225655686
0.0238161072
0.0241287419
0.0169381450
0.0053706630
-0.0036957417
-0.0080726267
-0.0127621464
-0.0086978960
0.0013064126
0.0138117985
0.0225655686
0.0228782033
0.0163128757
0.0116233559
0.0072464709
0.0013064126
-0.0108863385
-0.0233917241
-0.0193274738
-0.0011946646
0.0241287419
0.0491395142
0.0666470550
0.0747755562
0.0719618443
0.0616449005
0.0460131676
0.0328825121
0.0285056270
0.0306940696
0.0378846666
0.0425741864
0.0447626290
0.0444499943
0.0403857438
0.0297561656
0.0141244331
-0.0027578378
-0.0140126849
-0.0168263967
-0.0099484346
0.0028695858
0.0163128757
0.0285056270
0.0353835894
0.0328825121
0.0216276647
0.0047453937
-0.0108863385
-0.0155758581
-0.0086978960
0.0059959323
0.0222529340
0.0385099359
0.0491395142
0.0528911300
0.0507026874
0.0425741864
0.0347583200
0.0325698775
0.0335077814
0.0331951468
0.0288182617
0.0225655686
0.0219402993
0.0219402993
0.0213150300
0.0250666458
0.0328825121
0.0428868210
0.0482016102
0.0482016102
0.0447626290
0.0338204161
0.0156876064
-0.0030704724
-0.0111989731
-0.0099484346
-0.0083852614
-0.0121368771
-0.0155758581
-0.0183895699
-0.0196401085
-0.0183895699
-0.0162011274
-0.0124495117
-0.0086978960
-0.0061968189
0.0000558740
0.0138117985
0.0356962240
0.0569553806
0.0700860363
0.0741502869
0.0710239403
0.0619575351
0.0438247250
0.0166255103
-0.0077599921
-0.0199527431
-0.0215159163
-0.0208906470
-0.0196401085
-0.0140126849
-0.0080726267
-0.0043210110
-0.0046336456
-0.0071347228
-0.0105737039
-0.0130747810
-0.0137000503
-0.0124495117
-0.0071347228
0.0028695858
0.0172507796
0.0344456854
0.0510153221
0.0585185539
0.0497647835
0.0306940696
0.0094349134
-0.0058841842
-0.0096357999
-0.0011946646
0.0119359906
0.0244413765
0.0353835894
0.0475763409
0.0572680152
0.0591438232
0.0497647835
0.0372593973
0.0266298191
0.0206897607
0.0169381450
0.0131865292
0.0278803577
0.0760260949
0.1132296203
0.1132296203
0.0700860363
-0.0011946646
-0.0702869193
-0.1109294205
-0.1109294205
-0.0699742846
-0.0102610692
0.0419489171
0.0725871136
0.0800903455
0.0716492096
0.0525784954
0.0507026874
0.0972852521
0.1460562613
0.1491826081
0.0969726174
0.0097475481
-0.0690363808
-0.1143684013
-0.1196831898
-0.0918587085
-0.0477772258
-0.0065094535
0.0275677231
0.0513279568
0.0578932846
0.0460131676
0.0291308963
0.0225655686
0.0263171844
0.0375720319
0.0532037647
0.0703986710
0.0844672308
0.0897820201
0.0822787881
0.0682102283
0.0532037647
0.0447626290
0.0457005329
0.0507026874
0.0485142448
0.0391352052
0.0300688003
0.0297561656
0.0275677231
0.0203771261
0.0084970095
-0.0011946646
-0.0049462803
-0.0011946646
0.0084970095
0.0244413765
0.0403857438
0.0535163994
0.0563301113
0.0482016102
0.0350709547
0.0194392221
0.0053706630
-0.0061968189
-0.0099484346
-0.0068220881
-0.0018199338
0.0025569512
0.0041201244
0.0031822205
0.0038074898
0.0028695858
0.0050580284
0.0084970095
0.0125612599
0.0141244331
0.0119359906
0.0088096441
0.0100601827
0.0156876064
0.0244413765
0.0341330507
0.0431994557
0.0494521488
0.0557048420
0.0607069965
0.0619575351
0.0535163994
0.0416362824
0.0303814349
0.0213150300
0.0138117985
0.0109980866
0.0122486252
0.0131865292
0.0109980866
0.0059959323
0.0003685087
-0.0055715496
-0.0093231653
-0.0118242424
-0.0140126849
-0.0143253196
-0.0068220881
0.0066212016
0.0247540112
0.0457005329
0.0644586124
0.0750881909
0.0744629216
0.0669596897
0.0632080738
0.0635207084
0.0622701698
0.0528911300
0.0378846666
0.0216276647
0.0056832976
-0.0065094535
-0.0080726267
-0.0058841842
-0.0018199338
0.0050580284
0.0125612599
0.0172507796
0.0191265875
0.0219402993
0.0278803577
0.0341330507
0.0394478398
0.0425741864
0.0416362824
0.0394478398
0.0366341280
0.0325698775
0.0256919151
0.0219402993
0.0244413765
0.0328825121
0.0431994557
0.0513279568
0.0503900528
0.0438247250
0.0275677231
0.0066212016
-0.0086978960
-0.0124495117
-0.0055715496
0.0047453937
0.0109980866
0.0169381450
0.0241287419
0.0341330507
0.0425741864
0.0435120904
0.0406983785
0.0378846666
0.0350709547
0.0341330507
0.0375720319
0.0460131676
0.0538290340
0.0550795726
0.0522658607
0.0475763409
0.0419489171
0.0353835894
0.0278803577
0.0206897607
0.0153749717
0.0116233559
0.0097475481
0.0041201244
-0.0052589149
-0.0149505888
-0.0230790895
-0.0293317823
-0.0343339365
-0.0374602828
-0.0349592057
-0.0265180705
-0.0118242424
0.0041201244
0.0175634143
0.0322572428
0.0485142448
0.0653965164
0.0782145375
0.0835293268
0.0800903455
0.0685228630
0.0522658607
0.0353835894
0.0225655686
0.0163128757
0.0131865292
0.0119359906
0.0109980866
0.0119359906
0.0166255103
0.0231908379
0.0250666458
0.0269424537
0.0353835894
0.0485142448
0.0635207084
0.0769639989
0.0835293268
0.0804029802
0.0707113056
0.0632080738
0.0591438232
0.0566427459
0.0488268795
0.0353835894
0.0260045498
0.0225655686
0.0203771261
0.0150623371
0.0094349134
0.0078717402
0.0088096441
0.0066212016
0.0025569512
-0.0021325685
-0.0052589149
-0.0043210110
0.0022443165
0.0138117985
0.0244413765
0.0291308963
0.0288182617
0.0247540112
0.0178760489
0.0066212016
-0.0030704724
-0.0068220881
-0.0046336456
0.0031822205
0.0128738945
0.0231908379
0.0344456854
0.0450752636
0.0550795726
0.0653965164
0.0738376522
0.0779019029
0.0713365749
0.0563301113
0.0416362824
0.0322572428
0.0275677231
0.0247540112
0.0194392221
0.0125612599
0.0053706630
0.0016190473
0.0003685087
0.0025569512
0.0041201244
0.0041201244
0.0022443165
0.0050580284
0.0169381450
0.0328825121
0.0457005329
0.0513279568
0.0525784954
0.0494521488
0.0406983785
0.0278803577
0.0134991638
0.0003685087
-0.0121368771
-0.0252675320
-0.0305823208
-0.0271433398
-0.0152632235
-0.0005693953
0.0103728173
0.0172507796
0.0228782033
0.0288182617
0.0338204161
0.0372593973
0.0410110131
0.0444499943
0.0457005329
0.0463258023
0.0488268795
0.0538290340
0.0610196312
0.0641459777
0.0588311885
0.0444499943
0.0272550884
0.0116233559
-0.0021325685
-0.0074473574
-0.0046336456
0.0053706630
0.0163128757
0.0244413765
0.0275677231
0.0250666458
0.0210023954
0.0153749717
0.0100601827
0.0013064126
-0.0065094535
-0.0102610692
-0.0015072992
0.0153749717
0.0328825121
0.0428868210
0.0441373597
0.0353835894
0.0210023954
0.0069338362
0.0013064126
0.0025569512
0.0094349134
0.0169381450
0.0194392221
0.0178760489
0.0194392221
0.0297561656
0.0419489171
0.0485142448
0.0466384369
0.0372593973
0.0241287419
0.0122486252
0.0041201244
-0.0005693953
-0.0061968189
-0.0152632235
-0.0255801666
-0.0299570515
-0.0271433398
-0.0193274738
-0.0086978960
-0.0005693953
0.0041201244
0.0025569512
-0.0002567606
-0.0046336456
-0.0058841842
-0.0043210110
0.0009937780
0.0081843748
0.0150623371
0.0219402993
0.0300688003
0.0378846666
0.0435120904
0.0453878983
0.0431994557
0.0372593973
0.0278803577
0.0213150300
0.0191265875
0.0197518568
0.0197518568
0.0178760489
0.0181886835
0.0181886835
0.0141244331
0.0044327591
-0.0058841842
-0.0118242424
-0.0108863385
-0.0061968189
0.0031822205
0.0153749717
0.0281929924
0.0406983785
0.0525784954
0.0616449005
0.0660217857
0.0666470550
0.0647712471
0.0588311885
0.0457005329
0.0269424537
0.0125612599
0.0063085669
0.0034948551
0.0031822205
0.0088096441
0.0181886835
0.0269424537
0.0341330507
0.0419489171
0.0497647835
0.0519532261
0.0475763409
0.0375720319
0.0244413765
0.0100601827
0.0009937780
0.0009937780
0.0059959323
0.0134991638
0.0197518568
0.0241287419
0.0253792805
0.0244413765
0.0244413765
0.0250666458
0.0238161072
0.0200644914
0.0153749717
0.0141244331
0.0150623371
0.0169381450
0.0203771261
0.0225655686
0.0210023954
0.0175634143
0.0153749717
0.0141244331
0.0103728173
0.0075591055
0.0100601827
0.0163128757
0.0231908379
0.0275677231
0.0303814349
0.0338204161
0.0353835894
0.0322572428
0.0256919151
0.0175634143
0.0113107213
0.0050580284
-0.0015072992
-0.0011946646
0.0028695858
0.0088096441
0.0141244331
0.0191265875
0.0222529340
0.0250666458
0.0250666458
0.0244413765
0.0244413765
0.0238161072
0.0194392221
0.0119359906
0.0091222788
0.0138117985
0.0225655686
0.0325698775
0.0385099359
0.0447626290
0.0525784954
0.0597690925
0.0638333431
0.0619575351
0.0535163994
0.0403857438
0.0272550884
0.0216276647
0.0228782033
0.0281929924
0.0341330507
0.0391352052
0.0397604745
0.0350709547
0.0263171844
0.0163128757
0.0066212016
-0.0005693953
-0.0033831071
0.0009937780
0.0047453937
0.0069338362
0.0088096441
0.0113107213
0.0116233559
0.0113107213
0.0088096441
0.0075591055
0.0075591055
0.0138117985
0.0197518568
0.0213150300
0.0175634143
0.0131865292
0.0103728173
0.0081843748
0.0075591055
0.0109980866
0.0153749717
0.0144370678
0.0084970095
-0.0002567606
-0.0083852614
-0.0115116078
-0.0130747810
-0.0124495117
-0.0077599921
0.0047453937
0.0203771261
0.0331951468
0.0413236478
0.0438247250
0.0375720319
0.0260045498
0.0166255103
0.0144370678
0.0153749717
0.0141244331
0.0119359906
0.0097475481
0.0069338362
0.0047453937
0.0047453937
0.0081843748
0.0131865292
0.0169381450
0.0178760489
0.0166255103
0.0169381450
0.0175634143
0.0197518568
0.0197518568
0.0163128757
0.0091222788
-0.0011946646
-0.0143253196
-0.0249548973
-0.0287065130
-0.0287065130
-0.0258928012
-0.0215159163
-0.0140126849
-0.0033831071
0.0044327591
0.0084970095
0.0100601827
0.0113107213
0.0103728173
0.0088096441
0.0084970095
0.0106854520
0.0109980866
0.0072464709
0.0016190473
-0.0011946646
-0.0021325685
-0.0058841842
-0.0127621464
-0.0183895699
-0.0133874156
-0.0033831071
0.0081843748
0.0188139528
0.0266298191
0.0328825121
0.0347583200
0.0363214933
0.0356962240
0.0316319735
0.0235034726
0.0175634143
0.0166255103
0.0194392221
0.0210023954
0.0181886835
0.0134991638
0.0078717402
0.0034948551
-0.0005693953
-0.0058841842
-0.0090105306
-0.0093231653
-0.0074473574
-0.0043210110
0.0006811433
0.0072464709
0.0144370678
0.0197518568
0.0216276647
0.0222529340
0.0194392221
0.0138117985
0.0075591055
0.0050580284
0.0053706630
0.0063085669
0.0050580284
0.0028695858
0.0009937780
0.0000558740
0.0031822205
0.0109980866
0.0197518568
0.0269424537
0.0260045498
0.0197518568
0.0113107213
0.0047453937
0.0006811433
-0.0018199338
-0.0061968189
-0.0121368771
-0.0205780124
-0.0230790895
-0.0199527431
-0.0133874156
-0.0071347228
-0.0030704724
0.0013064126
0.0072464709
0.0103728173
0.0122486252
0.0141244331
0.0163128757
0.0197518568
0.0228782033
0.0263171844
0.0291308963
0.0316319735
0.0341330507
0.0341330507
0.0310067042
0.0269424537
0.0231908379
0.0213150300
0.0213150300
0.0222529340
0.0200644914
0.0175634143
0.0147497024
0.0150623371
0.0203771261
0.0269424537
0.0303814349
0.0260045498
0.0181886835
0.0094349134
0.0013064126
-0.0030704724
-0.0021325685
0.0025569512
0.0075591055
0.0153749717
0.0203771261
0.0219402993
0.0191265875
0.0128738945
0.0041201244
-0.0043210110
-0.0068220881
-0.0021325685
0.0059959323
0.0128738945
0.0166255103
0.0194392221
0.0225655686
0.0263171844
0.0322572428
0.0378846666
0.0416362824
0.0394478398
0.0341330507
0.0281929924
0.0225655686
0.0150623371
0.0072464709
0.0022443165
0.0025569512
0.0056832976
0.0081843748
0.0100601827
0.0103728173
0.0106854520
0.0128738945
0.0163128757
0.0213150300
0.0281929924
0.0369467626
0.0472637062
0.0525784954
0.0544543033
0.0522658607
0.0482016102
0.0422615517
0.0356962240
0.0338204161
0.0353835894
0.0385099359
0.0394478398
0.0375720319
0.0278803577
0.0138117985
-0.0021325685
-0.0133874156
-0.0155758581
-0.0137000503
-0.0071347228
-0.0008820299
0.0063085669
0.0141244331
0.0197518568
0.0244413765
0.0256919151
0.0241287419
0.0225655686
0.0247540112
0.0322572428
0.0428868210
0.0535163994
0.0632080738
0.0675849590
0.0691481323
0.0663344204
0.0613322658
0.0585185539
0.0591438232
0.0625828044
0.0625828044
0.0585185539
0.0491395142
0.0375720319
0.0256919151
0.0153749717
0.0075591055
0.0038074898
0.0044327591
0.0109980866
0.0200644914
0.0313193389
0.0378846666
0.0397604745
0.0378846666
0.0366341280
0.0353835894
0.0353835894
0.0369467626
0.0391352052
0.0360088587
0.0266298191
0.0134991638
0.0041201244
-0.0011946646
-0.0021325685
0.0003685087
0.0031822205
0.0056832976
0.0097475481
0.0153749717
0.0222529340
0.0269424537
0.0294435310
0.0294435310
0.0269424537
0.0235034726
0.0175634143
0.0125612599
0.0128738945
0.0203771261
0.0325698775
0.0431994557
0.0507026874
0.0525784954
0.0497647835
0.0438247250
0.0369467626
0.0328825121
0.0297561656
0.0275677231
0.0247540112
0.0238161072
0.0216276647
0.0197518568
0.0166255103
0.0131865292
0.0119359906
0.0125612599
0.0169381450
0.0241287419
0.0335077814
0.0428868210
0.0497647835
0.0507026874
0.0457005329
0.0381973012
0.0306940696
0.0241287419
0.0200644914
0.0206897607
0.0263171844
0.0350709547
0.0416362824
0.0441373597
0.0428868210
0.0406983785
0.0353835894
0.0275677231
0.0213150300
0.0175634143
0.0153749717
0.0141244331
0.0128738945
0.0134991638
0.0163128757
0.0194392221
0.0247540112
0.0294435310
0.0335077814
0.0353835894
0.0360088587
0.0369467626
0.0397604745
0.0466384369
0.0550795726
0.0613322658
0.0638333431
0.0607069965
0.0507026874
0.0369467626
0.0244413765
0.0160002410
0.0084970095
0.0034948551
-0.0011946646
-0.0058841842
-0.0121368771
-0.0165137620
-0.0158884928
-0.0093231653
-0.0011946646
0.0075591055
0.0141244331
0.0197518568
0.0241287419
0.0263171844
0.0228782033
0.0169381450
0.0113107213
0.0078717402
0.0091222788
0.0134991638
0.0178760489
0.0228782033
0.0266298191
0.0297561656
0.0297561656
0.0281929924
0.0250666458
0.0244413765
0.0241287419
0.0241287419
0.0222529340
0.0200644914
0.0213150300
0.0238161072
0.0288182617
0.0306940696
0.0297561656
0.0269424537
0.0241287419
0.0216276647
0.0197518568
0.0185013182
0.0169381450
0.0131865292
0.0100601827
0.0091222788
0.0109980866
0.0144370678
0.0172507796
0.0188139528
0.0191265875
0.0200644914
0.0213150300
0.0231908379
0.0235034726
0.0250666458
0.0278803577
0.0310067042
0.0356962240
0.0375720319
0.0338204161
0.0250666458
0.0138117985
0.0047453937
0.0000558740
0.0013064126
0.0059959323
0.0106854520
0.0131865292
0.0134991638
0.0106854520
0.0072464709
0.0038074898
0.0022443165
0.0031822205
0.0075591055
0.0147497024
0.0225655686
0.0291308963
0.0338204161
0.0363214933
0.0366341280
0.0350709547
0.0328825121
0.0303814349
0.0269424537
0.0241287419
0.0200644914
0.0163128757
0.0131865292
0.0097475481
0.0059959323
0.0016190473
-0.0011946646
-0.0033831071
-0.0052589149
-0.0086978960
-0.0105737039
-0.0105737039
-0.0065094535
-0.0011946646
0.0034948551
0.0078717402
0.0122486252
0.0160002410
0.0200644914
0.0213150300
0.0203771261
0.0191265875
0.0160002410
0.0131865292
0.0122486252
0.0106854520
0.0091222788
0.0075591055
0.0075591055
0.0091222788
0.0094349134
0.0050580284
-0.0049462803
-0.0133874156
-0.0180769353
-0.0180769353
-0.0162011274
-0.0115116078
-0.0058841842
-0.0024452031
-0.0024452031
-0.0033831071
-0.0036957417
-0.0011946646
0.0025569512
0.0078717402
0.0106854520
0.0138117985
0.0172507796
0.0213150300
0.0231908379
0.0203771261
0.0153749717
0.0094349134
0.0044327591
-0.0005693953
-0.0046336456
-0.0071347228
-0.0068220881
-0.0058841842
-0.0055715496
-0.0052589149
-0.0033831071
-0.0002567606
0.0031822205
0.0075591055
0.0128738945
0.0197518568
0.0260045498
0.0313193389
0.0344456854
0.0356962240
0.0360088587
0.0360088587
0.0363214933
0.0350709547
0.0341330507
0.0341330507
0.0338204161
0.0335077814
0.0300688003
0.0260045498
0.0206897607
0.0138117985
0.0066212016
-0.0018199338
-0.0115116078
-0.0224538202
-0.0305823208
-0.0352718404
-0.0362097443
-0.0352718404
-0.0315202247
-0.0258928012
-0.0190148392
-0.0124495117
-0.0055715496
0.0025569512
0.0094349134
0.0134991638
0.0144370678
0.0125612599
0.0113107213
0.0100601827
0.0081843748
0.0044327591
-0.0011946646
-0.0071347228
-0.0102610692
-0.0105737039
-0.0077599921
-0.0046336456
-0.0015072992
-0.0011946646
-0.0024452031
-0.0033831071
-0.0027578378
-0.0008820299
0.0022443165
0.0072464709
0.0163128757
0.0278803577
0.0406983785
0.0513279568
0.0572680152
0.0588311885
0.0538290340
0.0463258023
0.0356962240
0.0253792805
0.0172507796
0.0113107213
0.0094349134
0.0106854520
0.0119359906
0.0134991638
0.0147497024
0.0147497024
0.0138117985
0.0116233559
0.0081843748
0.0050580284
0.0028695858
0.0022443165
0.0031822205
0.0063085669
0.0100601827
0.0122486252
0.0131865292
0.0160002410
0.0175634143
0.0219402993
0.0269424537
0.0303814349
0.0281929924
0.0241287419
0.0203771261
0.0185013182
0.0216276647
0.0278803577
0.0353835894
0.0403857438
0.0428868210
0.0425741864
0.0406983785
0.0356962240
0.0263171844
0.0144370678
0.0038074898
-0.0018199338
-0.0030704724
0.0013064126
0.0094349134
0.0191265875
0.0281929924
0.0316319735
0.0288182617
0.0219402993
0.0156876064
0.0125612599
0.0131865292
0.0169381450
0.0181886835
0.0153749717
0.0094349134
0.0031822205
-0.0002567606
-0.0011946646
-0.0021325685
-0.0018199338
-0.0024452031
-0.0049462803
-0.0102610692
-0.0149505888
-0.0155758581
-0.0105737039
-0.0030704724
0.0069338362
0.0156876064
0.0225655686
0.0260045498
0.0250666458
0.0231908379
0.0210023954
0.0188139528
0.0178760489
0.0166255103
0.0163128757
0.0181886835
0.0222529340
0.0263171844
0.0278803577
0.0278803577
0.0250666458
0.0216276647
0.0188139528
0.0163128757
0.0138117985
0.0131865292
0.0153749717
0.0197518568
0.0231908379
0.0235034726
0.0210023954
0.0169381450
0.0119359906
0.0072464709
0.0044327591
0.0056832976
0.0094349134
0.0144370678
0.0178760489
0.0166255103
0.0122486252
0.0063085669
0.0009937780
-0.0027578378
-0.0024452031
0.0031822205
0.0122486252
0.0197518568
0.0256919151
0.0288182617
0.0281929924
0.0235034726
0.0178760489
0.0128738945
0.0088096441
0.0019316819
-0.0055715496
-0.0108863385
-0.0108863385
-0.0065094535
0.0016190473
0.0119359906
0.0203771261
0.0253792805
0.0253792805
0.0200644914
0.0134991638
0.0097475481
0.0069338362
0.0047453937
0.0034948551
0.0022443165
0.0003685087
-0.0015072992
-0.0024452031
-0.0024452031
-0.0033831071
-0.0046336456
-0.0065094535
-0.0071347228
-0.0043210110
0.0016190473
0.0075591055
0.0138117985
0.0206897607
0.0241287419
0.0235034726
0.0206897607
0.0181886835
0.0188139528
0.0194392221
0.0200644914
0.0197518568
0.0172507796
0.0128738945
0.0056832976
0.0025569512
0.0056832976
0.0141244331
0.0210023954
0.0250666458
0.0272550884
0.0269424537
0.0238161072
0.0203771261
0.0160002410
0.0119359906
0.0078717402
0.0044327591
0.0034948551
0.0066212016
0.0128738945
0.0197518568
0.0253792805
0.0291308963
0.0300688003
0.0269424537
0.0231908379
0.0200644914
0.0188139528
0.0156876064
0.0116233559
0.0072464709
0.0022443165
-0.0018199338
-0.0052589149
-0.0074473574
-0.0077599921
-0.0061968189
-0.0049462803
-0.0018199338
0.0034948551
0.0097475481
0.0160002410
0.0210023954
0.0253792805
0.0297561656
0.0328825121
0.0344456854
0.0313193389
0.0253792805
0.0153749717
0.0041201244
-0.0043210110
-0.0074473574
-0.0068220881
-0.0049462803
-0.0027578378
0.0009937780
0.0034948551
0.0031822205
0.0013064126
0.0022443165
0.0066212016
0.0131865292
0.0166255103
0.0172507796
0.0175634143
0.0188139528
0.0216276647
0.0253792805
0.0291308963
0.0328825121
0.0328825121
0.0288182617
0.0222529340
0.0128738945
0.0003685087
-0.0143253196
-0.0274559744
-0.0362097443
-0.0424624370
-0.0474645912
-0.0512162068
-0.0502783029
-0.0459014180
-0.0374602828
-0.0246422627
-0.0093231653
0.0081843748
0.0213150300
0.0291308963
0.0341330507
0.0366341280
0.0385099359
0.0375720319
0.0356962240
0.0347583200
0.0335077814
0.0303814349
0.0244413765
0.0166255103
0.0088096441
0.0009937780
-0.0046336456
-0.0077599921
-0.0074473574
-0.0061968189
-0.0052589149
-0.0049462803
-0.0033831071
-0.0021325685
-0.0021325685
-0.0018199338
-0.0008820299
0.0016190473
0.0038074898
0.0063085669
0.0103728173
0.0141244331
0.0144370678
0.0125612599
0.0100601827
0.0091222788
0.0100601827
0.0122486252
0.0156876064
0.0210023954
0.0247540112
0.0238161072
0.0200644914
0.0166255103
0.0153749717
0.0150623371
0.0134991638
0.0119359906
0.0106854520
0.0097475481
0.0081843748
0.0081843748
0.0100601827
0.0103728173
0.0081843748
0.0050580284
0.0034948551
0.0047453937
0.0075591055
0.0116233559
0.0169381450
0.0213150300
0.0235034726
0.0225655686
0.0200644914
0.0169381450
0.0166255103
0.0178760489
0.0191265875
0.0210023954
0.0222529340
0.0244413765
0.0253792805
0.0260045498
0.0266298191
0.0275677231
0.0278803577
0.0278803577
0.0278803577
0.0269424537
0.0263171844
0.0263171844
0.0278803577
0.0310067042
0.0350709547
0.0391352052
0.0441373597
0.0485142448
0.0516405914
0.0538290340
0.0569553806
0.0625828044
0.0697734016
0.0766513642
0.0819661535
0.0879062121
0.0919704628
0.0925957321
0.0897820201
0.0832166921
0.0769639989
0.0725871136
0.0697734016
0.0694607670
0.0707113056
