0.0366195890
0.0356819436
0.0338066526
0.0328690071
0.0297435222
0.0278682313
0.0266180373
0.0253678433
0.0253678433
0.0238051009
0.0228674554
0.0213047129
0.0194294220
0.0175541311
0.0159913886
0.0156788401
0.0166164856
0.0184917765
0.0213047129
0.0238051009
0.0266180373
0.0291184252
0.0306811677
0.0319313617
0.0338066526
0.0347442981
0.0353693951
0.0350568466
0.0350568466
0.0338066526
0.0325564586
0.0303686192
0.0269305858
0.0234925524
0.0203670675
0.0181792280
0.0166164856
0.0169290341
0.0178666796
0.0197419705
0.0213047129
0.0222423584
0.0238051009
0.0241176494
0.0247427463
0.0253678433
0.0253678433
0.0253678433
0.0253678433
0.0263054888
0.0263054888
0.0266180373
0.0275556828
0.0281807798
0.0281807798
0.0288058767
0.0297435222
0.0297435222
0.0291184252
0.0294309737
0.0303686192
0.0313062647
0.0313062647
0.0313062647
0.0303686192
0.0294309737
0.0288058767
0.0284933282
0.0288058767
0.0284933282
0.0281807798
0.0281807798
0.0275556828
0.0275556828
0.0281807798
0.0281807798
0.0284933282
0.0284933282
0.0281807798
0.0269305858
0.0259929403
0.0256803918
0.0266180373
0.0272431343
0.0281807798
0.0303686192
0.0306811677
0.0313062647
0.0300560707
0.0281807798
0.0266180373
0.0253678433
0.0241176494
0.0244301979
0.0244301979
0.0234925524
0.0231800039
0.0234925524
0.0234925524
0.0234925524
0.0231800039
0.0222423584
0.0216172614
0.0206796160
0.0209921645
0.0216172614
0.0231800039
0.0244301979
0.0253678433
0.0256803918
0.0250552948
0.0241176494
0.0231800039
0.0225549069
0.0231800039
0.0241176494
0.0250552948
0.0256803918
0.0266180373
0.0266180373
0.0259929403
0.0247427463
0.0234925524
0.0216172614
0.0206796160
0.0203670675
0.0206796160
0.0216172614
0.0222423584
0.0234925524
0.0241176494
0.0259929403
0.0272431343
0.0284933282
0.0294309737
0.0300560707
0.0300560707
0.0294309737
0.0284933282
0.0278682313
0.0278682313
0.0278682313
0.0278682313
0.0278682313
0.0281807798
0.0275556828
0.0272431343
0.0269305858
0.0263054888
0.0256803918
0.0250552948
0.0231800039
0.0216172614
0.0206796160
0.0191168735
0.0184917765
0.0184917765
0.0188043250
0.0194294220
0.0197419705
0.0213047129
0.0225549069
0.0241176494
0.0259929403
0.0263054888
0.0266180373
0.0259929403
0.0263054888
0.0263054888
0.0259929403
0.0253678433
0.0250552948
0.0244301979
0.0244301979
0.0241176494
0.0244301979
0.0247427463
0.0241176494
0.0241176494
0.0231800039
0.0234925524
0.0238051009
0.0250552948
0.0256803918
0.0253678433
0.0247427463
0.0244301979
0.0247427463
0.0244301979
0.0253678433
0.0266180373
0.0272431343
0.0278682313
0.0288058767
0.0297435222
0.0300560707
0.0284933282
0.0275556828
0.0253678433
0.0241176494
0.0231800039
0.0231800039
0.0238051009
0.0250552948
0.0253678433
0.0253678433
0.0253678433
0.0253678433
0.0253678433
0.0253678433
0.0256803918
0.0266180373
0.0272431343
0.0288058767
0.0297435222
0.0303686192
0.0306811677
0.0306811677
0.0303686192
0.0300560707
0.0294309737
0.0297435222
0.0294309737
0.0297435222
0.0291184252
0.0288058767
0.0278682313
0.0275556828
0.0269305858
0.0259929403
0.0250552948
0.0238051009
0.0228674554
0.0222423584
0.0222423584
0.0225549069
0.0225549069
0.0216172614
0.0203670675
0.0200545190
0.0194294220
0.0200545190
0.0213047129
0.0225549069
0.0253678433
0.0269305858
0.0291184252
0.0303686192
0.0309937162
0.0313062647
0.0306811677
0.0297435222
0.0284933282
0.0284933282
0.0275556828
0.0259929403
0.0238051009
0.0219298099
0.0194294220
0.0172415826
0.0163039371
0.0156788401
0.0172415826
0.0184917765
0.0197419705
0.0209921645
0.0228674554
0.0231800039
0.0241176494
0.0250552948
0.0253678433
0.0263054888
0.0269305858
0.0278682313
0.0288058767
0.0297435222
0.0300560707
0.0294309737
0.0284933282
0.0272431343
0.0263054888
0.0263054888
0.0253678433
0.0253678433
0.0250552948
0.0244301979
0.0234925524
0.0231800039
0.0228674554
0.0225549069
0.0228674554
0.0225549069
0.0222423584
0.0216172614
0.0213047129
0.0206796160
0.0203670675
0.0200545190
0.0200545190
0.0213047129
0.0216172614
0.0225549069
0.0231800039
0.0238051009
0.0250552948
0.0263054888
0.0269305858
0.0266180373
0.0259929403
0.0256803918
0.0250552948
0.0256803918
0.0253678433
0.0250552948
0.0244301979
0.0238051009
0.0225549069
0.0216172614
0.0203670675
0.0203670675
0.0209921645
0.0216172614
0.0222423584
0.0228674554
0.0231800039
0.0238051009
0.0250552948
0.0266180373
0.0278682313
0.0275556828
0.0272431343
0.0278682313
0.0278682313
0.0300560707
0.0309937162
0.0309937162
0.0288058767
0.0253678433
0.0219298099
0.0178666796
0.0150537431
0.0147411947
0.0153662916
0.0178666796
0.0197419705
0.0206796160
0.0209921645
0.0203670675
0.0197419705
0.0191168735
0.0197419705
0.0213047129
0.0225549069
0.0234925524
0.0228674554
0.0225549069
0.0216172614
0.0216172614
0.0219298099
0.0228674554
0.0247427463
0.0266180373
0.0278682313
0.0288058767
0.0284933282
0.0281807798
0.0278682313
0.0272431343
0.0269305858
0.0263054888
0.0247427463
0.0228674554
0.0203670675
0.0191168735
0.0181792280
0.0188043250
0.0200545190
0.0213047129
0.0234925524
0.0253678433
0.0263054888
0.0272431343
0.0275556828
0.0266180373
0.0259929403
0.0259929403
0.0266180373
0.0269305858
0.0272431343
0.0269305858
0.0263054888
0.0256803918
0.0250552948
0.0228674554
0.0213047129
0.2747815508
1.5396657783
1.6565590009
1.6399939181
1.4083953239
0.1188198438
-0.1534098880
-0.1677871177
-0.1696624085
-0.1677871177
-0.1671620207
-0.1662243753
-0.1659118268
-0.1549726304
0.3132250191
0.2354004375
-0.0315159815
-0.1584106635
-0.1665369238
-0.1674745692
-0.1668494723
-0.1659118268
-0.1655992784
-0.1659118268
-0.1655992784
-0.1652867299
-0.1649741814
-0.1646616330
-0.1649741814
-0.1643490845
-0.1640365360
-0.1634114391
-0.1634114391
-0.1630988906
-0.1618486967
-0.1596608574
-0.1621612452
-0.1618486967
-0.1624737937
-0.1637239876
-0.1618486967
-0.1605985028
-0.1609110513
-0.1599734059
-0.1596608574
-0.1596608574
-0.1593483090
-0.1590357605
-0.1584106635
-0.1584106635
-0.1574730181
-0.1577855666
-0.1574730181
-0.1574730181
-0.1571604697
-0.1568479212
-0.1571604697
-0.1565353727
-0.1559102758
-0.1555977273
-0.1555977273
-0.1552851788
-0.1549726304
-0.1549726304
-0.1543475334
-0.1543475334
-0.1540349849
-0.1537224365
-0.1534098880
-0.1527847911
-0.1527847911
-0.1524722426
-0.1524722426
-0.1518471456
-0.1518471456
-0.1515345972
-0.1512220487
-0.1512220487
-0.1505969518
-0.1502844033
-0.1502844033
-0.1499718548
-0.1493467579
-0.1493467579
-0.1493467579
-0.1487216609
-0.1484091124
-0.1477840155
-0.1480965640
-0.1477840155
-0.1477840155
-0.1474714670
-0.1471589186
-0.1468463701
-0.1468463701
-0.1465338216
-0.1462212731
-0.1452836277
-0.1455961762
-0.1452836277
-0.1449710793
-0.1449710793
-0.1443459823
-0.1440334338
-0.1440334338
-0.1437208854
-0.1434083369
-0.1430957884
-0.1427832399
-0.1424706915
-0.1424706915
-0.1424706915
-0.1421581430
-0.1418455945
-0.1412204976
-0.1412204976
-0.1412204976
-0.1412204976
-0.1405954006
-0.1405954006
-0.1399703037
-0.1396577552
-0.1399703037
-0.1393452067
-0.1396577552
-0.1390326583
-0.1384075613
-0.1387201098
-0.1387201098
-0.1387201098
-0.1380950128
-0.1377824644
-0.1374699159
-0.1371573674
-0.1355946251
-0.1359071735
-0.1371573674
-0.1374699159
-0.1368448190
-0.1355946251
-0.1352820766
-0.1349695281
-0.1346569796
-0.1346569796
-0.1346569796
-0.1340318827
-0.1337193342
-0.1340318827
-0.1337193342
-0.1330942373
-0.1330942373
-0.1327816888
-0.1321565918
0.2800948757
1.1633571677
1.4862199493
1.1783595029
0.3729217882
-0.1074652623
-0.1377824644
-0.1393452067
-0.1396577552
-0.1393452067
-0.1393452067
-0.1384075613
-0.1374699159
-0.1374699159
-0.1377824644
-0.1287185586
-0.1374699159
-0.1380950128
-0.1371573674
-0.1374699159
-0.1365322705
-0.1362197220
-0.1365322705
-0.1359071735
-0.1359071735
-0.1327816888
-0.1315314949
-0.1340318827
-0.1352820766
-0.1346569796
-0.1343444312
-0.1343444312
-0.1337193342
-0.1337193342
-0.1330942373
-0.1327816888
-0.1334067857
-0.1324691403
-0.1324691403
-0.1321565918
-0.1318440434
-0.1312189464
-0.1315314949
-0.1312189464
-0.1312189464
-0.1309063979
-0.1299687525
-0.1302813010
-0.1302813010
-0.1299687525
-0.1296562041
-0.1290311071
-0.1290311071
-0.1290311071
-0.1287185586
-0.1280934617
-0.1280934617
-0.1277809132
-0.1274683647
-0.1274683647
-0.1277809132
-0.1277809132
-0.1268432678
-0.1274683647
-0.1271558163
-0.1262181708
-0.1262181708
-0.1265307193
-0.1259056224
-0.1259056224
-0.1252805254
-0.1249679769
-0.1249679769
-0.1246554285
-0.1243428800
-0.1240303315
-0.1237177830
-0.1240303315
-0.1234052346
-0.1234052346
-0.1234052346
-0.1227801376
-0.1224675891
-0.1224675891
-0.1221550407
-0.1218424922
-0.1218424922
-0.1215299437
-0.1209048468
-0.1202797498
-0.1202797498
-0.1202797498
-0.1202797498
-0.1202797498
-0.1202797498
-0.1199672013
-0.1199672013
-0.1196546529
-0.1193421044
-0.1190295559
-0.1184044590
-0.1187170074
-0.1187170074
-0.1184044590
-0.1184044590
-0.1174668135
-0.1174668135
-0.1174668135
-0.1171542651
-0.1171542651
-0.1168417166
-0.1162166196
-0.1162166196
-0.1159040712
-0.1162166196
-0.1162166196
-0.1159040712
-0.1159040712
-0.1149664257
-0.1152789742
-0.1149664257
-0.1149664257
-0.1149664257
-0.1143413288
-0.1146538772
-0.1143413288
-0.1137162318
-0.1134036833
-0.1134036833
-0.1134036833
-0.1127785864
-0.1127785864
-0.1127785864
-0.1121534894
-0.1124660379
-0.1121534894
-0.1118409410
-0.1118409410
-0.1118409410
-0.1112158440
-0.1112158440
-0.1109032955
-0.1105907471
-0.1112158440
-0.1105907471
-0.1102781986
-0.1102781986
-0.1096531016
-0.1099656501
-0.1090280047
-0.1093405532
-0.1087154562
-0.1090280047
-0.1084029077
-0.1077778108
-0.1077778108
-0.1074652623
-0.1080903592
-0.1071527138
-0.1074652623
-0.1071527138
-0.1071527138
-0.1071527138
-0.1068401653
-0.1068401653
-0.1062150684
-0.1062150684
-0.1062150684
-0.1059025199
-0.1055899714
-0.1055899714
-0.1055899714
-0.1052774230
-0.1055899714
-0.1052774230
-0.1049648745
-0.1049648745
-0.1040272291
-0.1043397775
-0.1040272291
-0.1040272291
-0.1040272291
-0.1034021321
-0.1034021321
-0.1034021321
-0.1027770351
-0.1024644867
-0.1024644867
-0.1021519382
-0.1024644867
-0.1021519382
-0.1018393897
-0.1018393897
-0.1018393897
-0.1015268412
-0.1012142928
-0.1005891958
-0.1009017443
-0.1009017443
-0.1002766473
-0.1005891958
-0.0999640988
-0.0999640988
-0.0993390019
-0.0996515504
-0.0996515504
-0.0990264534
-0.0987139049
-0.0990264534
-0.0987139049
-0.0984013565
-0.0977762595
-0.0980888080
-0.0984013565
-0.0980888080
-0.0974637110
-0.0974637110
-0.0980888080
-0.0971511625
-0.0971511625
-0.0965260656
-0.0965260656
-0.0965260656
-0.0962135171
-0.0959009686
-0.0962135171
-0.0952758717
-0.0949633232
-0.0949633232
-0.0952758717
-0.0949633232
-0.0946507747
-0.0946507747
-0.0946507747
-0.0943382262
-0.0937131293
-0.0940256778
-0.0943382262
-0.0937131293
-0.0934005808
-0.0930880323
-0.0930880323
-0.0930880323
-0.0930880323
-0.0937131293
-0.0927754839
-0.0921503869
-0.0924629354
-0.0921503869
-0.0924629354
-0.0918378384
-0.0915252899
-0.0909001930
-0.0912127415
-0.0909001930
-0.0909001930
-0.0912127415
-0.0905876445
-0.0902750960
-0.0905876445
-0.0905876445
-0.0896499991
-0.0899625476
-0.0890249021
-0.0893374506
-0.0893374506
-0.0890249021
-0.0890249021
-0.0890249021
-0.0887123536
-0.0877747082
-0.0883998052
-0.0880872567
-0.0880872567
-0.0883998052
-0.0880872567
-0.0871496112
-0.0877747082
-0.0871496112
-0.0871496112
-0.0871496112
-0.0865245143
-0.0868370628
-0.0865245143
-0.0862119658
-0.0862119658
-0.0862119658
-0.0858994173
-0.0855868688
-0.0852743204
-0.0852743204
-0.0849617719
-0.0849617719
-0.0852743204
-0.0846492234
-0.0849617719
-0.0843366749
-0.0843366749
-0.0840241265
-0.0840241265
-0.0837115780
-0.0837115780
-0.0833990295
-0.0833990295
-0.0833990295
-0.0830864810
-0.0830864810
-0.0824613841
-0.0824613841
-0.0821488356
-0.0821488356
-0.0812111901
-0.0815237386
-0.0818362871
-0.0812111901
-0.0815237386
-0.0808986417
-0.0805860932
-0.0812111901
-0.0808986417
-0.0808986417
-0.0808986417
-0.0808986417
-0.0805860932
-0.0802735447
-0.0802735447
-0.0799609962
-0.0799609962
-0.0799609962
-0.0799609962
-0.0799609962
-0.0799609962
-0.0796484477
-0.0799609962
-0.0793358993
-0.0790233508
-0.0783982538
-0.0790233508
-0.0787108023
-0.0783982538
-0.0787108023
-0.0783982538
-0.0777731569
-0.0777731569
-0.0777731569
-0.0774606084
-0.0774606084
-0.0774606084
-0.0771480599
-0.0771480599
-0.0774606084
-0.0771480599
-0.0768355114
-0.0765229629
-0.0762104145
-0.0758978660
-0.0758978660
-0.0755853175
-0.0758978660
-0.0752727690
-0.0749602205
-0.0752727690
-0.0752727690
-0.0749602205
-0.0752727690
-0.0743351236
-0.0749602205
-0.0746476721
-0.0746476721
-0.0740225751
-0.0743351236
-0.0743351236
-0.0743351236
-0.0740225751
-0.0737100266
-0.0740225751
-0.0733974781
-0.0737100266
-0.0727723812
-0.0737100266
-0.0730849297
-0.0730849297
-0.0727723812
-0.0727723812
-0.0721472842
-0.0721472842
-0.0721472842
-0.0718347357
-0.0721472842
-0.0721472842
-0.0715221873
-0.0715221873
-0.0712096388
-0.0708970903
-0.0712096388
-0.0708970903
-0.0708970903
-0.0712096388
-0.0708970903
-0.0699594449
-0.0705845418
-0.0696468964
-0.0699594449
-0.0699594449
-0.0705845418
-0.0699594449
-0.0696468964
-0.0699594449
-0.0699594449
-0.0693343479
-0.0696468964
-0.0693343479
-0.0683967025
-0.0687092509
-0.0690217994
-0.0683967025
-0.0683967025
-0.0683967025
-0.0674590570
-0.0680841540
-0.0680841540
-0.0677716055
-0.0674590570
-0.0674590570
-0.0674590570
-0.0671465085
-0.0674590570
-0.0668339601
-0.0671465085
-0.0668339601
-0.0671465085
-0.0665214116
-0.0671465085
-0.0665214116
-0.0662088631
-0.0662088631
-0.0658963146
-0.0658963146
-0.0652712176
-0.0652712176
-0.0655837661
-0.0655837661
-0.0652712176
-0.0655837661
-0.0655837661
-0.0655837661
-0.0649586692
-0.0649586692
-0.0646461207
-0.0646461207
-0.0646461207
-0.0643335722
-0.0646461207
-0.0643335722
-0.0643335722
-0.0643335722
-0.0637084752
-0.0640210237
-0.0640210237
-0.0643335722
-0.0640210237
-0.0637084752
-0.0637084752
-0.0633959268
-0.0630833783
-0.0633959268
-0.0627708298
-0.0630833783
-0.0627708298
-0.0624582813
-0.0624582813
-0.0624582813
-0.0627708298
-0.0621457328
-0.0621457328
-0.0621457328
-0.0621457328
-0.0621457328
-0.0621457328
-0.0618331844
-0.0621457328
-0.0612080874
-0.0615206359
-0.0608955389
-0.0608955389
-0.0608955389
-0.0608955389
-0.0608955389
-0.0608955389
-0.0605829904
-0.0602704419
-0.0599578935
-0.0602704419
-0.0605829904
-0.0602704419
-0.0602704419
-0.0599578935
-0.0596453450
-0.0590202480
-0.0596453450
-0.0593327965
-0.0596453450
-0.0590202480
-0.0593327965
-0.0593327965
-0.0593327965
-0.0593327965
-0.0593327965
-0.0590202480
-0.0587076995
-0.0590202480
-0.0593327965
-0.0583951511
-0.0590202480
-0.0590202480
-0.0590202480
-0.0590202480
-0.0587076995
-0.0587076995
-0.0583951511
-0.0583951511
-0.0583951511
-0.0580826026
-0.0580826026
-0.0583951511
-0.0574575056
-0.0577700541
-0.0574575056
-0.0571449571
-0.0574575056
-0.0568324086
-0.0568324086
-0.0568324086
-0.0565198602
-0.0565198602
-0.0562073117
-0.0562073117
-0.0562073117
-0.0558947632
-0.0555822147
-0.0552696662
-0.0552696662
-0.0549571177
-0.0549571177
-0.0546445693
-0.0546445693
-0.0549571177
-0.0546445693
-0.0546445693
-0.0549571177
-0.0546445693
-0.0549571177
-0.0540194723
-0.0540194723
-0.0546445693
-0.0540194723
-0.0537069238
-0.0537069238
-0.0537069238
-0.0530818269
-0.0533943753
-0.0533943753
-0.0533943753
-0.0530818269
-0.0530818269
-0.0524567299
-0.0524567299
-0.0524567299
-0.0530818269
-0.0530818269
-0.0524567299
-0.0524567299
-0.0521441814
-0.0521441814
-0.0521441814
-0.0521441814
-0.0518316329
-0.0515190844
-0.0515190844
-0.0512065360
-0.0512065360
-0.0515190844
-0.0512065360
-0.0512065360
-0.0505814390
-0.0508939875
-0.0508939875
-0.0508939875
-0.0505814390
-0.0505814390
-0.0508939875
-0.0505814390
-0.0505814390
-0.0502688905
-0.0502688905
-0.0499563420
-0.0502688905
-0.0502688905
-0.0496437935
-0.0502688905
-0.0499563420
-0.0496437935
-0.0499563420
-0.0493312451
-0.0493312451
-0.0487061481
-0.0490186966
-0.0493312451
-0.0490186966
-0.0487061481
-0.0490186966
-0.0490186966
-0.0490186966
-0.0487061481
-0.0487061481
-0.0480810511
-0.0483935996
-0.0483935996
-0.0477685026
-0.0483935996
-0.0474559542
-0.0474559542
-0.0477685026
-0.0477685026
-0.0474559542
-0.0471434057
-0.0471434057
-0.0477685026
-0.0471434057
-0.0474559542
-0.0474559542
-0.0471434057
-0.0471434057
-0.0465183087
-0.0474559542
-0.0465183087
-0.0465183087
-0.0462057602
-0.0462057602
-0.0462057602
-0.0458932117
-0.0452681148
-0.0458932117
-0.0458932117
-0.0458932117
-0.0452681148
-0.0452681148
-0.0455806633
-0.0452681148
-0.0452681148
-0.0449555663
-0.0446430178
-0.0446430178
-0.0449555663
-0.0446430178
-0.0446430178
-0.0443304693
-0.0443304693
-0.0449555663
-0.0446430178
-0.0443304693
-0.0443304693
-0.0440179208
-0.0443304693
-0.0433928239
-0.0437053724
-0.0433928239
-0.0433928239
-0.0433928239
-0.0437053724
-0.0437053724
-0.0437053724
-0.0437053724
-0.0433928239
-0.0433928239
-0.0433928239
-0.0433928239
-0.0433928239
-0.0433928239
-0.0433928239
-0.0430802754
-0.0430802754
-0.0427677269
-0.0430802754
-0.0430802754
-0.0427677269
-0.0430802754
-0.0421426299
-0.0427677269
-0.0424551784
-0.0427677269
-0.0427677269
-0.0424551784
-0.0421426299
-0.0421426299
-0.0421426299
-0.0421426299
-0.0418300815
-0.0421426299
-0.0418300815
-0.0424551784
-0.0424551784
-0.0424551784
-0.0421426299
-0.0421426299
-0.0418300815
-0.0412049845
-0.0418300815
-0.0412049845
-0.0412049845
-0.0408924360
-0.0408924360
-0.0412049845
-0.0402673390
-0.0405798875
-0.0402673390
-0.0402673390
-0.0405798875
-0.0402673390
-0.0402673390
-0.0399547906
-0.0402673390
-0.0396422421
-0.0399547906
-0.0399547906
-0.0399547906
-0.0399547906
-0.0396422421
-0.0396422421
-0.0399547906
-0.0393296936
-0.0387045966
-0.0396422421
-0.0393296936
-0.0390171451
-0.0393296936
-0.0393296936
-0.0393296936
-0.0387045966
-0.0393296936
-0.0390171451
-0.0390171451
-0.0387045966
-0.0383920481
-0.0387045966
-0.0387045966
-0.0383920481
-0.0383920481
-0.0390171451
-0.0383920481
-0.0383920481
-0.0383920481
-0.0383920481
-0.0380794997
-0.0383920481
-0.0380794997
-0.0377669512
-0.0374544027
-0.0374544027
-0.0374544027
-0.0374544027
-0.0374544027
-0.0371418542
-0.0374544027
-0.0374544027
-0.0371418542
-0.0374544027
-0.0374544027
-0.0374544027
-0.0368293057
-0.0368293057
-0.0371418542
-0.0371418542
-0.0374544027
-0.0368293057
-0.0371418542
-0.0371418542
-0.0368293057
-0.0365167572
-0.0374544027
-0.0365167572
-0.0368293057
-0.0368293057
-0.0362042088
-0.0365167572
-0.0365167572
-0.0368293057
-0.0365167572
-0.0365167572
-0.0368293057
-0.0362042088
-0.0362042088
-0.0362042088
-0.0362042088
-0.0358916603
-0.0358916603
-0.0355791118
-0.0355791118
-0.0352665633
-0.0355791118
-0.0352665633
-0.0352665633
-0.0352665633
-0.0352665633
-0.0355791118
-0.0358916603
-0.0355791118
-0.0352665633
-0.0349540148
-0.0346414663
-0.0349540148
-0.0352665633
-0.0346414663
-0.0349540148
-0.0346414663
-0.0343289178
-0.0340163694
-0.0346414663
-0.0343289178
-0.0346414663
-0.0343289178
-0.0346414663
-0.0340163694
-0.0343289178
-0.0343289178
-0.0340163694
-0.0337038209
-0.0337038209
-0.0337038209
-0.0340163694
-0.0330787239
-0.0333912724
-0.0330787239
-0.0333912724
-0.0330787239
-0.0333912724
-0.0327661754
-0.0330787239
-0.0330787239
-0.0327661754
-0.0330787239
-0.0327661754
-0.0324536269
-0.0321410785
-0.0327661754
-0.0324536269
-0.0324536269
-0.0324536269
-0.0324536269
-0.0324536269
-0.0321410785
-0.0321410785
-0.0318285300
-0.0321410785
-0.0315159815
-0.0321410785
-0.0318285300
-0.0318285300
-0.0318285300
-0.0321410785
-0.0321410785
-0.0321410785
-0.0315159815
-0.0315159815
-0.0312034330
-0.0312034330
-0.0312034330
-0.0312034330
-0.0312034330
-0.0312034330
-0.0312034330
-0.0312034330
-0.0315159815
-0.0308908845
-0.0312034330
-0.0312034330
-0.0312034330
-0.0308908845
-0.0308908845
-0.0315159815
-0.0308908845
-0.0312034330
-0.0305783360
-0.0305783360
-0.0305783360
-0.0305783360
-0.0302657875
-0.0305783360
-0.0302657875
-0.0302657875
-0.0302657875
-0.0302657875
-0.0302657875
-0.0302657875
-0.0305783360
-0.0299532391
-0.0299532391
-0.0299532391
-0.0296406906
-0.0299532391
-0.0299532391
-0.0296406906
-0.0299532391
-0.0296406906
-0.0296406906
-0.0296406906
-0.0293281421
-0.0293281421
-0.0293281421
-0.0290155936
-0.0290155936
-0.0290155936
-0.0290155936
-0.0290155936
-0.0290155936
-0.0283904966
-0.0283904966
-0.0280779481
-0.0277653997
-0.0283904966
-0.0277653997
-0.0277653997
-0.0283904966
-0.0280779481
-0.0280779481
-0.0280779481
-0.0277653997
-0.0277653997
-0.0277653997
-0.0274528512
-0.0277653997
-0.0277653997
-0.0277653997
-0.0271403027
-0.0274528512
-0.0274528512
-0.0277653997
-0.0277653997
-0.0274528512
-0.0274528512
-0.0274528512
-0.0271403027
-0.0274528512
-0.0271403027
-0.0271403027
-0.0271403027
-0.0271403027
-0.0274528512
-0.0271403027
-0.0271403027
-0.0271403027
-0.0271403027
-0.0262026572
-0.0268277542
-0.0268277542
-0.0262026572
-0.0268277542
-0.0262026572
-0.0268277542
-0.0262026572
-0.0262026572
-0.0262026572
-0.0265152057
-0.0258901088
-0.0258901088
-0.0258901088
-0.0262026572
-0.0255775603
-0.0255775603
-0.0258901088
-0.0258901088
-0.0255775603
-0.0252650118
-0.0262026572
-0.0255775603
-0.0255775603
-0.0258901088
-0.0255775603
-0.0252650118
-0.0258901088
-0.0258901088
-0.0258901088
-0.0255775603
-0.0255775603
-0.0252650118
-0.0255775603
-0.0252650118
-0.0255775603
-0.0252650118
-0.0249524633
-0.0252650118
-0.0252650118
-0.0249524633
-0.0249524633
-0.0246399148
-0.0249524633
-0.0249524633
-0.0243273663
-0.0246399148
-0.0246399148
-0.0243273663
-0.0246399148
-0.0246399148
-0.0243273663
-0.0243273663
-0.0243273663
-0.0243273663
-0.0240148178
-0.0240148178
-0.0243273663
-0.0240148178
-0.0240148178
-0.0240148178
-0.0240148178
-0.0240148178
-0.0237022694
-0.0233897209
-0.0243273663
-0.0237022694
-0.0233897209
-0.0240148178
-0.0233897209
-0.0230771724
-0.0240148178
-0.0233897209
-0.0237022694
-0.0233897209
-0.0230771724
-0.0230771724
-0.0227646239
-0.0227646239
-0.0224520754
-0.0224520754
-0.0227646239
-0.0224520754
-0.0224520754
-0.0227646239
-0.0224520754
-0.0224520754
-0.0224520754
-0.0224520754
-0.0227646239
-0.0224520754
-0.0218269784
-0.0224520754
-0.0227646239
-0.0224520754
-0.0227646239
-0.0224520754
-0.0224520754
-0.0218269784
-0.0221395269
-0.0221395269
-0.0224520754
-0.0221395269
-0.0221395269
-0.0221395269
-0.0221395269
-0.0221395269
-0.0224520754
-0.0221395269
-0.0221395269
-0.0221395269
-0.0218269784
-0.0212018815
-0.0221395269
-0.0215144300
-0.0218269784
-0.0215144300
-0.0218269784
-0.0218269784
-0.0218269784
-0.0215144300
-0.0212018815
-0.0212018815
-0.0212018815
-0.0212018815
-0.0208893330
-0.0212018815
-0.0212018815
-0.0215144300
-0.0212018815
-0.0212018815
-0.0208893330
-0.0212018815
-0.0205767845
-0.0208893330
-0.0212018815
-0.0208893330
-0.0205767845
-0.0205767845
-0.0208893330
-0.0205767845
-0.0208893330
-0.0208893330
-0.0208893330
-0.0208893330
-0.0208893330
-0.0205767845
-0.0208893330
-0.0205767845
-0.0205767845
-0.0205767845
-0.0202642360
-0.0202642360
-0.0202642360
-0.0208893330
-0.0208893330
-0.0205767845
-0.0205767845
-0.0199516875
-0.0205767845
-0.0199516875
-0.0202642360
-0.0199516875
-0.0199516875
-0.0199516875
-0.0196391390
-0.0199516875
-0.0196391390
-0.0199516875
-0.0199516875
-0.0199516875
-0.0196391390
-0.0199516875
-0.0199516875
-0.0199516875
-0.0196391390
-0.0199516875
-0.0199516875
-0.0196391390
-0.0196391390
-0.0199516875
-0.0196391390
-0.0196391390
-0.0196391390
-0.0193265905
-0.0196391390
-0.0199516875
-0.0196391390
-0.0196391390
-0.0187014936
-0.0196391390
-0.0193265905
-0.0199516875
-0.0193265905
-0.0187014936
-0.0193265905
-0.0190140421
-0.0187014936
-0.0190140421
-0.0193265905
-0.0187014936
-0.0190140421
-0.0190140421
-0.0190140421
-0.0187014936
-0.0187014936
-0.0183889451
-0.0183889451
-0.0187014936
-0.0183889451
-0.0183889451
-0.0183889451
-0.0183889451
-0.0183889451
-0.0180763966
-0.0183889451
-0.0190140421
-0.0183889451
-0.0183889451
-0.0187014936
-0.0183889451
-0.0187014936
-0.0183889451
-0.0177638481
-0.0180763966
-0.0180763966
-0.0180763966
-0.0180763966
-0.0183889451
-0.0180763966
-0.0177638481
-0.0183889451
-0.0174512996
-0.0180763966
-0.0174512996
-0.0183889451
-0.0180763966
-0.0180763966
-0.0174512996
-0.0174512996
-0.0174512996
-0.0174512996
-0.0174512996
-0.0177638481
-0.0174512996
-0.0177638481
-0.0174512996
-0.0171387511
-0.0174512996
-0.0174512996
-0.0174512996
-0.0171387511
-0.0171387511
-0.0171387511
-0.0174512996
-0.0165136542
-0.0168262027
-0.0165136542
-0.0171387511
-0.0171387511
-0.0165136542
-0.0168262027
-0.0168262027
-0.0168262027
-0.0171387511
-0.0165136542
-0.0171387511
-0.0171387511
-0.0162011057
-0.0165136542
-0.0165136542
-0.0165136542
-0.0165136542
-0.0158885572
-0.0162011057
-0.0158885572
-0.0155760087
-0.0155760087
-0.0158885572
-0.0158885572
-0.0158885572
-0.0155760087
-0.0162011057
-0.0158885572
-0.0158885572
-0.0155760087
-0.0155760087
-0.0155760087
-0.0152634602
-0.0155760087
-0.0158885572
-0.0152634602
-0.0158885572
-0.0155760087
-0.0155760087
-0.0152634602
-0.0155760087
-0.0158885572
-0.0152634602
-0.0152634602
-0.0149509117
-0.0152634602
-0.0152634602
-0.0149509117
-0.0152634602
-0.0149509117
-0.0155760087
-0.0152634602
-0.0149509117
-0.0152634602
-0.0149509117
-0.0152634602
-0.0149509117
-0.0149509117
-0.0146383633
-0.0149509117
-0.0149509117
-0.0146383633
-0.0143258148
-0.0143258148
-0.0149509117
-0.0146383633
-0.0149509117
-0.0146383633
-0.0149509117
-0.0143258148
-0.0146383633
-0.0146383633
-0.0146383633
-0.0146383633
-0.0146383633
-0.0143258148
-0.0146383633
-0.0143258148
-0.0143258148
-0.0140132663
-0.0149509117
-0.0143258148
-0.0146383633
-0.0146383633
-0.0146383633
-0.0143258148
-0.0143258148
-0.0143258148
-0.0140132663
-0.0143258148
-0.0146383633
-0.0146383633
-0.0137007178
-0.0143258148
-0.0140132663
-0.0143258148
-0.0143258148
-0.0149509117
-0.0140132663
-0.0143258148
-0.0140132663
-0.0143258148
-0.0143258148
-0.0137007178
-0.0137007178
-0.0140132663
-0.0137007178
-0.0140132663
-0.0137007178
-0.0140132663
-0.0137007178
-0.0133881693
-0.0133881693
-0.0133881693
-0.0137007178
-0.0137007178
-0.0137007178
-0.0137007178
-0.0137007178
-0.0133881693
-0.0137007178
-0.0133881693
-0.0133881693
-0.0133881693
-0.0133881693
-0.0133881693
-0.0130756208
-0.0133881693
-0.0133881693
-0.0133881693
-0.0137007178
-0.0127630723
-0.0130756208
-0.0133881693
-0.0133881693
-0.0130756208
-0.0130756208
-0.0124505238
-0.0124505238
-0.0127630723
-0.0127630723
-0.0127630723
-0.0127630723
-0.0127630723
-0.0130756208
-0.0124505238
-0.0127630723
-0.0124505238
-0.0127630723
-0.0124505238
-0.0127630723
-0.0127630723
-0.0127630723
-0.0124505238
-0.0130756208
-0.0127630723
-0.0124505238
-0.0127630723
-0.0127630723
-0.0124505238
-0.0130756208
-0.0130756208
-0.0121379754
-0.0124505238
-0.0124505238
-0.0124505238
-0.0124505238
-0.0127630723
-0.0121379754
-0.0124505238
-0.0121379754
-0.0121379754
-0.0121379754
-0.0121379754
-0.0118254269
-0.0124505238
-0.0124505238
-0.0118254269
-0.0118254269
-0.0118254269
-0.0118254269
-0.0121379754
-0.0115128784
-0.0118254269
-0.0124505238
-0.0115128784
-0.0115128784
-0.0115128784
-0.0118254269
-0.0118254269
-0.0118254269
-0.0112003299
-0.0121379754
-0.0118254269
-0.0118254269
-0.0115128784
-0.0118254269
-0.0115128784
-0.0118254269
-0.0118254269
-0.0115128784
-0.0112003299
-0.0118254269
-0.0118254269
-0.0118254269
-0.0112003299
-0.0115128784
-0.0112003299
-0.0115128784
-0.0118254269
-0.0112003299
-0.0112003299
-0.0112003299
-0.0112003299
-0.0112003299
-0.0112003299
-0.0115128784
-0.0108877814
-0.0105752329
-0.0108877814
-0.0112003299
-0.0112003299
-0.0105752329
-0.0108877814
-0.0108877814
-0.0112003299
-0.0112003299
-0.0108877814
-0.0112003299
-0.0108877814
-0.0108877814
-0.0105752329
-0.0108877814
-0.0108877814
-0.0112003299
-0.0112003299
-0.0108877814
-0.0102626844
-0.0105752329
-0.0105752329
-0.0105752329
-0.0112003299
-0.0105752329
-0.0108877814
-0.0105752329
-0.0108877814
-0.0105752329
-0.0105752329
-0.0112003299
-0.0108877814
-0.0105752329
-0.0105752329
-0.0102626844
-0.0102626844
-0.0105752329
-0.0102626844
-0.0102626844
-0.0102626844
-0.0102626844
-0.0102626844
-0.0105752329
-0.0102626844
-0.0105752329
-0.0105752329
-0.0108877814
-0.0105752329
-0.0102626844
-0.0105752329
-0.0105752329
-0.0099501359
-0.0102626844
-0.0102626844
-0.0105752329
-0.0105752329
-0.0102626844
-0.0099501359
-0.0102626844
-0.0099501359
-0.0099501359
-0.0099501359
-0.0099501359
-0.0099501359
-0.0102626844
-0.0102626844
-0.0105752329
-0.0099501359
-0.0102626844
-0.0096375875
-0.0099501359
-0.0093250390
-0.0099501359
-0.0102626844
-0.0099501359
-0.0096375875
-0.0096375875
-0.0096375875
-0.0099501359
-0.0099501359
-0.0099501359
-0.0099501359
-0.0099501359
-0.0099501359
-0.0099501359
-0.0099501359
-0.0093250390
-0.0099501359
-0.0093250390
-0.0096375875
-0.0099501359
-0.0096375875
-0.0099501359
-0.0096375875
-0.0093250390
-0.0099501359
-0.0096375875
-0.0099501359
-0.0090124905
-0.0093250390
-0.0093250390
-0.0090124905
-0.0093250390
-0.0096375875
-0.0090124905
-0.0090124905
-0.0090124905
-0.0083873935
-0.0086999420
-0.0093250390
-0.0083873935
-0.0083873935
-0.0086999420
-0.0086999420
-0.0086999420
-0.0083873935
-0.0086999420
-0.0083873935
-0.0083873935
-0.0083873935
-0.0086999420
-0.0086999420
-0.0083873935
-0.0086999420
-0.0083873935
-0.0086999420
-0.0080748450
-0.0083873935
-0.0083873935
-0.0083873935
-0.0083873935
-0.0080748450
-0.0083873935
-0.0083873935
-0.0080748450
-0.0086999420
-0.0083873935
-0.0086999420
-0.0083873935
-0.0093250390
-0.0086999420
-0.0086999420
-0.0086999420
-0.0083873935
-0.0083873935
-0.0083873935
-0.0083873935
-0.0077622965
-0.0080748450
-0.0077622965
-0.0077622965
-0.0074497480
-0.0080748450
-0.0083873935
-0.0077622965
-0.0080748450
-0.0074497480
-0.0077622965
-0.0083873935
-0.0080748450
-0.0077622965
-0.0080748450
-0.0077622965
-0.0080748450
-0.0074497480
-0.0080748450
-0.0080748450
-0.0080748450
-0.0077622965
-0.0080748450
-0.0083873935
-0.0080748450
-0.0080748450
-0.0077622965
-0.0080748450
-0.0077622965
-0.0080748450
-0.0080748450
-0.0077622965
-0.0077622965
-0.0077622965
-0.0074497480
-0.0077622965
-0.0077622965
-0.0080748450
-0.0074497480
-0.0077622965
-0.0074497480
-0.0074497480
-0.0074497480
-0.0071371996
-0.0071371996
-0.0074497480
-0.0077622965
-0.0071371996
-0.0074497480
-0.0074497480
-0.0074497480
-0.0074497480
-0.0068246511
-0.0077622965
-0.0074497480
-0.0074497480
-0.0074497480
-0.0071371996
-0.0068246511
-0.0077622965
-0.0077622965
-0.0071371996
-0.0068246511
-0.0071371996
-0.0071371996
-0.0071371996
-0.0071371996
-0.0074497480
-0.0071371996
-0.0074497480
-0.0071371996
-0.0074497480
-0.0071371996
-0.0074497480
-0.0071371996
-0.0065121026
-0.0071371996
-0.0071371996
-0.0071371996
-0.0071371996
-0.0071371996
-0.0071371996
-0.0071371996
-0.0071371996
-0.0071371996
-0.0068246511
-0.0074497480
-0.0068246511
-0.0068246511
-0.0068246511
-0.0071371996
-0.0068246511
-0.0071371996
-0.0071371996
-0.0071371996
-0.0071371996
-0.0061995541
-0.0068246511
-0.0068246511
-0.0068246511
-0.0068246511
-0.0068246511
-0.0071371996
-0.0071371996
-0.0068246511
-0.0065121026
-0.0068246511
-0.0071371996
-0.0061995541
-0.0068246511
-0.0065121026
-0.0065121026
-0.0068246511
-0.0061995541
-0.0068246511
-0.0068246511
-0.0068246511
-0.0065121026
-0.0065121026
-0.0068246511
-0.0065121026
-0.0065121026
-0.0068246511
-0.0068246511
-0.0058870056
-0.0068246511
-0.0061995541
-0.0065121026
-0.0071371996
-0.0068246511
-0.0065121026
-0.0068246511
-0.0065121026
-0.0065121026
-0.0068246511
-0.0065121026
-0.0068246511
-0.0065121026
-0.0061995541
-0.0061995541
-0.0065121026
-0.0065121026
-0.0068246511
-0.0065121026
-0.0068246511
-0.0065121026
-0.0065121026
-0.0068246511
-0.0065121026
-0.0068246511
-0.0061995541
-0.0065121026
-0.0065121026
-0.0061995541
-0.0061995541
-0.0065121026
-0.0068246511
-0.0061995541
-0.0061995541
-0.0065121026
-0.0068246511
-0.0065121026
-0.0061995541
-0.0061995541
-0.0061995541
-0.0061995541
-0.0061995541
-0.0061995541
-0.0058870056
-0.0061995541
-0.0061995541
-0.0061995541
-0.0055744571
-0.0058870056
-0.0061995541
-0.0061995541
-0.0065121026
-0.0052619086
-0.0058870056
-0.0058870056
-0.0058870056
-0.0061995541
-0.0058870056
-0.0058870056
-0.0058870056
-0.0052619086
-0.0058870056
-0.0058870056
-0.0052619086
-0.0058870056
-0.0055744571
-0.0055744571
-0.0055744571
-0.0055744571
-0.0055744571
-0.0055744571
-0.0052619086
-0.0052619086
-0.0052619086
-0.0052619086
-0.0058870056
-0.0049493601
-0.0049493601
-0.0049493601
-0.0055744571
-0.0049493601
-0.0055744571
-0.0052619086
-0.0049493601
-0.0052619086
-0.0055744571
-0.0055744571
-0.0052619086
-0.0052619086
-0.0052619086
-0.0052619086
-0.0052619086
-0.0055744571
-0.0052619086
-0.0049493601
-0.0052619086
-0.0052619086
-0.0055744571
-0.0055744571
-0.0049493601
-0.0055744571
-0.0049493601
-0.0049493601
-0.0052619086
-0.0049493601
-0.0049493601
-0.0052619086
-0.0046368117
-0.0049493601
-0.0046368117
-0.0055744571
-0.0052619086
-0.0046368117
-0.0046368117
-0.0052619086
-0.0049493601
-0.0049493601
-0.0049493601
-0.0049493601
-0.0049493601
-0.0052619086
-0.0049493601
-0.0055744571
-0.0049493601
-0.0052619086
-0.0049493601
-0.0049493601
-0.0055744571
-0.0049493601
-0.0049493601
-0.0055744571
-0.0049493601
-0.0049493601
-0.0049493601
-0.0052619086
-0.0055744571
-0.0052619086
-0.0052619086
-0.0049493601
-0.0049493601
-0.0052619086
-0.0049493601
-0.0046368117
-0.0049493601
-0.0049493601
-0.0046368117
-0.0052619086
-0.0043242632
-0.0046368117
-0.0043242632
-0.0046368117
-0.0046368117
-0.0046368117
-0.0046368117
-0.0049493601
-0.0046368117
-0.0043242632
-0.0046368117
-0.0043242632
-0.0043242632
-0.0046368117
-0.0046368117
-0.0046368117
-0.0043242632
-0.0043242632
-0.0043242632
-0.0043242632
-0.0043242632
-0.0040117147
-0.0043242632
-0.0046368117
-0.0046368117
-0.0046368117
-0.0046368117
-0.0046368117
-0.0046368117
-0.0046368117
-0.0046368117
-0.0043242632
-0.0046368117
-0.0043242632
-0.0046368117
-0.0043242632
-0.0046368117
-0.0046368117
-0.0043242632
-0.0043242632
-0.0046368117
-0.0046368117
-0.0043242632
-0.0043242632
-0.0046368117
-0.0046368117
-0.0046368117
-0.0043242632
-0.0040117147
-0.0040117147
-0.0043242632
-0.0046368117
-0.0043242632
-0.0043242632
-0.0040117147
-0.0046368117
-0.0036991662
-0.0043242632
-0.0036991662
-0.0040117147
-0.0043242632
-0.0040117147
-0.0043242632
-0.0046368117
-0.0043242632
-0.0043242632
-0.0043242632
-0.0040117147
-0.0040117147
-0.0043242632
-0.0036991662
-0.0043242632
-0.0040117147
-0.0040117147
-0.0036991662
-0.0036991662
-0.0040117147
-0.0040117147
-0.0036991662
-0.0036991662
-0.0036991662
-0.0040117147
-0.0036991662
-0.0040117147
-0.0040117147
-0.0033866177
-0.0040117147
-0.0036991662
-0.0033866177
-0.0036991662
-0.0036991662
-0.0036991662
-0.0033866177
-0.0036991662
-0.0040117147
-0.0033866177
-0.0030740692
-0.0036991662
-0.0036991662
-0.0036991662
-0.0033866177
-0.0030740692
-0.0030740692
-0.0036991662
-0.0036991662
-0.0030740692
-0.0030740692
-0.0033866177
-0.0030740692
-0.0027615207
-0.0033866177
-0.0036991662
-0.0033866177
-0.0030740692
-0.0033866177
-0.0033866177
-0.0036991662
-0.0033866177
-0.0033866177
-0.0033866177
-0.0030740692
-0.0030740692
-0.0033866177
-0.0033866177
-0.0033866177
-0.0030740692
-0.0033866177
-0.0027615207
-0.0033866177
-0.0033866177
-0.0033866177
-0.0036991662
-0.0030740692
-0.0033866177
-0.0033866177
-0.0036991662
-0.0033866177
-0.0033866177
-0.0036991662
-0.0033866177
-0.0033866177
-0.0036991662
-0.0030740692
-0.0033866177
-0.0033866177
-0.0030740692
-0.0030740692
-0.0033866177
-0.0030740692
-0.0036991662
-0.0027615207
-0.0033866177
-0.0036991662
-0.0033866177
-0.0030740692
-0.0030740692
-0.0033866177
-0.0030740692
-0.0033866177
-0.0036991662
-0.0024489722
-0.0033866177
-0.0030740692
-0.0033866177
-0.0033866177
-0.0033866177
-0.0033866177
-0.0027615207
-0.0033866177
-0.0033866177
-0.0030740692
-0.0030740692
-0.0033866177
-0.0030740692
-0.0033866177
-0.0027615207
-0.0027615207
-0.0030740692
-0.0030740692
-0.0030740692
-0.0021364238
-0.0024489722
-0.0027615207
-0.0027615207
-0.0024489722
-0.0027615207
-0.0027615207
-0.0027615207
-0.0027615207
-0.0024489722
-0.0024489722
-0.0027615207
-0.0024489722
-0.0030740692
-0.0027615207
-0.0030740692
-0.0024489722
-0.0027615207
-0.0027615207
-0.0024489722
-0.0027615207
-0.0021364238
-0.0021364238
-0.0027615207
-0.0027615207
-0.0024489722
-0.0024489722
-0.0027615207
-0.0024489722
-0.0024489722
-0.0027615207
-0.0024489722
-0.0024489722
-0.0030740692
-0.0027615207
-0.0024489722
-0.0027615207
-0.0030740692
-0.0027615207
-0.0030740692
-0.0027615207
-0.0024489722
-0.0027615207
-0.0030740692
-0.0030740692
-0.0027615207
-0.0027615207
-0.0027615207
-0.0030740692
-0.0030740692
-0.0030740692
-0.0027615207
-0.0030740692
-0.0033866177
-0.0030740692
-0.0027615207
-0.0030740692
-0.0027615207
-0.0030740692
-0.0030740692
-0.0030740692
-0.0030740692
-0.0030740692
-0.0030740692
-0.0027615207
-0.0030740692
-0.0030740692
-0.0030740692
-0.0033866177
-0.0027615207
-0.0027615207
-0.0033866177
-0.0027615207
-0.0027615207
-0.0033866177
-0.0027615207
-0.0030740692
-0.0030740692
-0.0027615207
-0.0030740692
-0.0033866177
-0.0027615207
-0.0030740692
-0.0030740692
-0.0030740692
-0.0033866177
-0.0024489722
-0.0024489722
-0.0027615207
-0.0027615207
-0.0027615207
-0.0027615207
-0.0030740692
-0.0033866177
-0.0030740692
-0.0027615207
-0.0030740692
-0.0027615207
-0.0024489722
-0.0030740692
-0.0030740692
-0.0030740692
-0.0030740692
-0.0027615207
-0.0027615207
-0.0027615207
-0.0030740692
-0.0027615207
-0.0027615207
-0.0027615207
-0.0024489722
-0.0027615207
-0.0024489722
-0.0024489722
-0.0024489722
-0.0024489722
-0.0027615207
-0.0021364238
-0.0021364238
-0.0024489722
-0.0018238753
-0.0024489722
-0.0021364238
-0.0021364238
-0.0024489722
-0.0021364238
-0.0018238753
-0.0021364238
-0.0021364238
-0.0021364238
-0.0021364238
-0.0021364238
-0.0018238753
-0.0021364238
-0.0021364238
-0.0021364238
-0.0021364238
-0.0018238753
-0.0021364238
-0.0021364238
-0.0021364238
-0.0021364238
-0.0018238753
-0.0021364238
-0.0018238753
-0.0018238753
-0.0018238753
-0.0018238753
-0.0021364238
-0.0015113268
-0.0021364238
-0.0018238753
-0.0024489722
-0.0018238753
-0.0021364238
-0.0021364238
-0.0018238753
-0.0015113268
-0.0018238753
-0.0021364238
-0.0021364238
-0.0018238753
-0.0024489722
-0.0015113268
-0.0018238753
-0.0018238753
-0.0018238753
-0.0011987783
-0.0018238753
-0.0018238753
-0.0011987783
-0.0015113268
-0.0015113268
-0.0018238753
-0.0015113268
-0.0018238753
-0.0008862298
-0.0018238753
-0.0018238753
-0.0015113268
-0.0018238753
-0.0018238753
-0.0018238753
-0.0015113268
-0.0018238753
-0.0015113268
-0.0015113268
-0.0018238753
-0.0018238753
-0.0015113268
-0.0015113268
-0.0015113268
-0.0011987783
-0.0011987783
-0.0015113268
-0.0015113268
-0.0011987783
-0.0011987783
-0.0011987783
-0.0018238753
-0.0018238753
-0.0011987783
-0.0015113268
-0.0011987783
-0.0011987783
-0.0008862298
-0.0015113268
-0.0011987783
-0.0011987783
-0.0015113268
-0.0015113268
-0.0015113268
-0.0011987783
-0.0015113268
-0.0015113268
-0.0015113268
-0.0011987783
-0.0018238753
-0.0015113268
-0.0011987783
-0.0011987783
-0.0011987783
-0.0011987783
-0.0008862298
-0.0011987783
-0.0008862298
-0.0011987783
-0.0008862298
-0.0008862298
-0.0011987783
-0.0011987783
-0.0008862298
-0.0011987783
-0.0011987783
-0.0011987783
-0.0008862298
-0.0011987783
-0.0008862298
-0.0002611328
-0.0011987783
-0.0008862298
-0.0008862298
-0.0008862298
-0.0018238753
-0.0011987783
-0.0011987783
-0.0015113268
-0.0015113268
-0.0011987783
-0.0011987783
-0.0008862298
-0.0011987783
-0.0011987783
-0.0011987783
-0.0011987783
-0.0011987783
-0.0011987783
-0.0011987783
-0.0011987783
-0.0011987783
-0.0011987783
-0.0011987783
-0.0015113268
-0.0015113268
-0.0008862298
-0.0015113268
-0.0011987783
-0.0008862298
-0.0011987783
-0.0011987783
-0.0008862298
-0.0015113268
-0.0015113268
-0.0015113268
-0.0011987783
-0.0011987783
-0.0015113268
-0.0018238753
-0.0015113268
-0.0011987783
-0.0015113268
-0.0015113268
-0.0015113268
-0.0015113268
-0.0015113268
-0.0015113268
-0.0011987783
-0.0011987783
-0.0015113268
-0.0011987783
-0.0018238753
-0.0015113268
-0.0015113268
-0.0015113268
-0.0011987783
-0.0011987783
-0.0011987783
-0.0011987783
-0.0015113268
-0.0015113268
-0.0011987783
-0.0015113268
-0.0015113268
-0.0011987783
-0.0018238753
-0.0008862298
-0.0015113268
-0.0011987783
-0.0011987783
-0.0011987783
-0.0018238753
-0.0015113268
-0.0011987783
-0.0008862298
-0.0011987783
-0.0008862298
-0.0008862298
-0.0008862298
-0.0008862298
-0.0011987783
-0.0008862298
-0.0011987783
-0.0011987783
-0.0008862298
-0.0008862298
-0.0008862298
-0.0011987783
-0.0008862298
-0.0008862298
-0.0015113268
-0.0008862298
-0.0015113268
-0.0011987783
-0.0008862298
-0.0011987783
-0.0008862298
-0.0008862298
-0.0008862298
-0.0005736813
-0.0008862298
-0.0008862298
-0.0005736813
-0.0008862298
-0.0008862298
-0.0002611328
-0.0005736813
-0.0005736813
-0.0008862298
-0.0008862298
-0.0008862298
-0.0008862298
-0.0008862298
-0.0005736813
-0.0011987783
-0.0011987783
-0.0008862298
-0.0002611328
-0.0005736813
-0.0002611328
0.0006765126
0.0000514157
-0.0005736813
-0.0005736813
-0.0011987783
-0.0008862298
-0.0011987783
-0.0011987783
-0.0008862298
-0.0011987783
-0.0005736813
-0.0011987783
-0.0005736813
0.0003639641
0.0006765126
0.0022392551
0.0028643521
0.0019267066
0.0000514157
-0.0008862298
-0.0008862298
-0.0011987783
-0.0011987783
-0.0015113268
-0.0011987783
-0.0008862298
-0.0008862298
-0.0011987783
-0.0008862298
-0.0005736813
0.0006765126
0.0019267066
0.0025518036
0.0022392551
0.0016141581
0.0003639641
-0.0002611328
-0.0008862298
-0.0008862298
-0.0008862298
-0.0008862298
-0.0008862298
-0.0005736813
-0.0008862298
-0.0015113268
-0.0011987783
-0.0008862298
-0.0011987783
-0.0011987783
-0.0011987783
-0.0011987783
-0.0011987783
-0.0008862298
-0.0008862298
-0.0008862298
-0.0005736813
-0.0002611328
-0.0008862298
-0.0005736813
-0.0005736813
-0.0008862298
-0.0005736813
-0.0005736813
-0.0002611328
-0.0002611328
-0.0002611328
-0.0005736813
-0.0008862298
-0.0008862298
-0.0008862298
-0.0011987783
-0.0002611328
-0.0008862298
-0.0002611328
-0.0005736813
-0.0002611328
-0.0002611328
0.0003639641
-0.0002611328
-0.0005736813
0.0000514157
0.0000514157
-0.0002611328
-0.0002611328
-0.0002611328
0.0003639641
0.0003639641
0.0000514157
0.0003639641
0.0009890611
0.0000514157
0.0000514157
0.0000514157
-0.0002611328
0.0000514157
-0.0002611328
-0.0002611328
-0.0005736813
-0.0005736813
-0.0002611328
-0.0005736813
-0.0005736813
-0.0005736813
-0.0002611328
-0.0002611328
-0.0005736813
-0.0005736813
-0.0005736813
0.0000514157
0.0000514157
0.0003639641
0.0009890611
0.0013016096
0.0013016096
0.0016141581
0.0013016096
0.0003639641
0.0003639641
0.0000514157
0.0000514157
-0.0002611328
0.0000514157
0.0003639641
-0.0002611328
0.0000514157
-0.0005736813
-0.0002611328
-0.0002611328
-0.0005736813
0.0000514157
-0.0002611328
0.0000514157
0.0000514157
0.0003639641
0.0000514157
0.0000514157
0.0003639641
0.0003639641
-0.0002611328
0.0000514157
0.0000514157
0.0000514157
0.0003639641
0.0000514157
0.0003639641
0.0000514157
0.0003639641
0.0003639641
0.0006765126
0.0003639641
0.0000514157
0.0003639641
0.0000514157
0.0000514157
0.0000514157
0.0003639641
-0.0005736813
-0.0002611328
0.0003639641
-0.0005736813
0.0000514157
-0.0002611328
0.0000514157
0.0000514157
0.0000514157
0.0003639641
0.0000514157
0.0006765126
0.0003639641
0.0003639641
0.0003639641
0.0006765126
0.0006765126
0.0003639641
0.0000514157
0.0000514157
0.0000514157
0.0003639641
0.0000514157
0.0000514157
0.0000514157
0.0000514157
0.0003639641
0.0003639641
0.0003639641
0.0003639641
0.0003639641
0.0006765126
0.0003639641
0.0000514157
0.0003639641
0.0000514157
-0.0002611328
-0.0002611328
0.0003639641
0.0000514157
0.0000514157
-0.0002611328
0.0000514157
0.0000514157
0.0000514157
0.0003639641
0.0003639641
0.0006765126
0.0003639641
0.0003639641
0.0009890611
0.0006765126
0.0000514157
0.0006765126
0.0006765126
0.0013016096
0.0006765126
0.0003639641
0.0000514157
0.0000514157
0.0000514157
0.0000514157
0.0000514157
-0.0002611328
0.0000514157
0.0003639641
0.0003639641
0.0006765126
0.0000514157
0.0003639641
0.0003639641
0.0000514157
0.0000514157
0.0003639641
0.0003639641
0.0003639641
0.0006765126
0.0009890611
0.0009890611
0.0009890611
0.0013016096
0.0006765126
0.0006765126
0.0006765126
0.0000514157
0.0000514157
0.0000514157
0.0003639641
0.0003639641
0.0009890611
0.0003639641
0.0006765126
0.0013016096
0.0013016096
0.0013016096
0.0006765126
0.0006765126
0.0009890611
0.0009890611
0.0009890611
0.0006765126
0.0016141581
0.0009890611
0.0013016096
0.0016141581
0.0022392551
0.0016141581
0.0019267066
0.0016141581
0.0016141581
0.0016141581
0.0016141581
0.0019267066
0.0019267066
0.0016141581
0.0016141581
0.0016141581
0.0013016096
0.0009890611
0.0009890611
0.0013016096
0.0006765126
0.0009890611
0.0006765126
0.0009890611
0.0009890611
0.0013016096
0.0013016096
0.0006765126
0.0006765126
0.0006765126
0.0006765126
0.0006765126
0.0000514157
0.0003639641
0.0006765126
0.0013016096
0.0013016096
0.0013016096
0.0016141581
0.0013016096
0.0016141581
0.0013016096
0.0009890611
0.0009890611
0.0016141581
0.0016141581
0.0019267066
0.0019267066
0.0019267066
0.0025518036
0.0019267066
0.0016141581
0.0016141581
0.0016141581
0.0013016096
0.0013016096
0.0013016096
0.0013016096
0.0003639641
0.0006765126
0.0003639641
0.0006765126
0.0006765126
0.0003639641
0.0009890611
0.0009890611
0.0006765126
0.0009890611
0.0013016096
0.0013016096
0.0006765126
0.0003639641
0.0003639641
0.0003639641
0.0009890611
0.0006765126
0.0016141581
0.0013016096
0.0013016096
0.0013016096
0.0006765126
0.0009890611
0.0006765126
0.0006765126
0.0006765126
0.0009890611
0.0006765126
0.0006765126
0.0003639641
0.0006765126
0.0009890611
0.0009890611
0.0016141581
0.0016141581
0.0016141581
0.0009890611
0.0016141581
0.0013016096
0.0013016096
0.0009890611
0.0013016096
0.0013016096
0.0016141581
0.0013016096
0.0013016096
0.0013016096
0.0006765126
0.0006765126
0.0006765126
0.0009890611
0.0003639641
0.0009890611
0.0006765126
0.0009890611
0.0009890611
0.0006765126
0.0009890611
0.0016141581
0.0013016096
0.0003639641
0.0006765126
0.0006765126
0.0013016096
0.0016141581
0.0013016096
0.0013016096
0.0016141581
0.0022392551
0.0016141581
0.0022392551
0.0016141581
0.0022392551
0.0022392551
0.0019267066
0.0016141581
0.0016141581
0.0016141581
0.0009890611
0.0003639641
0.0003639641
0.0006765126
0.0000514157
0.0003639641
0.0000514157
0.0013016096
0.0019267066
0.0022392551
0.0019267066
0.0016141581
0.0016141581
0.0013016096
0.0013016096
0.0016141581
0.0019267066
0.0016141581
0.0019267066
0.0022392551
0.0022392551
0.0019267066
0.0016141581
0.0013016096
0.0013016096
0.0006765126
0.0006765126
0.0013016096
0.0016141581
0.0013016096
0.0016141581
0.0019267066
0.0016141581
0.0016141581
0.0013016096
0.0013016096
0.0016141581
0.0016141581
0.0016141581
0.0022392551
0.0022392551
0.0028643521
0.0028643521
0.0034894490
0.0031769005
0.0028643521
0.0022392551
0.0016141581
0.0016141581
0.0013016096
0.0016141581
0.0016141581
0.0016141581
0.0013016096
0.0006765126
0.0009890611
0.0003639641
0.0003639641
0.0006765126
0.0009890611
0.0009890611
0.0013016096
0.0013016096
0.0019267066
0.0016141581
0.0016141581
0.0019267066
0.0016141581
0.0016141581
0.0019267066
0.0016141581
0.0016141581
0.0016141581
0.0016141581
0.0016141581
0.0025518036
0.0022392551
0.0022392551
0.0025518036
0.0025518036
0.0028643521
0.0028643521
0.0025518036
0.0028643521
0.0025518036
0.0028643521
0.0028643521
0.0031769005
0.0047396430
0.0050521915
0.0059898369
0.0059898369
0.0047396430
0.0038019975
0.0028643521
0.0022392551
0.0016141581
0.0016141581
0.0019267066
0.0022392551
0.0025518036
0.0025518036
0.0031769005
0.0038019975
0.0038019975
0.0038019975
0.0028643521
0.0028643521
0.0025518036
0.0028643521
0.0025518036
0.0028643521
0.0038019975
0.0047396430
0.0053647400
0.0053647400
0.0053647400
0.0044270945
0.0050521915
0.0047396430
0.0047396430
0.0056772885
0.0066149339
0.0072400309
0.0069274824
0.0069274824
0.0063023854
0.0063023854
0.0053647400
0.0044270945
0.0041145460
0.0034894490
0.0028643521
0.0025518036
0.0022392551
0.0019267066
0.0016141581
0.0022392551
0.0022392551
0.0025518036
0.0031769005
0.0028643521
0.0034894490
0.0034894490
0.0041145460
0.0038019975
0.0031769005
0.0028643521
0.0025518036
0.0022392551
0.0022392551
0.0028643521
0.0031769005
0.0038019975
0.0047396430
0.0050521915
0.0053647400
0.0053647400
0.0047396430
0.0041145460
0.0031769005
0.0034894490
0.0041145460
0.0041145460
0.0044270945
0.0047396430
0.0053647400
0.0056772885
0.0063023854
0.0072400309
0.0069274824
0.0069274824
0.0066149339
0.0069274824
0.0059898369
0.0059898369
0.0053647400
0.0050521915
0.0047396430
0.0038019975
0.0034894490
0.0034894490
0.0031769005
0.0038019975
0.0050521915
0.0053647400
0.0059898369
0.0066149339
0.0063023854
0.0059898369
0.0063023854
0.0069274824
0.0063023854
0.0056772885
0.0053647400
0.0047396430
0.0044270945
0.0041145460
0.0038019975
0.0041145460
0.0047396430
0.0050521915
0.0047396430
0.0041145460
0.0038019975
0.0031769005
0.0038019975
0.0041145460
0.0044270945
0.0044270945
0.0044270945
0.0050521915
0.0053647400
0.0053647400
0.0063023854
0.0069274824
0.0069274824
0.0059898369
0.0044270945
0.0038019975
0.0041145460
0.0041145460
0.0041145460
0.0053647400
0.0056772885
0.0063023854
0.0066149339
0.0056772885
0.0053647400
0.0050521915
0.0053647400
0.0050521915
0.0059898369
0.0063023854
0.0066149339
0.0075525794
0.0072400309
0.0072400309
0.0066149339
0.0063023854
0.0063023854
0.0053647400
0.0059898369
0.0063023854
0.0072400309
0.0084902249
0.0103655158
0.0103655158
0.0113031613
0.0109906128
0.0103655158
0.0094278703
0.0088027733
0.0066149339
0.0053647400
0.0041145460
0.0038019975
0.0041145460
0.0047396430
0.0053647400
0.0059898369
0.0069274824
0.0069274824
0.0069274824
0.0081776764
0.0081776764
0.0081776764
0.0084902249
0.0078651279
0.0078651279
0.0075525794
0.0069274824
0.0072400309
0.0066149339
0.0063023854
0.0053647400
0.0059898369
0.0066149339
0.0069274824
0.0072400309
0.0078651279
0.0084902249
0.0084902249
0.0088027733
0.0088027733
0.0084902249
0.0081776764
0.0069274824
0.0056772885
0.0053647400
0.0041145460
0.0044270945
0.0041145460
0.0041145460
0.0047396430
0.0056772885
0.0059898369
0.0063023854
0.0066149339
0.0069274824
0.0069274824
0.0075525794
0.0088027733
0.0097404188
0.0106780643
0.0106780643
0.0109906128
0.0109906128
0.0113031613
0.0113031613
0.0109906128
0.0100529673
0.0097404188
0.0081776764
0.0072400309
0.0063023854
0.0053647400
0.0050521915
0.0050521915
0.0047396430
0.0047396430
0.0041145460
0.0038019975
0.0031769005
0.0028643521
0.0031769005
0.0031769005
0.0044270945
0.0063023854
0.0084902249
0.0103655158
0.0128659037
0.0144286462
0.0156788401
0.0175541311
0.0175541311
0.0166164856
0.0141160977
0.0116157098
0.0091153218
0.0075525794
0.0066149339
0.0056772885
0.0063023854
0.0066149339
0.0069274824
0.0075525794
0.0072400309
0.0072400309
0.0075525794
0.0075525794
0.0072400309
0.0081776764
0.0100529673
0.0106780643
0.0109906128
0.0106780643
0.0100529673
0.0097404188
0.0097404188
0.0088027733
0.0084902249
0.0081776764
0.0078651279
0.0075525794
0.0069274824
0.0069274824
0.0069274824
0.0066149339
0.0063023854
0.0066149339
0.0066149339
0.0069274824
0.0075525794
0.0078651279
0.0088027733
0.0100529673
0.0100529673
0.0100529673
0.0088027733
0.0078651279
0.0063023854
0.0059898369
0.0056772885
0.0059898369
0.0072400309
0.0072400309
0.0072400309
0.0075525794
0.0069274824
0.0066149339
0.0063023854
0.0059898369
0.0063023854
0.0069274824
0.0081776764
0.0088027733
0.0097404188
0.0103655158
0.0103655158
0.0100529673
0.0094278703
0.0084902249
0.0078651279
0.0078651279
0.0069274824
0.0072400309
0.0069274824
0.0072400309
0.0069274824
0.0075525794
0.0078651279
0.0084902249
0.0094278703
0.0100529673
0.0100529673
0.0084902249
0.0088027733
0.0084902249
0.0088027733
0.0094278703
0.0094278703
0.0103655158
0.0100529673
0.0100529673
0.0097404188
0.0103655158
0.0103655158
0.0106780643
0.0109906128
0.0113031613
0.0109906128
0.0097404188
0.0097404188
0.0106780643
0.0116157098
0.0125533552
0.0122408067
0.0109906128
0.0091153218
0.0069274824
0.0066149339
0.0066149339
0.0072400309
0.0078651279
0.0078651279
0.0078651279
0.0075525794
0.0072400309
0.0069274824
0.0075525794
0.0084902249
0.0088027733
0.0094278703
0.0097404188
0.0097404188
0.0100529673
0.0103655158
0.0106780643
0.0113031613
0.0122408067
0.0128659037
0.0138035492
0.0134910007
0.0134910007
0.0131784522
0.0131784522
0.0134910007
0.0141160977
0.0141160977
0.0144286462
0.0131784522
0.0119282582
0.0103655158
0.0097404188
0.0084902249
0.0084902249
0.0094278703
0.0097404188
0.0106780643
0.0116157098
0.0116157098
0.0113031613
0.0106780643
0.0097404188
0.0088027733
0.0078651279
0.0075525794
0.0063023854
0.0063023854
0.0066149339
0.0066149339
0.0072400309
0.0078651279
0.0081776764
0.0094278703
0.0103655158
0.0119282582
0.0128659037
0.0138035492
0.0138035492
0.0147411947
0.0141160977
0.0141160977
0.0131784522
0.0122408067
0.0122408067
0.0119282582
0.0119282582
0.0122408067
0.0131784522
0.0138035492
0.0144286462
0.0141160977
0.0131784522
0.0119282582
0.0109906128
0.0106780643
0.0109906128
0.0113031613
0.0113031613
0.0109906128
0.0109906128
0.0116157098
0.0128659037
0.0147411947
0.0169290341
0.0181792280
0.0188043250
0.0181792280
0.0156788401
0.0134910007
0.0125533552
0.0119282582
0.0122408067
0.0128659037
0.0144286462
0.0153662916
0.0163039371
0.0166164856
0.0156788401
0.0134910007
0.0113031613
0.0091153218
0.0084902249
0.0088027733
0.0100529673
0.0119282582
0.0141160977
0.0166164856
0.0181792280
0.0188043250
0.0181792280
0.0172415826
0.0166164856
0.0159913886
0.0150537431
0.0147411947
0.0138035492
0.0128659037
0.0109906128
0.0106780643
0.0103655158
0.0106780643
0.0116157098
0.0119282582
0.0131784522
0.0128659037
0.0131784522
0.0125533552
0.0119282582
0.0119282582
0.0134910007
0.0144286462
0.0150537431
0.0153662916
0.0156788401
0.0153662916
0.0141160977
0.0128659037
0.0116157098
0.0106780643
0.0106780643
0.0116157098
0.0119282582
0.0122408067
0.0128659037
0.0128659037
0.0122408067
0.0125533552
0.0116157098
0.0116157098
0.0119282582
0.0125533552
0.0128659037
0.0128659037
0.0128659037
0.0122408067
0.0109906128
0.0103655158
0.0103655158
0.0106780643
0.0116157098
0.0125533552
0.0125533552
0.0131784522
0.0128659037
0.0128659037
0.0128659037
0.0134910007
0.0147411947
0.0156788401
0.0159913886
0.0166164856
0.0175541311
0.0178666796
0.0184917765
0.0184917765
0.0181792280
0.0181792280
0.0178666796
0.0181792280
0.0172415826
0.0150537431
0.0131784522
0.0116157098
0.0106780643
0.0100529673
0.0088027733
0.0094278703
0.0097404188
0.0094278703
0.0106780643
0.0109906128
0.0122408067
0.0128659037
0.0134910007
0.0141160977
0.0150537431
0.0144286462
0.0131784522
0.0128659037
0.0119282582
0.0113031613
0.0103655158
0.0100529673
0.0113031613
0.0119282582
0.0122408067
0.0128659037
0.0119282582
0.0119282582
0.0106780643
0.0091153218
0.0081776764
0.0078651279
0.0081776764
0.0088027733
0.0094278703
0.0100529673
0.0100529673
0.0100529673
0.0103655158
0.0100529673
0.0109906128
0.0116157098
0.0125533552
0.0131784522
0.0144286462
0.0147411947
0.0156788401
0.0166164856
0.0172415826
0.0181792280
0.0184917765
0.0184917765
0.0178666796
0.0175541311
0.0172415826
0.0172415826
0.0175541311
0.0181792280
0.0181792280
0.0178666796
0.0166164856
0.0150537431
0.0144286462
0.0134910007
0.0134910007
0.0134910007
0.0141160977
0.0147411947
0.0153662916
0.0147411947
0.0138035492
0.0125533552
0.0125533552
0.0138035492
0.0147411947
0.0163039371
0.0169290341
0.0169290341
0.0166164856
0.0159913886
0.0150537431
0.0147411947
0.0147411947
0.0147411947
0.0144286462
0.0153662916
0.0163039371
0.0175541311
0.0184917765
0.0197419705
0.0191168735
0.0184917765
0.0181792280
0.0181792280
0.0175541311
0.0156788401
0.0141160977
0.0119282582
0.0100529673
0.0094278703
0.0088027733
0.0088027733
0.0088027733
0.0106780643
0.0131784522
0.0153662916
0.0181792280
0.0200545190
0.0216172614
0.0231800039
0.0231800039
0.0228674554
0.0225549069
0.0213047129
0.0197419705
0.0188043250
0.0181792280
0.0175541311
0.0169290341
0.0163039371
0.0150537431
0.0141160977
0.0134910007
0.0128659037
0.0125533552
0.0131784522
0.0150537431
0.0163039371
0.0169290341
0.0178666796
0.0175541311
0.0175541311
0.0172415826
0.0169290341
0.0175541311
0.0175541311
0.0188043250
0.0194294220
0.0206796160
0.0213047129
0.0216172614
0.0222423584
0.0216172614
0.0228674554
0.0241176494
0.0244301979
0.0259929403
0.0272431343
0.0281807798
0.0288058767
0.0284933282
0.0284933282
0.0291184252
0.0300560707
0.0328690071
0.0356819436
0.0391199770
0.0425580104
0.0459960438
0.0475587863
0.0475587863
0.0472462378
0.0453709468
0.0438082044
0.0416203649
0.0403701709
0.0388074285
0.0375572345
0.0378697830
0.0384948800
0.0413078164
0.0438082044
0.0450583983
0.0459960438
0.0463085923
0.0459960438
0.0453709468
0.0450583983
0.0456834953
0.0475587863
0.0500591742
