-0.0009458129
-0.0012583899
-0.0015709670
-0.0009458129
-0.0015709670
-0.0012583899
-0.0012583899
-0.0012583899
-0.0006332358
-0.0012583899
-0.0009458129
-0.0006332358
-0.0009458129
-0.0009458129
-0.0012583899
-0.0012583899
-0.0009458129
-0.0012583899
-0.0012583899
-0.0015709670
-0.0009458129
-0.0009458129
-0.0009458129
-0.0012583899
-0.0009458129
-0.0009458129
-0.0012583899
-0.0015709670
-0.0012583899
-0.0012583899
-0.0012583899
-0.0012583899
-0.0012583899
-0.0006332358
-0.0012583899
-0.0012583899
-0.0009458129
-0.0009458129
-0.0009458129
-0.0009458129
-0.0012583899
-0.0012583899
-0.0009458129
-0.0012583899
-0.0012583899
-0.0012583899
-0.0012583899
-0.0012583899
-0.0009458129
-0.0009458129
-0.0006332358
-0.0009458129
-0.0009458129
-0.0012583899
-0.0009458129
-0.0012583899
-0.0009458129
-0.0009458129
-0.0009458129
-0.0012583899
-0.0012583899
-0.0012583899
-0.0009458129
-0.0009458129
-0.0012583899
-0.0006332358
-0.0012583899
-0.0012583899
-0.0012583899
-0.0012583899
-0.0009458129
-0.0012583899
-0.0009458129
-0.0009458129
-0.0012583899
-0.0009458129
-0.0012583899
-0.0012583899
-0.0009458129
-0.0009458129
-0.0012583899
-0.0012583899
-0.0009458129
-0.0012583899
-0.0009458129
-0.0009458129
-0.0012583899
-0.0009458129
-0.0012583899
-0.0012583899
-0.0012583899
-0.0009458129
-0.0012583899
-0.0012583899
-0.0009458129
-0.0009458129
-0.0012583899
-0.0009458129
-0.0012583899
-0.0015709670
-0.0012583899
-0.0012583899
-0.0018835440
-0.0015709670
-0.0012583899
-0.0012583899
-0.0009458129
-0.0006332358
-0.0012583899
-0.0012583899
-0.0009458129
-0.0009458129
-0.0009458129
-0.0009458129
-0.0012583899
-0.0009458129
-0.0009458129
-0.0009458129
-0.0012583899
-0.0009458129
-0.0009458129
-0.0012583899
-0.0009458129
-0.0012583899
-0.0015709670
-0.0012583899
-0.0009458129
-0.0012583899
-0.0009458129
-0.0015709670
-0.0012583899
-0.0012583899
-0.0006332358
-0.0012583899
-0.0009458129
-0.0015709670
-0.0009458129
-0.0012583899
-0.0015709670
-0.0009458129
-0.0012583899
-0.0012583899
-0.0012583899
-0.0012583899
-0.0012583899
-0.0012583899
-0.0009458129
-0.0012583899
-0.0009458129
-0.0012583899
-0.0009458129
-0.0015709670
-0.0012583899
-0.0012583899
-0.0006332358
-0.0012583899
-0.0012583899
-0.0009458129
-0.0009458129
-0.0012583899
-0.0012583899
-0.0012583899
-0.0012583899
-0.0012583899
-0.0009458129
-0.0012583899
-0.0009458129
-0.0009458129
-0.0012583899
-0.0012583899
-0.0009458129
-0.0012583899
-0.0012583899
-0.0015709670
-0.0012583899
-0.0012583899
-0.0009458129
-0.0009458129
-0.0009458129
-0.0006332358
-0.0009458129
-0.0009458129
-0.0009458129
-0.0006332358
-0.0012583899
-0.0009458129
-0.0012583899
-0.0012583899
-0.0012583899
-0.0009458129
-0.0012583899
-0.0015709670
-0.0012583899
-0.0012583899
-0.0009458129
-0.0009458129
-0.0012583899
-0.0009458129
-0.0012583899
-0.0012583899
-0.0009458129
-0.0009458129
-0.0009458129
-0.0012583899
-0.0012583899
-0.0009458129
-0.0009458129
-0.0009458129
-0.0009458129
-0.0012583899
-0.0012583899
-0.0012583899
-0.0012583899
-0.0009458129
-0.0012583899
-0.0006332358
-0.0012583899
-0.0006332358
-0.0012583899
-0.0009458129
-0.0012583899
-0.0012583899
-0.0012583899
-0.0009458129
-0.0009458129
-0.0012583899
-0.0012583899
-0.0009458129
-0.0009458129
-0.0009458129
-0.0006332358
-0.0009458129
-0.0009458129
-0.0009458129
-0.0012583899
-0.0012583899
-0.0012583899
-0.0012583899
-0.0009458129
-0.0009458129
-0.0012583899
-0.0012583899
-0.0009458129
-0.0009458129
-0.0012583899
-0.0009458129
-0.0009458129
-0.0009458129
-0.0012583899
-0.0012583899
-0.0009458129
-0.0012583899
-0.0012583899
-0.0009458129
-0.0012583899
-0.0012583899
-0.0009458129
-0.0009458129
-0.0009458129
-0.0009458129
-0.0009458129
-0.0012583899
-0.0009458129
-0.0009458129
-0.0009458129
-0.0009458129
-0.0012583899
-0.0006332358
-0.0012583899
-0.0009458129
-0.0012583899
-0.0009458129
-0.0009458129
-0.0009458129
-0.0012583899
-0.0012583899
-0.0009458129
-0.0015709670
-0.0012583899
-0.0012583899
-0.0009458129
-0.0012583899
-0.0012583899
-0.0012583899
-0.0018835440
-0.0009458129
-0.0009458129
-0.0009458129
-0.0006332358
-0.0009458129
-0.0012583899
-0.0009458129
-0.0009458129
-0.0009458129
-0.0006332358
-0.0012583899
-0.0012583899
-0.0009458129
-0.0012583899
-0.0009458129
-0.0012583899
-0.0015709670
-0.0012583899
-0.0009458129
-0.0012583899
-0.0012583899
-0.0009458129
-0.0006332358
-0.0012583899
-0.0009458129
-0.0012583899
-0.0012583899
-0.0009458129
-0.0006332358
-0.0006332358
-0.0009458129
-0.0009458129
-0.0009458129
-0.0009458129
-0.0015709670
-0.0015709670
-0.0018835440
-0.0012583899
-0.0003206588
-0.0012583899
-0.0006332358
0.5738834773
2.6575248284
3.7168519173
3.2532984249
1.8341952516
0.3088180695
-0.4788760657
-0.5413914611
-0.5442046538
-0.5445172308
-0.5432669229
-0.5410788841
0.0134327314
1.2765571255
1.6472739161
1.3190676445
0.8142553345
0.3385128947
0.0356257022
-0.1216005499
-0.1722380281
-0.1466067122
-0.1175370486
-0.0784649194
-0.0568971038
-0.0309532093
-0.0156369341
0.0093692298
0.0271861218
0.0253106594
-0.0062596227
-0.0175123964
-0.0087602391
-0.0106357013
-0.0215758980
-0.0356418650
-0.0290777470
-0.0347041338
-0.0462694844
-0.0606480282
-0.0634612216
-0.0675247231
-0.0600228742
-0.0543964875
-0.0515832941
-0.0447065992
-0.0287651700
-0.0247016684
-0.0340789797
-0.0425185599
-0.0362670190
-0.0362670190
-0.0462694844
-0.0534587563
-0.0447065992
-0.0322035175
-0.0250142455
-0.0300154782
-0.0450191762
-0.0487701007
-0.0512707171
-0.0625234905
-0.0731511098
-0.0703379164
-0.0609606053
-0.0512707171
-0.0506455630
-0.0497078318
-0.0443940221
-0.0337664027
-0.0312657863
-0.0365795961
-0.0400179436
-0.0390802124
-0.0365795961
-0.0409556747
-0.0481449466
-0.0634612216
-0.1015956199
-0.1566091770
-0.2066215002
-0.2260012752
-0.2038083071
-0.1425432108
-0.0647115298
0.0187465413
0.0975159601
0.1597187973
0.1797237303
0.1472157143
0.0918895730
0.0303118923
-0.0203255898
-0.0515832941
-0.0637737986
-0.0559593727
-0.0340789797
-0.0103231243
-0.0009458129
-0.0087602391
-0.0209507439
-0.0259519766
-0.0265771307
-0.0340789797
-0.0400179436
-0.0397053665
-0.0397053665
-0.0387676354
-0.0425185599
-0.0468946385
-0.0562719497
-0.0653366838
-0.0690876083
-0.0675247231
-0.0603354512
-0.0509581400
-0.0384550583
-0.0287651700
-0.0212633209
-0.0146992030
-0.0143866259
-0.0200130127
-0.0293903241
-0.0353292879
-0.0431437140
-0.0447065992
-0.0490826778
-0.0525210252
-0.0515832941
-0.0475197926
-0.0397053665
-0.0359544420
-0.0331412486
-0.0318909404
-0.0306406323
-0.0300154782
-0.0315783634
-0.0328286716
-0.0372047502
-0.0397053665
-0.0412682517
-0.0397053665
-0.0359544420
-0.0297029011
-0.0275148618
-0.0325160945
-0.0365795961
-0.0378299043
-0.0359544420
-0.0368921731
-0.0400179436
-0.0409556747
-0.0337664027
-0.0272022848
-0.0225136291
-0.0212633209
-0.0228262061
-0.0275148618
-0.0312657863
-0.0347041338
-0.0350167109
-0.0337664027
-0.0318909404
-0.0350167109
-0.0337664027
-0.0315783634
-0.0297029011
-0.0262645536
-0.0247016684
-0.0268897077
-0.0334538257
-0.0375173272
-0.0322035175
-0.0234513602
-0.0190752816
-0.0250142455
-0.0300154782
-0.0312657863
-0.0212633209
0.0278112759
0.1043926556
0.1559678724
0.1515917933
0.0821996840
-0.0206381668
-0.1097226228
-0.1641110255
-0.1947435736
-0.2056837692
0.3410135116
1.7988739930
2.8456967069
2.9872945153
2.3068125831
1.2074775357
0.1394012874
-0.4982558384
-0.5563951558
-0.5601460794
-0.5598335025
-0.5588957715
-0.5570203097
-0.5551448479
-0.0350167109
1.1471501147
1.5406850104
1.2087278450
0.6542158097
0.1209592402
-0.1587972161
-0.2175616958
-0.1362916703
-0.0087602391
0.0781361822
0.1322120148
0.1434647894
0.0806367987
0.0315622005
0.0103069609
-0.0425185599
-0.0990950037
-0.0815906898
0.0028051117
0.1103316199
0.1622194139
0.1712841492
0.1744099200
0.1694086867
0.0950153436
-0.0153243570
-0.0906554238
-0.1716128741
-0.2550709373
-0.2747632888
-0.2188120039
-0.1716128741
-0.1475444432
-0.1225382810
-0.0906554238
-0.0562719497
-0.0284525930
0.0221848889
0.0837625693
0.0793864904
0.0228100430
-0.0137614718
-0.0672121461
-0.1347287851
-0.1681745268
-0.1875543021
-0.1734883362
-0.1281646676
-0.0750265720
-0.0228262061
0.0084314986
-0.0156369341
-0.0381424813
-0.0772146113
-0.1441060959
-0.1650487566
-0.1569217540
-0.1194125107
-0.0575222579
0.0053057281
0.0487539386
0.0493790927
0.0190591184
-0.0187627046
-0.0844038831
-0.1122232390
-0.0922183089
-0.0556467956
-0.0087602391
0.0371885875
0.0693840245
0.0700091786
0.0131201544
-0.0809655357
-0.1597349472
-0.1972441897
-0.2075592313
-0.1934932655
-0.1547337148
-0.1034710821
-0.0631486446
-0.0425185599
-0.0422059829
-0.0547090645
-0.0672121461
-0.0681498772
-0.0415808288
0.0084314986
0.0203094266
-0.0150117800
-0.0668995690
-0.1009704659
-0.1284772446
-0.1528582527
-0.1556714459
-0.1259766283
-0.0750265720
-0.0300154782
0.0156207708
0.0550054797
0.0509419780
0.0146830397
-0.0128237407
-0.0303280552
-0.0537713334
-0.0700253394
-0.0765894572
-0.0640863757
-0.0540839104
-0.0597102971
-0.0628360675
-0.0787774964
-0.0875296534
-0.0740888409
-0.0525210252
-0.0175123964
0.0249980824
0.0512545550
0.0693840245
0.0637576374
0.0259358135
-0.0253268225
-0.0790900735
-0.1147238553
-0.1103477768
-0.0819032668
-0.0678373001
-0.0497078318
-0.0190752816
0.0315622005
0.0725097951
0.0759481428
0.0371885875
-0.0306406323
-0.1175370486
-0.1847411089
-0.1997448059
-0.1716128741
-0.1300401297
-0.0819032668
-0.0118860095
0.0540677486
0.0803242216
0.0603192897
0.0146830397
-0.0303280552
-0.0900302697
-0.1466067122
-0.1725506051
-0.1738009132
-0.1647361796
-0.1400425946
-0.1000327348
-0.0515832941
-0.0084476620
0.0153081938
0.0303118923
0.0340628169
0.0174962331
-0.0053218915
-0.0403305206
-0.0709630705
-0.0759643031
-0.0678373001
-0.0540839104
-0.0222010521
0.0034302658
-0.0037590063
-0.0365795961
-0.0581474119
-0.0534587563
-0.0537713334
-0.0722133787
-0.0925308860
-0.1090974687
-0.1328533230
-0.1600475242
-0.1781769915
-0.1537959837
-0.1072220065
-0.0694001853
-0.0428311369
-0.0162620882
-0.0087602391
0.0103069609
0.0206220036
0.0012422265
-0.0275148618
-0.0550216415
-0.0597102971
-0.0400179436
-0.0153243570
0.0028051117
0.0012422265
-0.0237639373
-0.0440814451
-0.0312657863
-0.0006332358
0.0290615841
0.0296867382
0.0259358135
0.0212471577
0.0090566527
0.0118698462
0.0221848889
0.0362508563
0.0393766269
0.0218723119
-0.0025086981
-0.0090728161
-0.0125111636
-0.0400179436
-0.0681498772
-0.1031585051
-0.1544211378
-0.2019328450
-0.2175616958
-0.1941184195
-0.1519205216
-0.1087848917
-0.0537713334
0.0078063445
0.0678211392
0.1075184263
0.1275233587
0.1259604733
0.0887638023
0.0334376628
-0.0262645536
-0.0812781127
-0.1247263202
-0.1391048635
-0.1275395135
-0.1190999337
-0.1075345836
-0.0859667683
-0.0575222579
-0.0437688681
-0.0362670190
-0.0287651700
-0.0315783634
-0.0281400159
-0.0300154782
-0.0303280552
-0.0203255898
-0.0096979702
0.0024925347
0.0137453085
0.0065560363
-0.0118860095
-0.0256393996
-0.0297029011
-0.0337664027
-0.0400179436
-0.0431437140
-0.0537713334
-0.0709630705
-0.0762768801
-0.0575222579
-0.0387676354
-0.0359544420
-0.0578348349
-0.0787774964
-0.0700253394
-0.0550216415
-0.0547090645
-0.0662744149
-0.0772146113
-0.0797152275
-0.0575222579
-0.0259519766
-0.0046967374
0.0049931511
-0.0109482784
-0.0197004357
-0.0162620882
-0.0059470456
-0.0084476620
-0.0165746652
-0.0306406323
-0.0484575237
-0.0487701007
-0.0500204089
-0.0537713334
-0.0597102971
-0.0647115298
-0.0612731823
-0.0534587563
-0.0400179436
-0.0225136291
-0.0131363177
-0.0175123964
-0.0303280552
-0.0262645536
-0.0146992030
0.0053057281
0.0112446921
0.0218723119
0.0299993152
0.0274986988
0.0246855053
0.0109321150
-0.0234513602
-0.0631486446
-0.0956566563
-0.1128483931
-0.1134735472
-0.1159741634
-0.1131609701
-0.0925308860
-0.0618983364
-0.0222010521
0.0199968495
0.0418772433
0.0415646663
0.0215597348
-0.0078225079
-0.0190752816
-0.0234513602
-0.0340789797
-0.0350167109
-0.0253268225
-0.0140740489
-0.0087602391
-0.0143866259
-0.0343915568
-0.0612731823
-0.0872170764
-0.0900302697
-0.0834661520
-0.0662744149
-0.0434562910
-0.0337664027
-0.0400179436
-0.0497078318
-0.0475197926
-0.0456443303
-0.0437688681
-0.0678373001
-0.1006578889
-0.1144112782
-0.1100351998
-0.0787774964
-0.0362670190
-0.0218884750
-0.0153243570
-0.0056344686
0.0062434593
0.0196842725
0.0249980824
0.0243729283
0.0159333479
0.0099943839
0.0012422265
-0.0087602391
-0.0093853932
0.0043679970
0.0231226201
0.0340628169
0.0156207708
-0.0171998193
-0.0350167109
-0.0475197926
-0.0603354512
-0.0794026505
-0.0912805778
-0.0922183089
-0.0784649194
-0.0553342186
-0.0256393996
-0.0000080817
0.0071811904
0.0034302658
0.0162459249
0.0299993152
0.0428149745
0.0537551715
0.0356257022
0.0034302658
-0.0193878586
-0.0365795961
-0.0468946385
-0.0537713334
-0.0547090645
-0.0531461793
-0.0537713334
-0.0506455630
-0.0328286716
-0.0112608554
0.0034302658
0.0124950003
0.0062434593
-0.0031338522
-0.0121985866
-0.0240765143
-0.0409556747
-0.0597102971
-0.0675247231
-0.0665869920
-0.0534587563
-0.0403305206
-0.0368921731
-0.0272022848
-0.0165746652
-0.0228262061
-0.0297029011
-0.0328286716
-0.0425185599
-0.0512707171
-0.0628360675
-0.0750265720
-0.0725259557
-0.0572096808
-0.0300154782
-0.0009458129
0.0184339643
0.0256232365
0.0224974660
0.0168710790
0.0049931511
-0.0065721997
-0.0121985866
-0.0125111636
-0.0165746652
-0.0237639373
-0.0203255898
-0.0171998193
-0.0125111636
-0.0037590063
-0.0028212751
-0.0012583899
-0.0093853932
-0.0181375505
-0.0212633209
-0.0275148618
-0.0384550583
-0.0437688681
-0.0447065992
-0.0353292879
-0.0256393996
-0.0218884750
-0.0200130127
-0.0225136291
-0.0247016684
-0.0300154782
-0.0397053665
-0.0565845267
-0.0778397653
-0.0912805778
-0.0809655357
-0.0581474119
-0.0287651700
-0.0012583899
0.0140578856
0.0159333479
0.0128075773
0.0090566527
-0.0003206588
-0.0150117800
-0.0290777470
-0.0387676354
-0.0365795961
-0.0247016684
-0.0100105472
0.0053057281
0.0137453085
0.0209345807
0.0178088102
0.0121824232
0.0034302658
-0.0146992030
-0.0368921731
-0.0590851431
-0.0825284209
-0.0862793453
-0.0659618379
-0.0406430976
-0.0062596227
0.0287490070
0.0500042468
0.0537551715
0.0387514728
0.0109321150
-0.0131363177
-0.0328286716
-0.0462694844
-0.0468946385
-0.0422059829
-0.0384550583
-0.0381424813
-0.0318909404
-0.0237639373
-0.0225136291
-0.0171998193
-0.0112608554
-0.0118860095
-0.0103231243
-0.0150117800
-0.0190752816
-0.0306406323
-0.0462694844
-0.0525210252
-0.0522084482
-0.0472072155
-0.0384550583
-0.0284525930
-0.0228262061
-0.0184501275
-0.0137614718
-0.0128237407
-0.0134488948
-0.0134488948
-0.0156369341
-0.0178249734
-0.0243890914
-0.0359544420
-0.0372047502
-0.0318909404
-0.0215758980
-0.0121985866
-0.0025086981
0.0006170724
0.0003044953
-0.0012583899
-0.0025086981
0.0059308822
0.0109321150
0.0043679970
-0.0134488948
-0.0337664027
-0.0522084482
-0.0684624542
-0.0631486446
-0.0500204089
-0.0428311369
-0.0403305206
-0.0400179436
-0.0290777470
-0.0153243570
-0.0115734325
-0.0112608554
-0.0134488948
-0.0275148618
-0.0412682517
-0.0412682517
-0.0353292879
-0.0262645536
-0.0200130127
-0.0193878586
-0.0162620882
-0.0078225079
0.0053057281
0.0246855053
0.0387514728
0.0400017810
0.0290615841
0.0196842725
0.0112446921
0.0024925347
-0.0078225079
-0.0184501275
-0.0250142455
-0.0337664027
-0.0397053665
-0.0359544420
-0.0287651700
-0.0297029011
-0.0290777470
-0.0206381668
-0.0159495111
-0.0150117800
-0.0131363177
-0.0206381668
-0.0297029011
-0.0350167109
-0.0409556747
-0.0475197926
-0.0484575237
-0.0428311369
-0.0347041338
-0.0228262061
-0.0078225079
0.0015548035
0.0081189216
0.0143704626
0.0137453085
0.0074937675
0.0003044953
-0.0128237407
-0.0215758980
-0.0231387832
-0.0197004357
-0.0209507439
-0.0231387832
-0.0237639373
-0.0331412486
-0.0453317533
-0.0493952548
-0.0425185599
-0.0322035175
-0.0228262061
-0.0168872423
-0.0078225079
0.0049931511
0.0112446921
0.0112446921
0.0099943839
0.0024925347
-0.0112608554
-0.0187627046
-0.0165746652
-0.0184501275
-0.0278274389
-0.0350167109
-0.0337664027
-0.0318909404
-0.0315783634
-0.0218884750
-0.0021961210
0.0165585020
0.0249980824
0.0265609676
0.0184339643
0.0015548035
-0.0106357013
-0.0125111636
-0.0128237407
-0.0184501275
-0.0237639373
-0.0297029011
-0.0312657863
-0.0322035175
-0.0340789797
-0.0334538257
-0.0368921731
-0.0359544420
-0.0284525930
-0.0203255898
-0.0096979702
0.0043679970
0.0118698462
0.0140578856
0.0162459249
0.0181213872
0.0178088102
0.0112446921
0.0034302658
-0.0084476620
-0.0143866259
-0.0137614718
-0.0156369341
-0.0168872423
-0.0206381668
-0.0300154782
-0.0437688681
-0.0500204089
-0.0406430976
-0.0281400159
-0.0162620882
-0.0012583899
0.0062434593
0.0028051117
-0.0040715833
-0.0084476620
-0.0140740489
-0.0293903241
-0.0422059829
-0.0475197926
-0.0440814451
-0.0365795961
-0.0197004357
-0.0056344686
0.0049931511
0.0112446921
0.0118698462
0.0112446921
0.0049931511
-0.0018835440
-0.0068847768
-0.0178249734
-0.0306406323
-0.0331412486
-0.0315783634
-0.0237639373
-0.0140740489
-0.0068847768
-0.0034464292
-0.0062596227
-0.0087602391
-0.0065721997
-0.0062596227
-0.0059470456
-0.0031338522
-0.0037590063
-0.0065721997
-0.0103231243
-0.0156369341
-0.0190752816
-0.0215758980
-0.0237639373
-0.0247016684
-0.0272022848
-0.0290777470
-0.0300154782
-0.0331412486
-0.0312657863
-0.0243890914
-0.0131363177
-0.0046967374
0.0024925347
0.0109321150
0.0109321150
0.0034302658
-0.0115734325
-0.0259519766
-0.0318909404
-0.0315783634
-0.0256393996
-0.0184501275
-0.0131363177
-0.0084476620
0.0003044953
0.0071811904
0.0024925347
-0.0028212751
-0.0040715833
-0.0059470456
-0.0109482784
-0.0121985866
-0.0053218915
-0.0034464292
-0.0090728161
-0.0187627046
-0.0297029011
-0.0372047502
-0.0422059829
-0.0440814451
-0.0412682517
-0.0359544420
-0.0278274389
-0.0212633209
-0.0178249734
-0.0078225079
0.0018673806
0.0068686134
0.0103069609
0.0128075773
0.0128075773
0.0159333479
0.0131201544
0.0043679970
-0.0025086981
-0.0093853932
-0.0121985866
-0.0071973538
-0.0062596227
-0.0090728161
-0.0118860095
-0.0165746652
-0.0200130127
-0.0190752816
-0.0106357013
-0.0037590063
-0.0081350850
-0.0159495111
-0.0284525930
-0.0456443303
-0.0581474119
-0.0559593727
-0.0372047502
-0.0131363177
0.0099943839
0.0209345807
0.0193716954
0.0096818068
-0.0015709670
-0.0059470456
-0.0087602391
-0.0109482784
-0.0096979702
-0.0053218915
0.0059308822
0.0212471577
0.0284364300
0.0196842725
0.0012422265
-0.0162620882
-0.0297029011
-0.0434562910
-0.0522084482
-0.0525210252
-0.0400179436
-0.0247016684
-0.0140740489
-0.0000080817
0.0112446921
0.0103069609
0.0093692298
0.0112446921
0.0134327314
0.0187465413
0.0174962331
0.0018673806
-0.0225136291
-0.0487701007
-0.0656492609
-0.0628360675
-0.0447065992
-0.0240765143
-0.0012583899
0.0256232365
0.0409395122
0.0409395122
0.0343753940
0.0234351971
0.0112446921
0.0009296494
-0.0046967374
-0.0015709670
0.0062434593
0.0090566527
0.0018673806
-0.0153243570
-0.0312657863
-0.0412682517
-0.0403305206
-0.0325160945
-0.0212633209
-0.0134488948
-0.0075099309
-0.0025086981
0.0018673806
0.0012422265
-0.0084476620
-0.0156369341
-0.0121985866
-0.0059470456
-0.0025086981
0.0009296494
0.0059308822
0.0071811904
0.0028051117
0.0015548035
0.0018673806
0.0009296494
0.0018673806
0.0009296494
-0.0006332358
-0.0009458129
-0.0059470456
-0.0168872423
-0.0306406323
-0.0375173272
-0.0315783634
-0.0159495111
-0.0000080817
0.0040554199
0.0040554199
0.0003044953
-0.0087602391
-0.0200130127
-0.0278274389
-0.0290777470
-0.0197004357
-0.0040715833
0.0062434593
0.0074937675
-0.0000080817
-0.0093853932
-0.0184501275
-0.0203255898
-0.0193878586
-0.0215758980
-0.0256393996
-0.0265771307
-0.0281400159
-0.0259519766
-0.0137614718
0.0034302658
0.0187465413
0.0274986988
0.0293741611
0.0240603512
0.0109321150
-0.0059470456
-0.0234513602
-0.0359544420
-0.0406430976
-0.0365795961
-0.0287651700
-0.0215758980
-0.0096979702
0.0009296494
0.0112446921
0.0174962331
0.0124950003
-0.0043841604
-0.0146992030
-0.0140740489
-0.0106357013
-0.0056344686
-0.0031338522
-0.0059470456
-0.0040715833
0.0015548035
0.0062434593
0.0046805740
-0.0025086981
-0.0153243570
-0.0262645536
-0.0312657863
-0.0293903241
-0.0200130127
-0.0071973538
0.0087440757
0.0184339643
0.0240603512
0.0262483906
0.0215597348
0.0112446921
-0.0021961210
-0.0128237407
-0.0159495111
-0.0125111636
-0.0046967374
0.0028051117
0.0024925347
-0.0075099309
-0.0184501275
-0.0250142455
-0.0231387832
-0.0146992030
-0.0100105472
-0.0128237407
-0.0171998193
-0.0247016684
-0.0300154782
-0.0290777470
-0.0250142455
-0.0237639373
-0.0259519766
-0.0212633209
-0.0087602391
0.0062434593
0.0187465413
0.0259358135
0.0221848889
0.0090566527
-0.0071973538
-0.0187627046
-0.0175123964
-0.0096979702
0.0009296494
0.0090566527
0.0131201544
0.0084314986
-0.0012583899
-0.0087602391
-0.0103231243
-0.0081350850
-0.0065721997
-0.0046967374
-0.0053218915
-0.0134488948
-0.0212633209
-0.0212633209
-0.0146992030
-0.0100105472
-0.0078225079
-0.0062596227
-0.0075099309
-0.0084476620
-0.0096979702
-0.0109482784
-0.0156369341
-0.0190752816
-0.0190752816
-0.0093853932
0.0009296494
0.0053057281
0.0087440757
0.0084314986
0.0043679970
-0.0021961210
-0.0103231243
-0.0184501275
-0.0206381668
-0.0159495111
-0.0118860095
-0.0075099309
-0.0062596227
-0.0065721997
-0.0093853932
-0.0150117800
-0.0159495111
-0.0146992030
-0.0128237407
-0.0093853932
-0.0071973538
-0.0050093145
-0.0015709670
-0.0046967374
-0.0112608554
-0.0150117800
-0.0165746652
-0.0193878586
-0.0206381668
-0.0178249734
-0.0090728161
0.0006170724
0.0049931511
0.0074937675
0.0065560363
0.0046805740
0.0009296494
-0.0043841604
-0.0115734325
-0.0184501275
-0.0231387832
-0.0215758980
-0.0140740489
-0.0040715833
0.0062434593
0.0096818068
0.0065560363
0.0031176888
-0.0015709670
-0.0037590063
-0.0046967374
-0.0062596227
-0.0071973538
-0.0062596227
-0.0071973538
-0.0059470456
-0.0015709670
0.0040554199
0.0062434593
0.0040554199
0.0021799576
-0.0018835440
-0.0056344686
-0.0112608554
-0.0187627046
-0.0225136291
-0.0197004357
-0.0150117800
-0.0100105472
-0.0031338522
0.0059308822
0.0118698462
0.0099943839
-0.0009458129
-0.0121985866
-0.0140740489
-0.0056344686
0.0109321150
0.0246855053
0.0281238529
0.0234351971
0.0165585020
0.0087440757
-0.0028212751
-0.0128237407
-0.0197004357
-0.0272022848
-0.0322035175
-0.0306406323
-0.0225136291
-0.0146992030
-0.0071973538
0.0003044953
0.0062434593
0.0112446921
0.0112446921
0.0062434593
0.0028051117
0.0009296494
0.0009296494
-0.0025086981
-0.0081350850
-0.0121985866
-0.0115734325
-0.0081350850
-0.0040715833
-0.0040715833
-0.0071973538
-0.0106357013
-0.0131363177
-0.0150117800
-0.0143866259
-0.0106357013
-0.0006332358
0.0109321150
0.0168710790
0.0156207708
0.0087440757
0.0006170724
-0.0037590063
-0.0059470456
-0.0087602391
-0.0106357013
-0.0109482784
-0.0125111636
-0.0171998193
-0.0190752816
-0.0150117800
-0.0093853932
-0.0056344686
-0.0006332358
0.0034302658
0.0043679970
-0.0000080817
-0.0075099309
-0.0156369341
-0.0187627046
-0.0165746652
-0.0087602391
0.0053057281
0.0174962331
0.0246855053
0.0259358135
0.0187465413
0.0084314986
-0.0018835440
-0.0087602391
-0.0118860095
-0.0153243570
-0.0159495111
-0.0128237407
-0.0096979702
-0.0075099309
-0.0075099309
-0.0065721997
-0.0050093145
-0.0046967374
-0.0056344686
-0.0093853932
-0.0146992030
-0.0187627046
-0.0175123964
-0.0096979702
0.0003044953
0.0140578856
0.0237477742
0.0268735447
0.0228100430
0.0124950003
0.0018673806
-0.0071973538
-0.0121985866
-0.0131363177
-0.0140740489
-0.0156369341
-0.0162620882
-0.0150117800
-0.0137614718
-0.0106357013
-0.0062596227
-0.0034464292
-0.0065721997
-0.0143866259
-0.0190752816
-0.0190752816
-0.0153243570
-0.0109482784
-0.0065721997
-0.0040715833
-0.0031338522
0.0009296494
0.0056183052
0.0065560363
0.0053057281
0.0037428429
0.0012422265
-0.0028212751
-0.0075099309
-0.0078225079
-0.0071973538
-0.0065721997
-0.0075099309
-0.0090728161
-0.0096979702
-0.0084476620
-0.0037590063
-0.0006332358
-0.0015709670
-0.0065721997
-0.0109482784
-0.0118860095
-0.0106357013
-0.0050093145
0.0040554199
0.0081189216
0.0065560363
-0.0009458129
-0.0106357013
-0.0181375505
-0.0231387832
-0.0218884750
-0.0156369341
-0.0087602391
-0.0009458129
0.0049931511
0.0071811904
0.0084314986
0.0109321150
0.0134327314
0.0143704626
0.0143704626
0.0103069609
0.0049931511
-0.0021961210
-0.0071973538
-0.0096979702
-0.0109482784
-0.0125111636
-0.0134488948
-0.0131363177
-0.0125111636
-0.0121985866
-0.0134488948
-0.0150117800
-0.0146992030
-0.0106357013
-0.0062596227
-0.0050093145
-0.0046967374
-0.0040715833
-0.0050093145
-0.0062596227
-0.0090728161
-0.0109482784
-0.0090728161
-0.0037590063
0.0059308822
0.0115572691
0.0124950003
0.0093692298
0.0034302658
-0.0040715833
-0.0112608554
-0.0162620882
-0.0181375505
-0.0197004357
-0.0171998193
-0.0106357013
-0.0006332358
0.0071811904
0.0112446921
0.0109321150
0.0071811904
0.0040554199
0.0009296494
-0.0037590063
-0.0062596227
-0.0078225079
-0.0109482784
-0.0125111636
-0.0131363177
-0.0125111636
-0.0096979702
-0.0068847768
-0.0028212751
0.0021799576
0.0028051117
0.0003044953
0.0012422265
0.0040554199
0.0053057281
0.0059308822
0.0068686134
0.0084314986
0.0087440757
0.0074937675
0.0049931511
0.0037428429
0.0021799576
0.0009296494
-0.0037590063
-0.0087602391
-0.0131363177
-0.0150117800
-0.0134488948
-0.0096979702
-0.0068847768
-0.0050093145
-0.0021961210
0.0012422265
0.0015548035
0.0009296494
-0.0025086981
-0.0059470456
-0.0065721997
-0.0037590063
0.0012422265
0.0034302658
0.0028051117
0.0003044953
-0.0009458129
-0.0009458129
-0.0015709670
-0.0021961210
-0.0021961210
-0.0006332358
-0.0003206588
-0.0012583899
-0.0025086981
-0.0065721997
-0.0081350850
-0.0053218915
0.0006170724
0.0065560363
0.0065560363
0.0012422265
-0.0043841604
-0.0065721997
-0.0062596227
-0.0031338522
-0.0009458129
0.0012422265
0.0065560363
0.0109321150
0.0106195380
0.0059308822
-0.0025086981
-0.0087602391
-0.0106357013
-0.0068847768
-0.0012583899
0.0046805740
0.0084314986
0.0090566527
0.0053057281
-0.0037590063
-0.0131363177
-0.0187627046
-0.0150117800
-0.0071973538
0.0031176888
0.0134327314
0.0181213872
0.0143704626
0.0037428429
-0.0062596227
-0.0134488948
-0.0159495111
-0.0121985866
-0.0046967374
0.0028051117
0.0068686134
0.0081189216
0.0074937675
0.0012422265
-0.0040715833
-0.0087602391
-0.0103231243
-0.0103231243
-0.0075099309
-0.0062596227
-0.0090728161
-0.0137614718
-0.0137614718
-0.0078225079
-0.0015709670
0.0043679970
0.0087440757
0.0128075773
0.0153081938
0.0131201544
0.0071811904
0.0012422265
-0.0025086981
-0.0015709670
0.0018673806
0.0056183052
0.0078063445
0.0074937675
0.0062434593
0.0043679970
0.0018673806
-0.0018835440
-0.0065721997
-0.0090728161
-0.0096979702
-0.0087602391
-0.0081350850
-0.0087602391
-0.0075099309
-0.0050093145
-0.0031338522
-0.0018835440
0.0012422265
0.0049931511
0.0062434593
0.0034302658
-0.0012583899
-0.0046967374
-0.0078225079
-0.0118860095
-0.0146992030
-0.0137614718
-0.0081350850
-0.0031338522
-0.0003206588
0.0015548035
0.0012422265
-0.0018835440
-0.0068847768
-0.0106357013
-0.0125111636
-0.0112608554
-0.0087602391
-0.0046967374
-0.0009458129
0.0024925347
0.0024925347
0.0009296494
-0.0012583899
-0.0034464292
-0.0034464292
-0.0034464292
-0.0046967374
-0.0078225079
-0.0112608554
-0.0150117800
-0.0181375505
-0.0162620882
-0.0109482784
-0.0028212751
0.0034302658
0.0068686134
0.0103069609
0.0109321150
0.0074937675
0.0037428429
-0.0012583899
-0.0062596227
-0.0103231243
-0.0125111636
-0.0115734325
-0.0096979702
-0.0087602391
-0.0065721997
-0.0062596227
-0.0081350850
-0.0075099309
-0.0046967374
-0.0031338522
-0.0050093145
-0.0056344686
-0.0078225079
-0.0106357013
-0.0093853932
-0.0040715833
0.0018673806
0.0062434593
0.0087440757
0.0074937675
0.0056183052
0.0015548035
-0.0034464292
-0.0075099309
-0.0100105472
-0.0109482784
-0.0106357013
-0.0087602391
-0.0062596227
-0.0034464292
-0.0003206588
0.0024925347
0.0012422265
-0.0009458129
-0.0025086981
-0.0056344686
-0.0103231243
-0.0143866259
-0.0143866259
-0.0115734325
-0.0087602391
-0.0050093145
0.0003044953
0.0074937675
0.0146830397
0.0187465413
0.0174962331
0.0103069609
0.0015548035
-0.0059470456
-0.0100105472
-0.0100105472
-0.0053218915
-0.0009458129
0.0012422265
0.0021799576
0.0003044953
-0.0012583899
-0.0021961210
-0.0021961210
-0.0012583899
-0.0006332358
-0.0006332358
-0.0015709670
-0.0025086981
-0.0034464292
-0.0046967374
-0.0028212751
0.0012422265
0.0053057281
0.0093692298
0.0137453085
0.0168710790
0.0174962331
0.0140578856
0.0093692298
0.0046805740
0.0012422265
-0.0003206588
0.0003044953
-0.0009458129
-0.0031338522
-0.0059470456
-0.0096979702
-0.0128237407
-0.0146992030
-0.0150117800
-0.0134488948
-0.0078225079
-0.0012583899
0.0046805740
0.0087440757
0.0093692298
0.0068686134
0.0028051117
-0.0015709670
-0.0040715833
-0.0034464292
-0.0012583899
0.0018673806
0.0040554199
0.0018673806
-0.0006332358
0.0012422265
0.0040554199
0.0062434593
0.0078063445
0.0081189216
0.0068686134
0.0059308822
0.0040554199
0.0003044953
-0.0053218915
-0.0125111636
-0.0181375505
-0.0215758980
-0.0212633209
-0.0156369341
-0.0034464292
0.0103069609
0.0196842725
0.0215597348
0.0174962331
0.0109321150
0.0046805740
-0.0000080817
-0.0043841604
-0.0081350850
-0.0100105472
-0.0090728161
-0.0081350850
-0.0050093145
-0.0015709670
-0.0000080817
0.0009296494
-0.0003206588
-0.0046967374
-0.0087602391
-0.0115734325
-0.0115734325
-0.0106357013
-0.0075099309
-0.0025086981
0.0009296494
0.0012422265
-0.0015709670
-0.0031338522
-0.0046967374
-0.0059470456
-0.0065721997
-0.0046967374
-0.0012583899
0.0049931511
0.0124950003
0.0159333479
0.0143704626
0.0109321150
0.0049931511
-0.0012583899
-0.0046967374
-0.0059470456
-0.0059470456
-0.0062596227
-0.0040715833
-0.0015709670
-0.0000080817
-0.0000080817
-0.0021961210
-0.0040715833
-0.0078225079
-0.0090728161
-0.0084476620
-0.0087602391
-0.0075099309
-0.0062596227
-0.0025086981
0.0024925347
0.0062434593
0.0081189216
0.0084314986
0.0065560363
0.0040554199
0.0003044953
-0.0031338522
-0.0040715833
-0.0034464292
-0.0015709670
-0.0015709670
-0.0053218915
-0.0090728161
-0.0112608554
-0.0118860095
-0.0096979702
-0.0065721997
-0.0046967374
-0.0043841604
-0.0043841604
-0.0031338522
-0.0003206588
0.0024925347
0.0043679970
0.0049931511
0.0049931511
0.0046805740
0.0024925347
-0.0009458129
-0.0053218915
-0.0078225079
-0.0090728161
-0.0081350850
-0.0078225079
-0.0087602391
-0.0087602391
-0.0065721997
-0.0025086981
0.0015548035
0.0040554199
0.0059308822
0.0056183052
0.0059308822
0.0062434593
0.0059308822
0.0028051117
-0.0003206588
-0.0021961210
-0.0037590063
-0.0050093145
-0.0053218915
-0.0034464292
-0.0018835440
-0.0025086981
-0.0043841604
-0.0034464292
-0.0018835440
-0.0006332358
-0.0003206588
-0.0015709670
-0.0037590063
-0.0046967374
-0.0034464292
-0.0021961210
-0.0012583899
-0.0012583899
-0.0025086981
-0.0037590063
-0.0031338522
-0.0028212751
-0.0021961210
-0.0015709670
-0.0009458129
0.0003044953
0.0003044953
0.0003044953
-0.0000080817
-0.0006332358
-0.0031338522
-0.0059470456
-0.0081350850
-0.0090728161
-0.0065721997
-0.0028212751
0.0009296494
0.0018673806
0.0024925347
0.0040554199
0.0046805740
0.0040554199
0.0021799576
-0.0012583899
-0.0043841604
-0.0050093145
-0.0031338522
-0.0009458129
0.0024925347
0.0046805740
0.0071811904
0.0078063445
0.0062434593
0.0028051117
-0.0006332358
-0.0031338522
-0.0050093145
-0.0071973538
-0.0087602391
-0.0106357013
-0.0096979702
-0.0087602391
-0.0068847768
-0.0050093145
-0.0034464292
-0.0012583899
0.0018673806
0.0034302658
0.0028051117
0.0018673806
0.0006170724
0.0009296494
0.0009296494
0.0009296494
0.0009296494
0.0028051117
0.0049931511
0.0071811904
0.0087440757
0.0087440757
0.0062434593
0.0034302658
-0.0009458129
-0.0037590063
-0.0053218915
-0.0059470456
-0.0062596227
-0.0053218915
-0.0043841604
-0.0046967374
-0.0059470456
-0.0071973538
-0.0087602391
-0.0096979702
-0.0100105472
-0.0096979702
-0.0096979702
-0.0090728161
-0.0065721997
-0.0003206588
0.0062434593
0.0112446921
0.0128075773
0.0118698462
0.0103069609
0.0093692298
0.0084314986
0.0068686134
0.0068686134
0.0049931511
0.0009296494
-0.0043841604
-0.0075099309
-0.0065721997
-0.0025086981
0.0018673806
0.0040554199
0.0049931511
0.0049931511
0.0031176888
-0.0000080817
-0.0025086981
-0.0053218915
-0.0062596227
-0.0053218915
-0.0053218915
-0.0053218915
-0.0040715833
-0.0018835440
0.0015548035
0.0046805740
0.0065560363
0.0074937675
0.0065560363
0.0037428429
0.0009296494
-0.0012583899
-0.0034464292
-0.0050093145
-0.0046967374
-0.0034464292
-0.0012583899
0.0018673806
0.0021799576
0.0003044953
-0.0006332358
-0.0012583899
-0.0000080817
0.0012422265
0.0046805740
0.0049931511
0.0018673806
-0.0025086981
-0.0046967374
-0.0053218915
-0.0050093145
-0.0050093145
-0.0034464292
-0.0012583899
0.0003044953
0.0018673806
0.0046805740
0.0062434593
0.0056183052
0.0034302658
0.0006170724
-0.0003206588
-0.0012583899
-0.0003206588
0.0003044953
0.0003044953
-0.0003206588
-0.0009458129
-0.0009458129
-0.0009458129
-0.0000080817
0.0009296494
0.0021799576
0.0031176888
0.0040554199
0.0034302658
0.0018673806
-0.0003206588
-0.0015709670
-0.0025086981
-0.0015709670
-0.0009458129
0.0009296494
0.0015548035
0.0021799576
0.0018673806
0.0012422265
0.0015548035
0.0031176888
0.0037428429
0.0024925347
0.0015548035
0.0012422265
-0.0012583899
-0.0021961210
-0.0015709670
-0.0012583899
-0.0018835440
-0.0031338522
-0.0028212751
-0.0031338522
-0.0025086981
-0.0015709670
-0.0006332358
-0.0018835440
-0.0050093145
-0.0075099309
-0.0065721997
-0.0065721997
-0.0053218915
-0.0050093145
-0.0012583899
0.0024925347
0.0034302658
0.0024925347
0.0012422265
-0.0006332358
-0.0015709670
-0.0037590063
-0.0040715833
-0.0031338522
-0.0006332358
0.0031176888
0.0065560363
0.0081189216
0.0062434593
0.0037428429
0.0021799576
0.0009296494
-0.0018835440
-0.0050093145
-0.0065721997
-0.0059470456
-0.0040715833
-0.0021961210
-0.0006332358
0.0024925347
0.0040554199
0.0040554199
0.0037428429
0.0012422265
-0.0009458129
-0.0025086981
-0.0037590063
-0.0046967374
-0.0053218915
-0.0059470456
-0.0059470456
-0.0062596227
-0.0053218915
-0.0059470456
-0.0062596227
-0.0034464292
-0.0006332358
-0.0009458129
-0.0037590063
-0.0075099309
-0.0081350850
-0.0075099309
-0.0040715833
-0.0009458129
0.0006170724
0.0021799576
0.0040554199
0.0040554199
0.0028051117
0.0003044953
0.0003044953
0.0018673806
0.0037428429
0.0024925347
-0.0012583899
-0.0037590063
-0.0050093145
-0.0046967374
-0.0037590063
-0.0025086981
-0.0015709670
-0.0009458129
-0.0003206588
-0.0012583899
-0.0012583899
-0.0015709670
0.0003044953
0.0009296494
0.0009296494
-0.0003206588
-0.0021961210
-0.0037590063
-0.0040715833
-0.0037590063
-0.0034464292
-0.0025086981
-0.0003206588
0.0018673806
0.0046805740
0.0062434593
0.0068686134
0.0062434593
0.0043679970
0.0031176888
0.0028051117
0.0034302658
0.0037428429
0.0034302658
0.0012422265
-0.0012583899
-0.0028212751
-0.0040715833
-0.0043841604
-0.0040715833
-0.0028212751
-0.0012583899
-0.0000080817
-0.0012583899
-0.0031338522
-0.0046967374
-0.0037590063
-0.0031338522
-0.0028212751
-0.0034464292
-0.0031338522
-0.0031338522
-0.0018835440
0.0003044953
0.0018673806
0.0034302658
0.0043679970
0.0053057281
0.0053057281
0.0040554199
0.0021799576
0.0015548035
0.0021799576
0.0028051117
0.0031176888
0.0024925347
0.0009296494
-0.0021961210
-0.0034464292
-0.0031338522
-0.0034464292
-0.0040715833
-0.0040715833
-0.0028212751
-0.0015709670
-0.0012583899
-0.0006332358
0.0015548035
0.0024925347
0.0037428429
0.0040554199
0.0037428429
0.0028051117
0.0015548035
-0.0003206588
-0.0012583899
-0.0018835440
-0.0012583899
0.0009296494
0.0024925347
0.0059308822
0.0059308822
0.0049931511
0.0015548035
-0.0009458129
-0.0028212751
-0.0043841604
-0.0046967374
-0.0046967374
-0.0056344686
-0.0059470456
-0.0046967374
-0.0031338522
-0.0012583899
0.0003044953
0.0003044953
0.0003044953
0.0021799576
0.0037428429
0.0043679970
0.0040554199
0.0034302658
0.0024925347
0.0028051117
0.0018673806
0.0009296494
-0.0000080817
-0.0006332358
-0.0012583899
-0.0015709670
-0.0015709670
-0.0021961210
-0.0021961210
-0.0012583899
-0.0009458129
0.0003044953
-0.0000080817
-0.0009458129
-0.0009458129
-0.0000080817
-0.0012583899
-0.0021961210
-0.0028212751
-0.0018835440
0.0003044953
0.0018673806
0.0034302658
0.0031176888
0.0024925347
0.0015548035
0.0009296494
0.0015548035
0.0034302658
0.0043679970
0.0037428429
0.0040554199
0.0040554199
0.0040554199
0.0037428429
0.0021799576
0.0021799576
0.0012422265
0.0009296494
-0.0003206588
-0.0012583899
-0.0012583899
-0.0025086981
-0.0028212751
-0.0025086981
-0.0031338522
-0.0025086981
-0.0012583899
0.0006170724
0.0021799576
0.0037428429
0.0037428429
0.0037428429
0.0024925347
0.0003044953
-0.0012583899
-0.0028212751
-0.0025086981
-0.0012583899
-0.0006332358
0.0009296494
0.0003044953
0.0009296494
0.0015548035
0.0015548035
0.0006170724
-0.0000080817
-0.0006332358
-0.0009458129
0.0003044953
0.0021799576
0.0028051117
0.0028051117
0.0018673806
0.0009296494
-0.0000080817
-0.0012583899
-0.0021961210
-0.0025086981
-0.0037590063
-0.0043841604
-0.0034464292
-0.0028212751
-0.0018835440
-0.0006332358
0.0009296494
0.0015548035
0.0012422265
0.0009296494
-0.0003206588
-0.0021961210
-0.0034464292
-0.0043841604
-0.0031338522
-0.0025086981
-0.0031338522
-0.0034464292
-0.0015709670
0.0012422265
0.0043679970
0.0068686134
0.0153081938
0.0265609676
0.0365634334
0.0409395122
0.0371885875
0.0290615841
0.0137453085
-0.0071973538
-0.0268897077
-0.0422059829
-0.0509581400
-0.0534587563
-0.0506455630
-0.0437688681
-0.0356418650
-0.0265771307
-0.0090728161
0.0168710790
0.0425023974
0.0615695980
0.0712594868
0.0693840245
0.0537551715
0.0256232365
-0.0059470456
-0.0325160945
-0.0512707171
-0.0593977201
-0.0600228742
-0.0553342186
-0.0462694844
-0.0378299043
-0.0284525930
-0.0168872423
-0.0031338522
0.0109321150
0.0228100430
0.0296867382
0.0293741611
0.0237477742
0.0156207708
0.0096818068
0.0053057281
0.0043679970
0.0046805740
0.0040554199
0.0028051117
0.0006170724
-0.0012583899
-0.0034464292
-0.0040715833
-0.0034464292
0.0012422265
0.0074937675
0.0121824232
0.0140578856
0.0134327314
0.0093692298
0.0065560363
0.0062434593
0.0049931511
0.0034302658
0.0034302658
0.0034302658
0.0043679970
0.0040554199
0.0012422265
-0.0015709670
-0.0040715833
-0.0043841604
-0.0031338522
-0.0003206588
0.0012422265
0.0003044953
-0.0021961210
-0.0037590063
-0.0046967374
-0.0059470456
-0.0075099309
-0.0087602391
-0.0090728161
-0.0090728161
-0.0075099309
-0.0056344686
-0.0034464292
-0.0015709670
0.0006170724
0.0024925347
0.0021799576
-0.0003206588
-0.0021961210
-0.0037590063
-0.0046967374
-0.0050093145
-0.0043841604
-0.0034464292
-0.0028212751
-0.0028212751
-0.0006332358
0.0003044953
0.0021799576
0.0043679970
0.0071811904
0.0090566527
0.0106195380
0.0109321150
0.0084314986
0.0062434593
0.0037428429
0.0028051117
0.0009296494
-0.0021961210
-0.0059470456
-0.0071973538
-0.0056344686
-0.0028212751
-0.0012583899
0.0009296494
0.0018673806
0.0034302658
0.0049931511
0.0049931511
0.0034302658
0.0009296494
-0.0000080817
0.0006170724
0.0024925347
0.0018673806
0.0003044953
-0.0025086981
-0.0040715833
-0.0040715833
-0.0040715833
-0.0046967374
-0.0043841604
-0.0037590063
-0.0037590063
-0.0062596227
-0.0084476620
-0.0093853932
-0.0081350850
-0.0043841604
0.0009296494
0.0059308822
0.0065560363
0.0049931511
0.0021799576
-0.0000080817
-0.0015709670
-0.0025086981
-0.0021961210
-0.0009458129
0.0009296494
0.0024925347
0.0040554199
0.0046805740
0.0024925347
0.0012422265
-0.0006332358
-0.0015709670
-0.0012583899
-0.0025086981
-0.0046967374
-0.0071973538
-0.0075099309
-0.0050093145
0.0003044953
0.0059308822
0.0103069609
0.0137453085
0.0171836561
0.0199968495
0.0199968495
0.0187465413
0.0159333479
0.0118698462
0.0081189216
0.0037428429
-0.0012583899
-0.0050093145
-0.0062596227
-0.0031338522
0.0024925347
0.0084314986
0.0115572691
0.0071811904
-0.0015709670
-0.0118860095
-0.0175123964
-0.0171998193
-0.0178249734
-0.0181375505
-0.0190752816
-0.0203255898
-0.0200130127
-0.0171998193
-0.0118860095
-0.0059470456
0.0009296494
0.0087440757
0.0146830397
0.0168710790
0.0159333479
0.0112446921
0.0053057281
0.0021799576
0.0015548035
0.0034302658
0.0024925347
-0.0009458129
-0.0078225079
-0.0143866259
-0.0197004357
-0.0234513602
-0.0247016684
-0.0237639373
-0.0222010521
-0.0187627046
-0.0140740489
-0.0096979702
-0.0028212751
0.0049931511
0.0137453085
0.0224974660
0.0303118923
0.0346879711
0.0337502399
0.0284364300
0.0199968495
0.0143704626
0.0121824232
0.0128075773
0.0137453085
0.0112446921
0.0062434593
0.0009296494
-0.0025086981
-0.0037590063
-0.0034464292
-0.0037590063
-0.0062596227
-0.0103231243
-0.0131363177
-0.0140740489
-0.0125111636
-0.0090728161
-0.0037590063
0.0006170724
0.0028051117
0.0015548035
-0.0015709670
-0.0028212751
-0.0034464292
-0.0021961210
0.0003044953
0.0034302658
0.0031176888
0.0009296494
-0.0021961210
-0.0034464292
-0.0040715833
-0.0025086981
0.0009296494
0.0049931511
0.0081189216
0.0096818068
0.0090566527
0.0068686134
0.0024925347
-0.0012583899
-0.0031338522
-0.0012583899
0.0012422265
0.0037428429
0.0034302658
0.0003044953
-0.0040715833
-0.0078225079
-0.0093853932
-0.0087602391
-0.0065721997
-0.0053218915
-0.0050093145
-0.0053218915
-0.0053218915
-0.0040715833
-0.0021961210
0.0012422265
0.0046805740
0.0065560363
0.0059308822
0.0040554199
0.0015548035
0.0003044953
-0.0006332358
-0.0009458129
-0.0006332358
-0.0006332358
0.0003044953
0.0009296494
0.0015548035
0.0018673806
0.0024925347
0.0028051117
0.0024925347
-0.0006332358
-0.0037590063
-0.0068847768
-0.0087602391
-0.0081350850
-0.0046967374
-0.0000080817
0.0034302658
0.0043679970
0.0031176888
0.0015548035
0.0015548035
0.0015548035
0.0021799576
0.0037428429
0.0043679970
0.0037428429
0.0003044953
-0.0012583899
-0.0031338522
-0.0028212751
-0.0006332358
0.0028051117
0.0040554199
0.0040554199
0.0024925347
-0.0006332358
-0.0037590063
-0.0056344686
-0.0062596227
-0.0053218915
-0.0043841604
-0.0034464292
-0.0034464292
-0.0040715833
-0.0037590063
-0.0043841604
-0.0028212751
-0.0012583899
-0.0000080817
0.0006170724
0.0015548035
0.0028051117
0.0040554199
0.0046805740
0.0059308822
0.0062434593
0.0053057281
0.0034302658
0.0006170724
-0.0025086981
-0.0043841604
-0.0056344686
-0.0050093145
-0.0034464292
-0.0015709670
-0.0012583899
-0.0021961210
-0.0040715833
-0.0075099309
-0.0100105472
-0.0093853932
-0.0075099309
-0.0043841604
-0.0012583899
0.0009296494
0.0021799576
0.0034302658
0.0046805740
0.0068686134
0.0074937675
0.0078063445
0.0062434593
0.0034302658
-0.0003206588
-0.0018835440
-0.0018835440
-0.0003206588
0.0018673806
0.0037428429
0.0059308822
0.0059308822
0.0040554199
0.0012422265
-0.0006332358
-0.0028212751
-0.0034464292
-0.0025086981
-0.0015709670
-0.0009458129
-0.0006332358
-0.0009458129
-0.0012583899
-0.0015709670
-0.0015709670
-0.0021961210
-0.0025086981
-0.0037590063
-0.0053218915
-0.0062596227
-0.0068847768
-0.0056344686
-0.0037590063
-0.0025086981
-0.0015709670
-0.0006332358
0.0003044953
0.0015548035
0.0009296494
-0.0021961210
-0.0040715833
-0.0043841604
-0.0031338522
-0.0009458129
0.0012422265
0.0021799576
0.0024925347
0.0018673806
0.0006170724
-0.0009458129
-0.0021961210
-0.0031338522
-0.0031338522
-0.0040715833
-0.0040715833
-0.0053218915
-0.0046967374
-0.0040715833
-0.0012583899
0.0018673806
0.0062434593
0.0078063445
0.0078063445
0.0062434593
0.0043679970
0.0024925347
0.0021799576
0.0031176888
0.0046805740
0.0049931511
0.0040554199
0.0009296494
-0.0025086981
-0.0056344686
-0.0065721997
-0.0056344686
-0.0015709670
0.0034302658
0.0071811904
0.0093692298
0.0084314986
0.0053057281
-0.0000080817
-0.0037590063
-0.0062596227
-0.0062596227
-0.0046967374
-0.0040715833
-0.0043841604
-0.0062596227
-0.0078225079
-0.0103231243
-0.0125111636
-0.0115734325
-0.0090728161
-0.0037590063
0.0009296494
0.0034302658
0.0040554199
0.0034302658
0.0024925347
0.0018673806
0.0028051117
0.0053057281
0.0068686134
0.0074937675
0.0074937675
0.0059308822
0.0040554199
0.0021799576
0.0018673806
0.0006170724
0.0003044953
0.0003044953
-0.0015709670
-0.0034464292
-0.0037590063
-0.0037590063
-0.0028212751
-0.0025086981
-0.0021961210
-0.0021961210
-0.0037590063
-0.0053218915
-0.0075099309
-0.0078225079
-0.0084476620
-0.0068847768
-0.0040715833
-0.0015709670
0.0012422265
0.0009296494
-0.0000080817
-0.0009458129
-0.0006332358
0.0012422265
0.0018673806
0.0024925347
0.0028051117
0.0028051117
0.0028051117
0.0021799576
0.0012422265
0.0012422265
0.0003044953
-0.0000080817
-0.0012583899
-0.0028212751
-0.0037590063
-0.0043841604
-0.0043841604
-0.0034464292
-0.0028212751
-0.0021961210
-0.0015709670
-0.0021961210
-0.0025086981
-0.0025086981
-0.0012583899
-0.0000080817
0.0018673806
0.0034302658
0.0037428429
0.0037428429
0.0021799576
0.0009296494
0.0003044953
0.0003044953
0.0006170724
0.0024925347
0.0031176888
0.0034302658
0.0009296494
-0.0009458129
-0.0009458129
-0.0003206588
0.0009296494
0.0003044953
-0.0000080817
-0.0006332358
-0.0006332358
-0.0009458129
-0.0012583899
-0.0009458129
-0.0009458129
-0.0006332358
-0.0006332358
-0.0000080817
0.0012422265
0.0024925347
0.0040554199
0.0043679970
0.0037428429
0.0031176888
0.0034302658
0.0049931511
0.0065560363
0.0074937675
0.0065560363
0.0049931511
0.0037428429
0.0031176888
0.0024925347
0.0031176888
0.0037428429
0.0043679970
0.0037428429
0.0021799576
0.0012422265
0.0009296494
0.0003044953
-0.0006332358
-0.0018835440
-0.0031338522
-0.0043841604
-0.0059470456
-0.0065721997
-0.0068847768
-0.0075099309
-0.0075099309
-0.0071973538
-0.0056344686
-0.0031338522
-0.0006332358
0.0018673806
0.0028051117
0.0037428429
0.0037428429
0.0034302658
0.0037428429
0.0037428429
0.0040554199
0.0037428429
0.0021799576
0.0009296494
-0.0006332358
-0.0012583899
-0.0009458129
-0.0015709670
-0.0015709670
-0.0006332358
0.0003044953
0.0012422265
0.0003044953
0.0003044953
-0.0000080817
0.0012422265
0.0024925347
0.0024925347
0.0034302658
0.0037428429
0.0037428429
0.0037428429
0.0037428429
0.0018673806
0.0003044953
0.0003044953
-0.0009458129
-0.0009458129
-0.0025086981
-0.0025086981
-0.0012583899
-0.0000080817
0.0028051117
0.0056183052
0.0062434593
0.0053057281
0.0034302658
0.0018673806
0.0012422265
0.0009296494
0.0009296494
0.0012422265
0.0009296494
0.0003044953
0.0003044953
-0.0006332358
-0.0012583899
-0.0018835440
-0.0021961210
-0.0025086981
-0.0034464292
-0.0056344686
-0.0075099309
-0.0090728161
-0.0093853932
-0.0090728161
-0.0081350850
-0.0065721997
-0.0043841604
-0.0012583899
-0.0003206588
0.0012422265
0.0015548035
0.0015548035
0.0009296494
0.0003044953
-0.0003206588
-0.0006332358
0.0003044953
0.0015548035
0.0028051117
0.0040554199
0.0021799576
-0.0003206588
-0.0021961210
-0.0043841604
-0.0040715833
-0.0037590063
-0.0031338522
-0.0021961210
-0.0015709670
-0.0021961210
-0.0034464292
-0.0043841604
-0.0046967374
-0.0053218915
-0.0046967374
-0.0031338522
-0.0006332358
0.0012422265
0.0018673806
0.0024925347
0.0015548035
0.0009296494
-0.0003206588
-0.0021961210
-0.0037590063
-0.0053218915
-0.0071973538
-0.0087602391
-0.0087602391
-0.0081350850
-0.0059470456
-0.0031338522
0.0003044953
0.0028051117
0.0046805740
0.0056183052
0.0062434593
0.0053057281
0.0034302658
0.0009296494
-0.0006332358
-0.0009458129
-0.0000080817
-0.0012583899
-0.0037590063
-0.0078225079
-0.0096979702
-0.0103231243
-0.0087602391
-0.0075099309
-0.0053218915
-0.0031338522
-0.0006332358
0.0037428429
0.0056183052
0.0071811904
0.0059308822
0.0037428429
0.0015548035
0.0006170724
0.0012422265
0.0015548035
0.0015548035
0.0015548035
0.0006170724
0.0009296494
0.0003044953
0.0006170724
-0.0000080817
-0.0012583899
-0.0025086981
-0.0031338522
-0.0040715833
-0.0050093145
-0.0046967374
-0.0034464292
-0.0031338522
-0.0028212751
-0.0012583899
-0.0006332358
0.0015548035
0.0037428429
0.0062434593
0.0074937675
0.0071811904
0.0059308822
0.0037428429
0.0021799576
0.0015548035
0.0031176888
0.0037428429
0.0043679970
0.0037428429
0.0021799576
0.0003044953
-0.0009458129
-0.0012583899
-0.0012583899
-0.0015709670
-0.0021961210
-0.0021961210
-0.0015709670
-0.0012583899
-0.0006332358
0.0003044953
0.0015548035
0.0024925347
0.0024925347
0.0015548035
0.0012422265
0.0012422265
0.0018673806
0.0021799576
0.0018673806
0.0009296494
-0.0000080817
-0.0006332358
-0.0009458129
0.0003044953
0.0003044953
0.0009296494
0.0003044953
-0.0000080817
-0.0012583899
-0.0015709670
-0.0031338522
-0.0025086981
-0.0015709670
-0.0025086981
-0.0025086981
-0.0028212751
-0.0031338522
-0.0025086981
-0.0021961210
-0.0012583899
-0.0006332358
-0.0006332358
-0.0009458129
-0.0006332358
0.0012422265
0.0034302658
0.0046805740
0.0046805740
0.0024925347
-0.0009458129
-0.0040715833
-0.0059470456
-0.0059470456
-0.0043841604
-0.0021961210
-0.0000080817
0.0009296494
0.0009296494
0.0006170724
0.0003044953
0.0015548035
0.0024925347
0.0034302658
0.0028051117
0.0028051117
0.0034302658
0.0034302658
0.0031176888
0.0043679970
0.0059308822
0.0084314986
0.0099943839
0.0096818068
0.0074937675
0.0040554199
-0.0000080817
-0.0034464292
-0.0075099309
-0.0087602391
-0.0087602391
-0.0062596227
-0.0028212751
0.0009296494
0.0037428429
0.0043679970
0.0040554199
0.0037428429
0.0024925347
0.0009296494
0.0009296494
0.0009296494
0.0009296494
-0.0000080817
-0.0021961210
-0.0031338522
-0.0031338522
-0.0031338522
-0.0015709670
-0.0009458129
-0.0000080817
0.0012422265
0.0024925347
0.0037428429
0.0028051117
0.0003044953
-0.0015709670
-0.0028212751
-0.0028212751
-0.0015709670
-0.0012583899
-0.0012583899
-0.0018835440
-0.0012583899
-0.0003206588
0.0018673806
0.0043679970
0.0049931511
0.0053057281
0.0043679970
0.0040554199
0.0037428429
0.0034302658
0.0024925347
0.0012422265
-0.0003206588
-0.0031338522
-0.0046967374
-0.0062596227
-0.0075099309
-0.0084476620
-0.0081350850
-0.0068847768
-0.0053218915
-0.0034464292
-0.0021961210
-0.0015709670
-0.0009458129
-0.0000080817
-0.0000080817
0.0015548035
0.0034302658
0.0046805740
0.0059308822
0.0065560363
0.0056183052
0.0043679970
0.0034302658
0.0037428429
0.0049931511
0.0062434593
0.0059308822
0.0043679970
0.0012422265
-0.0025086981
-0.0062596227
-0.0090728161
-0.0100105472
-0.0090728161
-0.0059470456
-0.0025086981
-0.0003206588
0.0015548035
0.0021799576
0.0021799576
0.0021799576
0.0018673806
0.0015548035
0.0015548035
0.0015548035
0.0012422265
-0.0006332358
-0.0012583899
-0.0025086981
-0.0037590063
-0.0059470456
-0.0068847768
-0.0068847768
-0.0056344686
-0.0037590063
-0.0012583899
0.0003044953
0.0018673806
0.0028051117
0.0024925347
0.0021799576
0.0012422265
-0.0006332358
-0.0015709670
-0.0028212751
-0.0028212751
-0.0028212751
-0.0034464292
-0.0034464292
-0.0031338522
-0.0031338522
-0.0021961210
-0.0012583899
-0.0009458129
-0.0003206588
-0.0000080817
0.0012422265
0.0003044953
-0.0000080817
-0.0006332358
-0.0012583899
-0.0012583899
-0.0012583899
-0.0025086981
-0.0046967374
-0.0059470456
-0.0065721997
-0.0053218915
-0.0025086981
-0.0003206588
0.0028051117
0.0046805740
0.0043679970
0.0034302658
0.0024925347
0.0012422265
0.0006170724
-0.0009458129
-0.0015709670
-0.0025086981
-0.0025086981
-0.0025086981
-0.0025086981
-0.0025086981
-0.0012583899
-0.0006332358
0.0003044953
0.0003044953
0.0009296494
0.0003044953
-0.0000080817
-0.0012583899
-0.0037590063
-0.0056344686
-0.0062596227
-0.0053218915
-0.0040715833
-0.0025086981
-0.0021961210
-0.0015709670
-0.0015709670
-0.0012583899
-0.0009458129
0.0009296494
0.0018673806
0.0031176888
0.0053057281
0.0062434593
0.0059308822
0.0031176888
0.0009296494
-0.0012583899
-0.0012583899
-0.0015709670
-0.0006332358
0.0009296494
0.0009296494
-0.0006332358
-0.0015709670
-0.0018835440
-0.0012583899
0.0003044953
0.0018673806
0.0034302658
0.0046805740
0.0068686134
0.0099943839
0.0128075773
0.0146830397
0.0153081938
0.0134327314
0.0087440757
0.0046805740
0.0009296494
-0.0025086981
-0.0037590063
-0.0034464292
-0.0031338522
-0.0021961210
-0.0015709670
0.0003044953
0.0021799576
0.0018673806
0.0003044953
-0.0009458129
-0.0006332358
-0.0006332358
-0.0009458129
-0.0015709670
-0.0050093145
-0.0075099309
-0.0065721997
-0.0046967374
0.0003044953
0.0062434593
0.0096818068
0.0087440757
0.0062434593
0.0031176888
0.0018673806
0.0003044953
-0.0006332358
-0.0015709670
-0.0031338522
-0.0046967374
-0.0046967374
-0.0037590063
-0.0021961210
-0.0009458129
-0.0000080817
0.0040554199
0.0090566527
0.0096818068
0.0059308822
-0.0000080817
-0.0053218915
-0.0087602391
-0.0084476620
-0.0046967374
-0.0009458129
0.0028051117
0.0056183052
0.0053057281
0.0037428429
0.0024925347
0.0037428429
0.0024925347
-0.0009458129
-0.0062596227
-0.0115734325
-0.0134488948
-0.0118860095
-0.0081350850
-0.0037590063
0.0009296494
0.0043679970
0.0071811904
0.0093692298
0.0103069609
0.0096818068
0.0068686134
0.0034302658
-0.0003206588
-0.0034464292
-0.0056344686
-0.0065721997
-0.0059470456
-0.0046967374
-0.0037590063
-0.0021961210
-0.0009458129
0.0006170724
0.0012422265
0.0012422265
0.0012422265
0.0015548035
0.0006170724
-0.0012583899
-0.0031338522
-0.0025086981
-0.0012583899
0.0009296494
0.0012422265
-0.0000080817
-0.0025086981
-0.0050093145
-0.0059470456
-0.0062596227
-0.0053218915
-0.0037590063
-0.0021961210
-0.0009458129
-0.0000080817
0.0009296494
-0.0000080817
0.0003044953
0.0012422265
0.0018673806
0.0018673806
0.0012422265
-0.0003206588
-0.0015709670
-0.0018835440
-0.0009458129
0.0009296494
0.0028051117
0.0040554199
0.0040554199
0.0024925347
0.0009296494
-0.0009458129
-0.0012583899
-0.0006332358
0.0009296494
0.0021799576
0.0034302658
0.0034302658
0.0024925347
0.0009296494
-0.0009458129
-0.0009458129
-0.0003206588
0.0009296494
0.0021799576
0.0018673806
0.0009296494
-0.0003206588
-0.0012583899
-0.0009458129
-0.0009458129
-0.0006332358
-0.0012583899
-0.0025086981
-0.0043841604
-0.0056344686
-0.0059470456
-0.0062596227
-0.0062596227
-0.0059470456
-0.0062596227
-0.0053218915
-0.0040715833
-0.0028212751
-0.0015709670
0.0003044953
0.0015548035
0.0037428429
0.0043679970
0.0049931511
0.0043679970
0.0034302658
0.0018673806
0.0003044953
-0.0000080817
-0.0015709670
-0.0034464292
-0.0053218915
-0.0040715833
-0.0025086981
-0.0003206588
0.0015548035
0.0024925347
0.0021799576
0.0012422265
0.0009296494
-0.0000080817
-0.0006332358
-0.0003206588
0.0009296494
0.0028051117
0.0037428429
0.0034302658
0.0024925347
0.0024925347
0.0024925347
0.0028051117
0.0028051117
0.0018673806
-0.0009458129
-0.0037590063
-0.0062596227
-0.0071973538
-0.0062596227
-0.0031338522
-0.0003206588
0.0024925347
0.0037428429
0.0043679970
0.0034302658
0.0031176888
0.0040554199
0.0068686134
0.0106195380
0.0143704626
0.0162459249
0.0153081938
0.0121824232
0.0071811904
0.0015548035
-0.0040715833
-0.0087602391
-0.0112608554
-0.0128237407
-0.0134488948
-0.0143866259
-0.0159495111
-0.0175123964
-0.0168872423
-0.0146992030
-0.0106357013
-0.0046967374
0.0012422265
0.0071811904
0.0115572691
0.0137453085
0.0149956167
0.0156207708
0.0174962331
0.0196842725
0.0215597348
0.0203094266
0.0168710790
0.0096818068
-0.0000080817
-0.0084476620
-0.0146992030
-0.0178249734
-0.0190752816
-0.0200130127
-0.0237639373
-0.0281400159
-0.0322035175
-0.0337664027
-0.0318909404
-0.0262645536
-0.0162620882
-0.0050093145
0.0059308822
0.0137453085
0.0181213872
0.0171836561
0.0134327314
0.0081189216
0.0046805740
0.0037428429
0.0053057281
0.0065560363
0.0071811904
0.0068686134
0.0056183052
0.0056183052
0.0053057281
0.0062434593
0.0074937675
0.0078063445
0.0084314986
0.0087440757
0.0090566527
0.0081189216
0.0071811904
0.0065560363
0.0062434593
0.0043679970
0.0037428429
0.0021799576
0.0009296494
-0.0000080817
-0.0006332358
-0.0012583899
-0.0015709670
-0.0025086981
-0.0021961210
-0.0021961210
-0.0021961210
-0.0025086981
-0.0025086981
-0.0037590063
-0.0046967374
-0.0056344686
-0.0071973538
-0.0078225079
-0.0081350850
-0.0071973538
-0.0050093145
-0.0031338522
-0.0012583899
-0.0000080817
-0.0006332358
-0.0018835440
-0.0037590063
-0.0059470456
-0.0075099309
-0.0075099309
-0.0062596227
-0.0050093145
-0.0034464292
-0.0021961210
-0.0015709670
-0.0012583899
-0.0012583899
-0.0012583899
-0.0006332358
0.0003044953
0.0012422265
0.0031176888
0.0053057281
0.0071811904
0.0078063445
0.0078063445
0.0081189216
0.0068686134
0.0059308822
0.0049931511
0.0046805740
0.0024925347
0.0009296494
-0.0009458129
-0.0034464292
-0.0062596227
-0.0087602391
-0.0103231243
-0.0112608554
-0.0090728161
-0.0081350850
-0.0043841604
-0.0015709670
0.0003044953
0.0012422265
0.0021799576
0.0034302658
0.0056183052
0.0074937675
0.0074937675
0.0062434593
0.0037428429
0.0003044953
-0.0034464292
-0.0065721997
-0.0100105472
-0.0121985866
-0.0112608554
-0.0087602391
-0.0037590063
0.0012422265
0.0040554199
0.0043679970
0.0040554199
0.0037428429
0.0037428429
0.0040554199
0.0046805740
0.0049931511
0.0059308822
0.0046805740
0.0024925347
-0.0003206588
-0.0018835440
-0.0025086981
-0.0025086981
-0.0021961210
-0.0015709670
-0.0009458129
-0.0009458129
-0.0025086981
-0.0040715833
-0.0046967374
-0.0034464292
-0.0009458129
0.0015548035
0.0046805740
0.0059308822
0.0053057281
0.0024925347
-0.0009458129
-0.0018835440
-0.0018835440
0.0003044953
0.0009296494
0.0012422265
0.0006170724
-0.0006332358
-0.0015709670
-0.0015709670
-0.0009458129
0.0009296494
0.0024925347
0.0034302658
0.0034302658
0.0009296494
-0.0025086981
-0.0046967374
-0.0053218915
-0.0050093145
-0.0056344686
-0.0053218915
-0.0046967374
-0.0031338522
-0.0012583899
-0.0003206588
0.0012422265
0.0028051117
0.0046805740
0.0068686134
0.0103069609
0.0112446921
0.0109321150
0.0065560363
0.0024925347
-0.0021961210
-0.0059470456
-0.0087602391
-0.0090728161
-0.0075099309
-0.0062596227
-0.0062596227
-0.0075099309
-0.0096979702
-0.0125111636
-0.0153243570
-0.0150117800
-0.0112608554
-0.0062596227
-0.0015709670
0.0012422265
0.0024925347
0.0034302658
0.0040554199
0.0053057281
0.0074937675
0.0112446921
0.0140578856
0.0149956167
0.0165585020
0.0162459249
0.0149956167
0.0128075773
0.0099943839
0.0056183052
0.0015548035
-0.0021961210
-0.0059470456
-0.0087602391
-0.0112608554
-0.0125111636
-0.0125111636
-0.0118860095
-0.0096979702
-0.0071973538
-0.0040715833
-0.0015709670
-0.0003206588
0.0015548035
0.0034302658
0.0046805740
0.0059308822
0.0049931511
0.0049931511
0.0040554199
0.0034302658
0.0015548035
-0.0000080817
-0.0015709670
-0.0015709670
-0.0009458129
0.0006170724
0.0018673806
0.0028051117
0.0034302658
0.0024925347
0.0012422265
-0.0003206588
-0.0025086981
-0.0037590063
-0.0040715833
-0.0031338522
-0.0012583899
0.0003044953
-0.0000080817
-0.0012583899
-0.0021961210
-0.0012583899
0.0003044953
0.0028051117
0.0049931511
0.0059308822
0.0059308822
0.0053057281
0.0040554199
0.0028051117
0.0018673806
0.0018673806
0.0021799576
0.0018673806
0.0003044953
-0.0015709670
-0.0043841604
-0.0062596227
-0.0081350850
-0.0075099309
-0.0065721997
-0.0046967374
-0.0031338522
-0.0000080817
0.0018673806
0.0034302658
0.0037428429
0.0049931511
0.0043679970
0.0049931511
0.0037428429
0.0034302658
0.0012422265
-0.0006332358
-0.0021961210
-0.0037590063
-0.0046967374
-0.0053218915
-0.0062596227
-0.0071973538
-0.0075099309
-0.0084476620
-0.0090728161
-0.0090728161
-0.0093853932
-0.0078225079
-0.0059470456
-0.0037590063
-0.0021961210
0.0003044953
0.0012422265
0.0028051117
0.0037428429
0.0043679970
0.0040554199
0.0024925347
0.0012422265
0.0006170724
0.0003044953
0.0015548035
0.0024925347
0.0040554199
0.0040554199
0.0034302658
0.0031176888
0.0024925347
0.0018673806
0.0012422265
-0.0003206588
-0.0028212751
-0.0040715833
-0.0046967374
-0.0046967374
-0.0046967374
-0.0050093145
-0.0034464292
-0.0009458129
0.0015548035
0.0056183052
0.0087440757
0.0112446921
0.0093692298
0.0053057281
0.0018673806
-0.0012583899
-0.0031338522
-0.0046967374
-0.0053218915
-0.0059470456
-0.0059470456
-0.0056344686
-0.0050093145
-0.0034464292
-0.0000080817
0.0031176888
0.0062434593
0.0084314986
0.0084314986
0.0071811904
0.0053057281
0.0034302658
-0.0006332358
-0.0037590063
-0.0062596227
-0.0096979702
-0.0109482784
-0.0115734325
-0.0112608554
-0.0087602391
-0.0068847768
-0.0053218915
-0.0034464292
-0.0015709670
0.0003044953
0.0024925347
0.0049931511
0.0062434593
0.0053057281
0.0034302658
0.0012422265
-0.0012583899
-0.0012583899
-0.0000080817
0.0015548035
0.0031176888
0.0049931511
0.0062434593
0.0062434593
0.0071811904
0.0087440757
0.0115572691
0.0137453085
0.0165585020
0.0178088102
0.0184339643
0.0171836561
0.0146830397
0.0109321150
0.0071811904
0.0037428429
-0.0006332358
-0.0040715833
-0.0071973538
-0.0090728161
-0.0096979702
-0.0090728161
-0.0071973538
-0.0043841604
-0.0028212751
-0.0025086981
-0.0034464292
-0.0031338522
-0.0025086981
-0.0034464292
-0.0046967374
-0.0087602391
-0.0118860095
-0.0146992030
-0.0156369341
-0.0146992030
-0.0131363177
-0.0100105472
-0.0078225079
-0.0062596227
-0.0059470456
-0.0050093145
-0.0050093145
-0.0046967374
-0.0056344686
-0.0059470456
-0.0046967374
-0.0025086981
0.0006170724
0.0031176888
0.0021799576
-0.0009458129
-0.0025086981
-0.0050093145
-0.0065721997
-0.0084476620
-0.0096979702
-0.0100105472
-0.0090728161
-0.0062596227
-0.0040715833
-0.0009458129
0.0006170724
0.0028051117
0.0059308822
0.0103069609
0.0159333479
0.0171836561
0.0168710790
0.0143704626
0.0124950003
0.0099943839
0.0078063445
0.0059308822
0.0046805740
0.0037428429
0.0031176888
0.0040554199
0.0059308822
0.0074937675
0.0087440757
0.0093692298
0.0096818068
0.0078063445
0.0056183052
0.0028051117
0.0009296494
-0.0009458129
-0.0018835440
-0.0031338522
-0.0046967374
-0.0050093145
-0.0050093145
-0.0046967374
-0.0040715833
-0.0034464292
-0.0021961210
-0.0006332358
0.0003044953
-0.0000080817
-0.0000080817
-0.0012583899
-0.0025086981
-0.0031338522
-0.0050093145
-0.0056344686
-0.0062596227
-0.0075099309
-0.0075099309
-0.0056344686
-0.0037590063
-0.0025086981
-0.0009458129
-0.0006332358
-0.0009458129
-0.0012583899
-0.0006332358
-0.0009458129
-0.0003206588
-0.0009458129
-0.0015709670
-0.0034464292
-0.0053218915
-0.0062596227
-0.0059470456
-0.0059470456
-0.0037590063
0.0428149745
0.1794111532
0.3063174527
0.3663322578
0.3553920588
0.2991281793
0.2256725618
0.1487785997
0.0825122611
0.0303118923
-0.0125111636
-0.0540839104
-0.0959692334
-0.1312904378
-0.1709877200
-0.2097472704
-0.2184994268
-0.2013076909
-0.1800524536
-0.1681745268
-0.1725506051
-0.1687996809
-0.0778397653
0.0503168239
0.1384635562
0.1875381574
0.2087933990
0.1987909323
0.1584684890
0.0981411143
0.0299993152
-0.0397053665
-0.1015956199
-0.1409803257
-0.1553588689
-0.1650487566
-0.1550462918
-0.1181622026
-0.0706504935
-0.0290777470
-0.0046967374
0.0024925347
-0.0084476620
-0.0293903241
-0.0425185599
-0.0390802124
-0.0256393996
-0.0050093145
0.0106195380
0.0140578856
0.0034302658
-0.0159495111
-0.0340789797
-0.0475197926
-0.0543964875
-0.0559593727
-0.0525210252
-0.0434562910
-0.0287651700
-0.0140740489
0.0012422265
0.0190591184
0.0365634334
0.0490665156
0.0525048633
0.0490665156
0.0434401286
0.0365634334
0.0271861218
0.0149956167
0.0015548035
-0.0096979702
-0.0171998193
-0.0228262061
-0.0256393996
-0.0234513602
-0.0178249734
-0.0096979702
0.0003044953
0.0062434593
0.0062434593
-0.0003206588
-0.0062596227
-0.0087602391
-0.0087602391
-0.0059470456
-0.0034464292
-0.0012583899
-0.0021961210
-0.0046967374
-0.0068847768
-0.0050093145
-0.0015709670
0.0018673806
0.0040554199
0.0043679970
0.0040554199
0.0012422265
-0.0046967374
-0.0118860095
-0.0187627046
-0.0215758980
-0.0175123964
-0.0071973538
0.0053057281
0.0143704626
0.0190591184
0.0215597348
0.0199968495
0.0203094266
0.0212471577
0.0209345807
0.0193716954
0.0162459249
0.0099943839
0.0024925347
-0.0043841604
-0.0084476620
-0.0121985866
-0.0159495111
-0.0156369341
-0.0121985866
-0.0062596227
-0.0003206588
0.0049931511
0.0084314986
0.0099943839
0.0109321150
0.0093692298
0.0074937675
0.0065560363
0.0059308822
0.0068686134
0.0084314986
0.0115572691
0.0146830397
0.0137453085
0.0078063445
0.0015548035
-0.0021961210
-0.0012583899
0.0024925347
0.0074937675
0.0099943839
0.0118698462
0.0115572691
0.0065560363
-0.0021961210
-0.0096979702
-0.0153243570
-0.0153243570
-0.0128237407
-0.0115734325
-0.0093853932
-0.0090728161
-0.0109482784
-0.0131363177
-0.0125111636
-0.0084476620
-0.0025086981
0.0040554199
0.0081189216
0.0096818068
0.0090566527
0.0068686134
0.0043679970
0.0015548035
-0.0025086981
-0.0062596227
-0.0081350850
-0.0081350850
-0.0078225079
-0.0078225079
-0.0093853932
-0.0096979702
-0.0075099309
-0.0037590063
0.0024925347
0.0078063445
0.0087440757
0.0087440757
0.0065560363
0.0037428429
0.0009296494
-0.0021961210
-0.0021961210
-0.0012583899
0.0003044953
-0.0009458129
-0.0012583899
-0.0021961210
-0.0034464292
-0.0053218915
-0.0062596227
-0.0059470456
-0.0031338522
0.0015548035
0.0046805740
0.0037428429
-0.0015709670
-0.0071973538
-0.0106357013
-0.0112608554
-0.0096979702
-0.0065721997
-0.0040715833
-0.0040715833
-0.0037590063
-0.0040715833
-0.0040715833
-0.0065721997
-0.0109482784
-0.0137614718
-0.0140740489
-0.0131363177
-0.0125111636
-0.0115734325
-0.0103231243
-0.0081350850
-0.0040715833
-0.0000080817
0.0031176888
0.0049931511
0.0056183052
0.0053057281
0.0043679970
0.0053057281
0.0046805740
0.0049931511
0.0046805740
0.0056183052
0.0068686134
0.0062434593
0.0059308822
0.0059308822
0.0062434593
0.0056183052
0.0062434593
0.0074937675
0.0087440757
0.0103069609
0.0090566527
0.0078063445
0.0049931511
0.0024925347
-0.0006332358
-0.0015709670
-0.0015709670
0.0009296494
0.0040554199
0.0068686134
0.0084314986
0.0084314986
0.0074937675
0.0068686134
0.0049931511
0.0040554199
0.0031176888
0.0043679970
0.0056183052
0.0053057281
0.0037428429
0.0024925347
-0.0009458129
-0.0034464292
-0.0059470456
-0.0056344686
-0.0021961210
0.0003044953
0.0003044953
-0.0009458129
-0.0021961210
-0.0015709670
-0.0012583899
-0.0012583899
-0.0006332358
-0.0000080817
0.0012422265
0.0018673806
0.0018673806
0.0028051117
0.0037428429
0.0046805740
0.0034302658
0.0018673806
0.0021799576
0.0053057281
0.0087440757
0.0096818068
0.0078063445
0.0024925347
-0.0031338522
-0.0075099309
-0.0109482784
-0.0134488948
-0.0150117800
-0.0159495111
-0.0156369341
-0.0153243570
-0.0128237407
-0.0096979702
-0.0062596227
-0.0056344686
-0.0043841604
-0.0015709670
0.0031176888
0.0074937675
0.0112446921
0.0115572691
0.0103069609
0.0062434593
0.0006170724
-0.0059470456
-0.0106357013
-0.0100105472
-0.0059470456
-0.0009458129
0.0024925347
0.0024925347
-0.0025086981
-0.0078225079
-0.0125111636
-0.0140740489
-0.0140740489
-0.0115734325
-0.0087602391
-0.0071973538
-0.0071973538
-0.0081350850
-0.0087602391
-0.0075099309
-0.0062596227
-0.0046967374
-0.0037590063
-0.0046967374
-0.0046967374
-0.0034464292
-0.0015709670
-0.0009458129
-0.0009458129
-0.0028212751
-0.0037590063
-0.0025086981
-0.0003206588
0.0021799576
0.0028051117
0.0012422265
-0.0021961210
-0.0040715833
-0.0037590063
-0.0021961210
0.0021799576
0.0074937675
0.0115572691
0.0124950003
0.0087440757
0.0037428429
-0.0034464292
-0.0103231243
-0.0143866259
-0.0153243570
-0.0146992030
-0.0109482784
-0.0062596227
-0.0028212751
-0.0009458129
-0.0003206588
-0.0012583899
-0.0031338522
-0.0046967374
-0.0065721997
-0.0084476620
-0.0062596227
-0.0015709670
0.0034302658
0.0062434593
0.0043679970
0.0003044953
-0.0012583899
-0.0009458129
0.0028051117
0.0099943839
0.0149956167
0.0168710790
0.0165585020
0.0146830397
0.0124950003
0.0084314986
0.0024925347
-0.0015709670
-0.0043841604
-0.0040715833
-0.0043841604
-0.0046967374
-0.0034464292
-0.0012583899
-0.0009458129
-0.0006332358
-0.0012583899
-0.0015709670
-0.0009458129
0.0003044953
0.0028051117
0.0043679970
0.0034302658
-0.0012583899
-0.0059470456
-0.0087602391
-0.0078225079
-0.0040715833
-0.0003206588
0.0018673806
0.0024925347
0.0034302658
0.0053057281
0.0096818068
0.0143704626
0.0165585020
0.0149956167
0.0096818068
0.0034302658
-0.0037590063
-0.0115734325
-0.0193878586
-0.0234513602
-0.0237639373
-0.0212633209
-0.0146992030
-0.0053218915
0.0040554199
0.0106195380
0.0143704626
0.0137453085
0.0128075773
0.0099943839
0.0084314986
0.0090566527
0.0118698462
0.0159333479
0.0174962331
0.0162459249
0.0124950003
0.0074937675
0.0043679970
0.0018673806
0.0009296494
0.0012422265
0.0009296494
0.0021799576
0.0065560363
0.0112446921
0.0134327314
0.0112446921
0.0078063445
0.0056183052
0.0024925347
-0.0028212751
-0.0109482784
-0.0187627046
-0.0259519766
-0.0297029011
-0.0293903241
-0.0265771307
-0.0231387832
-0.0193878586
-0.0150117800
-0.0087602391
-0.0012583899
0.0062434593
0.0115572691
0.0146830397
0.0156207708
0.0159333479
0.0143704626
0.0099943839
0.0043679970
-0.0006332358
-0.0021961210
-0.0040715833
-0.0059470456
-0.0081350850
-0.0112608554
-0.0150117800
-0.0184501275
-0.0206381668
-0.0190752816
-0.0137614718
-0.0025086981
0.0112446921
0.0209345807
0.0246855053
0.0246855053
0.0246855053
0.0234351971
0.0218723119
0.0193716954
0.0153081938
0.0109321150
0.0065560363
0.0024925347
-0.0050093145
-0.0134488948
-0.0222010521
-0.0281400159
-0.0284525930
-0.0240765143
-0.0190752816
-0.0156369341
-0.0150117800
-0.0184501275
-0.0218884750
-0.0218884750
-0.0165746652
-0.0096979702
-0.0025086981
0.0024925347
0.0046805740
0.0043679970
0.0043679970
0.0049931511
0.0059308822
0.0062434593
0.0043679970
0.0031176888
0.0031176888
0.0028051117
0.0037428429
0.0034302658
0.0037428429
0.0043679970
0.0040554199
0.0021799576
-0.0012583899
-0.0053218915
-0.0112608554
-0.0171998193
-0.0212633209
-0.0237639373
-0.0228262061
-0.0187627046
-0.0131363177
-0.0090728161
-0.0071973538
-0.0053218915
-0.0037590063
-0.0009458129
0.0040554199
0.0071811904
0.0099943839
0.0124950003
0.0153081938
0.0165585020
0.0146830397
0.0131201544
0.0096818068
0.0056183052
0.0021799576
-0.0006332358
-0.0034464292
-0.0050093145
-0.0040715833
-0.0012583899
0.0021799576
0.0043679970
0.0065560363
0.0068686134
0.0053057281
0.0018673806
-0.0018835440
-0.0050093145
-0.0062596227
-0.0059470456
-0.0025086981
0.0012422265
0.0034302658
0.0034302658
0.0009296494
-0.0034464292
-0.0062596227
-0.0062596227
-0.0034464292
-0.0006332358
0.0003044953
-0.0009458129
-0.0050093145
-0.0081350850
-0.0103231243
-0.0103231243
-0.0078225079
-0.0037590063
0.0003044953
0.0018673806
0.0015548035
0.0009296494
0.0003044953
-0.0012583899
-0.0018835440
-0.0009458129
0.0024925347
0.0071811904
0.0112446921
0.0118698462
0.0099943839
0.0071811904
0.0059308822
0.0056183052
0.0081189216
0.0099943839
0.0103069609
0.0078063445
0.0040554199
-0.0000080817
-0.0034464292
-0.0071973538
-0.0109482784
-0.0137614718
-0.0146992030
-0.0140740489
-0.0109482784
-0.0062596227
-0.0009458129
0.0040554199
0.0053057281
0.0046805740
0.0024925347
0.0018673806
0.0031176888
0.0065560363
0.0087440757
0.0093692298
0.0068686134
0.0049931511
0.0021799576
-0.0006332358
-0.0018835440
-0.0015709670
-0.0003206588
-0.0003206588
-0.0012583899
-0.0034464292
-0.0050093145
-0.0050093145
-0.0046967374
-0.0046967374
-0.0043841604
-0.0040715833
-0.0040715833
-0.0012583899
0.0018673806
0.0046805740
0.0040554199
0.0003044953
-0.0046967374
-0.0096979702
-0.0137614718
-0.0140740489
-0.0125111636
-0.0096979702
-0.0056344686
-0.0028212751
-0.0012583899
-0.0000080817
0.0006170724
0.0009296494
-0.0000080817
-0.0000080817
0.0009296494
0.0012422265
0.0024925347
0.0040554199
0.0046805740
0.0043679970
0.0031176888
0.0006170724
-0.0012583899
-0.0028212751
-0.0034464292
-0.0037590063
-0.0025086981
-0.0000080817
0.0040554199
0.0078063445
0.0096818068
0.0084314986
0.0065560363
0.0031176888
-0.0015709670
-0.0056344686
-0.0075099309
-0.0075099309
-0.0050093145
-0.0031338522
-0.0015709670
-0.0028212751
-0.0056344686
-0.0090728161
-0.0115734325
-0.0115734325
-0.0090728161
-0.0056344686
-0.0015709670
0.0015548035
0.0043679970
0.0059308822
0.0065560363
0.0062434593
0.0049931511
0.0031176888
0.0034302658
0.0043679970
0.0043679970
0.0031176888
0.0003044953
-0.0025086981
-0.0031338522
-0.0031338522
-0.0028212751
-0.0034464292
-0.0040715833
-0.0050093145
-0.0062596227
-0.0062596227
-0.0062596227
-0.0056344686
-0.0050093145
-0.0040715833
-0.0025086981
-0.0018835440
-0.0021961210
-0.0015709670
-0.0006332358
0.0012422265
0.0028051117
0.0043679970
0.0049931511
0.0024925347
-0.0006332358
-0.0037590063
-0.0071973538
-0.0090728161
-0.0100105472
-0.0075099309
-0.0034464292
0.0018673806
0.0062434593
0.0074937675
0.0074937675
0.0049931511
0.0034302658
0.0024925347
0.0021799576
0.0040554199
0.0053057281
0.0059308822
0.0062434593
0.0062434593
0.0053057281
0.0049931511
0.0034302658
0.0012422265
-0.0003206588
-0.0031338522
-0.0056344686
-0.0075099309
-0.0081350850
-0.0059470456
-0.0021961210
0.0006170724
0.0018673806
0.0009296494
-0.0009458129
-0.0034464292
-0.0059470456
-0.0075099309
-0.0068847768
-0.0059470456
-0.0034464292
-0.0000080817
0.0043679970
0.0065560363
0.0071811904
0.0062434593
0.0049931511
0.0049931511
0.0056183052
0.0065560363
0.0087440757
0.0090566527
0.0078063445
0.0059308822
0.0031176888
0.0009296494
-0.0018835440
-0.0021961210
-0.0009458129
-0.0009458129
0.0003044953
0.0003044953
0.0009296494
0.0003044953
-0.0006332358
-0.0015709670
-0.0034464292
-0.0056344686
-0.0078225079
-0.0078225079
-0.0075099309
-0.0059470456
-0.0034464292
-0.0012583899
-0.0003206588
0.0012422265
-0.0000080817
-0.0012583899
-0.0028212751
-0.0050093145
-0.0078225079
-0.0084476620
-0.0087602391
-0.0065721997
-0.0046967374
-0.0050093145
-0.0053218915
-0.0053218915
-0.0043841604
-0.0028212751
-0.0000080817
0.0034302658
0.0049931511
0.0068686134
0.0084314986
0.0068686134
0.0059308822
0.0049931511
0.0034302658
0.0018673806
0.0018673806
0.0006170724
0.0009296494
0.0018673806
0.0006170724
-0.0006332358
-0.0012583899
-0.0025086981
-0.0040715833
-0.0040715833
-0.0040715833
-0.0031338522
-0.0009458129
0.0009296494
0.0012422265
0.0003044953
0.0009296494
-0.0000080817
-0.0003206588
0.0003044953
0.0003044953
0.0003044953
-0.0000080817
-0.0025086981
-0.0037590063
-0.0037590063
-0.0053218915
-0.0071973538
-0.0075099309
-0.0078225079
-0.0056344686
-0.0028212751
-0.0015709670
-0.0028212751
-0.0031338522
-0.0025086981
-0.0012583899
-0.0000080817
0.0009296494
0.0012422265
0.0009296494
0.0024925347
0.0024925347
0.0021799576
0.0012422265
-0.0000080817
-0.0003206588
0.0003044953
-0.0000080817
0.0003044953
-0.0000080817
0.0009296494
0.0031176888
0.0049931511
0.0053057281
0.0053057281
0.0053057281
0.0062434593
0.0074937675
0.0084314986
0.0071811904
0.0049931511
0.0024925347
-0.0003206588
-0.0031338522
-0.0046967374
-0.0040715833
-0.0043841604
-0.0034464292
-0.0034464292
-0.0037590063
-0.0034464292
-0.0031338522
-0.0015709670
-0.0009458129
0.0006170724
0.0015548035
0.0024925347
0.0037428429
0.0034302658
0.0018673806
-0.0006332358
-0.0031338522
-0.0062596227
-0.0065721997
-0.0065721997
-0.0068847768
-0.0050093145
-0.0031338522
-0.0018835440
-0.0009458129
-0.0003206588
-0.0000080817
-0.0003206588
-0.0009458129
-0.0012583899
-0.0018835440
-0.0015709670
-0.0009458129
0.0003044953
0.0006170724
-0.0009458129
-0.0028212751
-0.0046967374
-0.0059470456
-0.0062596227
-0.0062596227
-0.0059470456
-0.0056344686
-0.0056344686
-0.0059470456
-0.0062596227
-0.0050093145
-0.0040715833
-0.0037590063
-0.0034464292
-0.0046967374
-0.0050093145
-0.0050093145
-0.0037590063
-0.0009458129
0.0034302658
0.0062434593
0.0081189216
0.0096818068
0.0106195380
0.0118698462
0.0112446921
0.0093692298
0.0062434593
0.0049931511
0.0037428429
0.0034302658
0.0024925347
0.0009296494
-0.0028212751
-0.0059470456
-0.0081350850
-0.0078225079
-0.0065721997
-0.0050093145
-0.0037590063
-0.0028212751
-0.0031338522
-0.0034464292
-0.0043841604
-0.0043841604
-0.0034464292
-0.0018835440
-0.0006332358
0.0012422265
0.0024925347
0.0037428429
0.0040554199
0.0031176888
0.0037428429
0.0034302658
0.0015548035
-0.0000080817
-0.0000080817
-0.0003206588
0.0009296494
0.0009296494
0.0006170724
-0.0012583899
-0.0037590063
-0.0059470456
-0.0062596227
-0.0059470456
-0.0046967374
-0.0025086981
-0.0000080817
0.0012422265
0.0018673806
0.0012422265
-0.0000080817
-0.0009458129
-0.0012583899
-0.0003206588
0.0006170724
0.0024925347
0.0031176888
0.0034302658
0.0009296494
-0.0009458129
-0.0021961210
-0.0037590063
-0.0056344686
-0.0062596227
-0.0062596227
-0.0046967374
-0.0031338522
-0.0003206588
0.0021799576
0.0049931511
0.0071811904
0.0071811904
0.0065560363
0.0043679970
0.0015548035
-0.0009458129
-0.0037590063
-0.0059470456
-0.0075099309
-0.0087602391
-0.0090728161
-0.0096979702
-0.0103231243
-0.0087602391
-0.0059470456
-0.0012583899
0.0034302658
0.0074937675
0.0103069609
0.0112446921
0.0096818068
0.0068686134
0.0037428429
0.0009296494
-0.0015709670
-0.0012583899
-0.0015709670
-0.0025086981
-0.0028212751
-0.0031338522
-0.0046967374
-0.0056344686
-0.0059470456
-0.0062596227
-0.0059470456
-0.0059470456
-0.0040715833
-0.0031338522
-0.0000080817
0.0068686134
0.0174962331
0.0274986988
0.0346879711
0.0387514728
0.0371885875
0.0312496235
0.0224974660
0.0137453085
0.0056183052
-0.0000080817
-0.0053218915
-0.0090728161
-0.0100105472
-0.0065721997
0.0006170724
0.0068686134
0.0112446921
0.0128075773
0.0124950003
0.0115572691
0.0103069609
0.0074937675
0.0028051117
-0.0040715833
-0.0115734325
-0.0209507439
-0.0315783634
-0.0440814451
-0.0550216415
-0.0615857594
-0.0600228742
-0.0472072155
-0.0262645536
-0.0031338522
0.0165585020
0.0271861218
0.0287490070
0.0234351971
0.0149956167
0.0049931511
-0.0040715833
-0.0109482784
-0.0150117800
-0.0171998193
-0.0187627046
-0.0187627046
-0.0159495111
-0.0096979702
-0.0028212751
0.0043679970
0.0090566527
0.0121824232
0.0128075773
0.0103069609
0.0062434593
0.0028051117
0.0012422265
-0.0000080817
-0.0015709670
-0.0043841604
-0.0084476620
-0.0125111636
-0.0156369341
-0.0175123964
-0.0190752816
-0.0181375505
-0.0140740489
-0.0090728161
-0.0025086981
0.0028051117
0.0074937675
0.0106195380
0.0128075773
0.0137453085
0.0121824232
0.0084314986
0.0037428429
-0.0015709670
-0.0059470456
-0.0090728161
-0.0096979702
-0.0090728161
-0.0065721997
-0.0034464292
0.0009296494
0.0053057281
0.0074937675
0.0084314986
0.0068686134
0.0043679970
0.0015548035
-0.0006332358
-0.0018835440
-0.0028212751
-0.0025086981
-0.0021961210
-0.0021961210
-0.0012583899
-0.0003206588
-0.0006332358
-0.0009458129
-0.0015709670
-0.0006332358
0.0009296494
0.0018673806
0.0031176888
0.0028051117
0.0012422265
-0.0009458129
-0.0034464292
-0.0056344686
-0.0071973538
-0.0075099309
-0.0050093145
-0.0009458129
0.0037428429
0.0071811904
0.0103069609
0.0131201544
0.0146830397
0.0153081938
0.0140578856
0.0115572691
0.0084314986
0.0053057281
0.0012422265
-0.0025086981
-0.0053218915
-0.0050093145
-0.0034464292
-0.0025086981
-0.0025086981
-0.0034464292
-0.0059470456
-0.0090728161
-0.0128237407
-0.0153243570
-0.0156369341
-0.0131363177
-0.0084476620
-0.0025086981
0.0015548035
0.0037428429
0.0028051117
0.0009296494
-0.0028212751
-0.0043841604
-0.0050093145
-0.0056344686
-0.0056344686
-0.0050093145
-0.0040715833
-0.0021961210
-0.0009458129
-0.0003206588
0.0003044953
-0.0000080817
-0.0003206588
0.0012422265
0.0034302658
0.0049931511
0.0059308822
0.0065560363
0.0068686134
0.0062434593
0.0053057281
0.0056183052
0.0053057281
0.0043679970
0.0024925347
0.0012422265
0.0006170724
0.0009296494
-0.0009458129
-0.0031338522
-0.0059470456
-0.0068847768
-0.0062596227
-0.0034464292
-0.0012583899
0.0009296494
0.0009296494
0.0003044953
-0.0006332358
-0.0000080817
0.0012422265
0.0021799576
0.0021799576
0.0003044953
-0.0028212751
-0.0056344686
-0.0065721997
-0.0075099309
-0.0075099309
-0.0062596227
-0.0043841604
-0.0034464292
-0.0031338522
-0.0040715833
-0.0056344686
-0.0065721997
-0.0075099309
-0.0062596227
-0.0062596227
-0.0065721997
-0.0087602391
-0.0096979702
-0.0087602391
-0.0065721997
-0.0025086981
0.0015548035
0.0034302658
0.0040554199
0.0024925347
0.0018673806
-0.0000080817
-0.0025086981
-0.0046967374
-0.0053218915
-0.0037590063
-0.0009458129
0.0040554199
0.0078063445
0.0103069609
0.0115572691
0.0112446921
0.0099943839
0.0090566527
0.0084314986
0.0071811904
0.0062434593
0.0053057281
0.0049931511
0.0037428429
0.0009296494
-0.0028212751
-0.0065721997
-0.0096979702
-0.0100105472
-0.0090728161
-0.0071973538
-0.0040715833
-0.0012583899
0.0024925347
0.0046805740
0.0056183052
0.0049931511
0.0037428429
0.0012422265
-0.0021961210
-0.0037590063
-0.0050093145
-0.0050093145
-0.0040715833
-0.0031338522
-0.0012583899
-0.0003206588
-0.0009458129
-0.0015709670
-0.0028212751
-0.0037590063
-0.0050093145
-0.0053218915
-0.0050093145
-0.0034464292
-0.0009458129
0.0018673806
0.0031176888
0.0034302658
0.0018673806
0.0009296494
0.0009296494
-0.0009458129
-0.0015709670
-0.0021961210
-0.0021961210
-0.0012583899
-0.0000080817
-0.0012583899
-0.0037590063
-0.0050093145
-0.0059470456
-0.0059470456
-0.0046967374
-0.0025086981
-0.0009458129
0.0003044953
0.0012422265
0.0012422265
0.0012422265
0.0021799576
0.0031176888
0.0028051117
0.0018673806
0.0015548035
0.0012422265
0.0003044953
0.0009296494
0.0012422265
0.0012422265
0.0012422265
0.0021799576
0.0024925347
0.0043679970
0.0059308822
0.0065560363
0.0053057281
0.0031176888
-0.0000080817
-0.0021961210
-0.0034464292
-0.0034464292
-0.0031338522
-0.0028212751
-0.0012583899
-0.0000080817
0.0006170724
-0.0003206588
-0.0006332358
-0.0012583899
-0.0000080817
-0.0000080817
-0.0009458129
-0.0037590063
-0.0046967374
-0.0065721997
-0.0075099309
-0.0078225079
-0.0065721997
-0.0059470456
-0.0046967374
-0.0034464292
-0.0031338522
-0.0028212751
-0.0025086981
-0.0015709670
-0.0003206588
0.0006170724
0.0009296494
0.0009296494
0.0006170724
0.0003044953
-0.0009458129
-0.0012583899
-0.0012583899
-0.0012583899
0.0009296494
0.0034302658
0.0049931511
0.0059308822
0.0049931511
0.0024925347
-0.0012583899
-0.0040715833
-0.0040715833
-0.0031338522
-0.0000080817
0.0024925347
0.0043679970
0.0043679970
0.0037428429
0.0021799576
0.0009296494
-0.0000080817
-0.0009458129
-0.0018835440
-0.0018835440
-0.0021961210
-0.0018835440
-0.0015709670
-0.0012583899
-0.0000080817
-0.0000080817
-0.0009458129
-0.0006332358
0.0003044953
0.0012422265
-0.0000080817
-0.0012583899
-0.0031338522
-0.0037590063
-0.0034464292
-0.0025086981
-0.0015709670
-0.0012583899
-0.0009458129
0.0009296494
0.0018673806
0.0024925347
0.0034302658
0.0037428429
0.0028051117
0.0018673806
0.0012422265
-0.0006332358
-0.0012583899
-0.0021961210
-0.0028212751
-0.0050093145
-0.0056344686
-0.0059470456
-0.0056344686
-0.0046967374
-0.0031338522
-0.0015709670
-0.0006332358
0.0012422265
0.0028051117
0.0040554199
0.0053057281
0.0049931511
0.0043679970
0.0028051117
0.0012422265
-0.0006332358
-0.0012583899
-0.0021961210
-0.0037590063
-0.0046967374
-0.0046967374
-0.0025086981
-0.0000080817
0.0012422265
0.0024925347
0.0028051117
0.0024925347
0.0024925347
0.0037428429
0.0040554199
0.0040554199
0.0034302658
0.0015548035
0.0009296494
-0.0000080817
0.0003044953
0.0012422265
0.0003044953
0.0015548035
0.0018673806
0.0015548035
0.0012422265
0.0003044953
-0.0009458129
-0.0012583899
-0.0028212751
-0.0031338522
-0.0031338522
-0.0025086981
-0.0015709670
-0.0006332358
-0.0003206588
-0.0003206588
-0.0012583899
-0.0012583899
-0.0015709670
-0.0012583899
-0.0021961210
-0.0025086981
-0.0031338522
-0.0040715833
-0.0062596227
-0.0068847768
-0.0071973538
-0.0053218915
-0.0034464292
-0.0015709670
0.0006170724
0.0031176888
0.0037428429
0.0024925347
0.0003044953
-0.0012583899
-0.0018835440
-0.0012583899
0.0009296494
0.0018673806
0.0031176888
0.0024925347
0.0009296494
-0.0012583899
-0.0015709670
-0.0012583899
-0.0015709670
-0.0012583899
-0.0006332358
-0.0015709670
-0.0031338522
-0.0034464292
-0.0037590063
-0.0028212751
-0.0015709670
0.0003044953
0.0018673806
0.0028051117
0.0040554199
0.0043679970
0.0046805740
0.0046805740
0.0037428429
0.0028051117
0.0006170724
-0.0012583899
-0.0034464292
-0.0043841604
-0.0056344686
-0.0059470456
-0.0065721997
-0.0078225079
-0.0084476620
-0.0087602391
-0.0078225079
-0.0059470456
-0.0037590063
-0.0021961210
-0.0025086981
-0.0021961210
-0.0009458129
0.0003044953
0.0009296494
0.0003044953
-0.0009458129
-0.0009458129
-0.0015709670
-0.0025086981
-0.0034464292
-0.0037590063
-0.0037590063
-0.0028212751
-0.0028212751
-0.0015709670
-0.0009458129
0.0003044953
-0.0000080817
0.0009296494
0.0009296494
0.0018673806
0.0037428429
0.0043679970
0.0053057281
0.0056183052
0.0059308822
0.0043679970
0.0021799576
-0.0006332358
-0.0034464292
-0.0053218915
-0.0056344686
-0.0037590063
-0.0028212751
-0.0009458129
-0.0000080817
0.0006170724
0.0009296494
0.0012422265
0.0028051117
0.0040554199
0.0049931511
0.0043679970
0.0040554199
0.0043679970
0.0037428429
0.0037428429
0.0028051117
0.0009296494
-0.0012583899
-0.0037590063
-0.0040715833
-0.0050093145
-0.0053218915
-0.0050093145
-0.0040715833
-0.0034464292
-0.0025086981
-0.0012583899
-0.0012583899
-0.0012583899
-0.0025086981
-0.0031338522
-0.0040715833
-0.0037590063
-0.0034464292
-0.0025086981
-0.0031338522
-0.0040715833
-0.0043841604
-0.0040715833
-0.0031338522
-0.0021961210
-0.0015709670
-0.0015709670
-0.0015709670
-0.0025086981
-0.0034464292
-0.0028212751
-0.0021961210
0.0006170724
0.0028051117
0.0043679970
0.0056183052
0.0065560363
0.0062434593
0.0068686134
0.0059308822
0.0059308822
0.0053057281
0.0037428429
0.0015548035
-0.0012583899
-0.0040715833
-0.0053218915
-0.0059470456
-0.0078225079
-0.0081350850
-0.0065721997
-0.0037590063
-0.0012583899
0.0012422265
0.0009296494
-0.0003206588
-0.0025086981
-0.0025086981
-0.0028212751
-0.0015709670
-0.0018835440
-0.0018835440
-0.0034464292
-0.0050093145
-0.0068847768
-0.0090728161
-0.0106357013
-0.0100105472
-0.0093853932
-0.0075099309
-0.0031338522
0.0015548035
0.0062434593
0.0096818068
0.0112446921
0.0103069609
0.0081189216
0.0059308822
0.0028051117
0.0009296494
-0.0009458129
-0.0015709670
-0.0021961210
-0.0012583899
0.0012422265
0.0012422265
0.0003044953
-0.0012583899
-0.0034464292
-0.0053218915
-0.0059470456
-0.0050093145
-0.0046967374
-0.0043841604
-0.0037590063
-0.0031338522
-0.0025086981
-0.0021961210
-0.0018835440
0.0003044953
0.0012422265
0.0034302658
0.0043679970
0.0053057281
0.0040554199
0.0018673806
-0.0003206588
-0.0012583899
-0.0025086981
-0.0037590063
-0.0050093145
-0.0040715833
-0.0031338522
-0.0021961210
-0.0021961210
-0.0012583899
-0.0003206588
0.0012422265
0.0024925347
0.0037428429
0.0053057281
0.0049931511
0.0037428429
0.0015548035
-0.0000080817
-0.0015709670
-0.0015709670
0.0006170724
0.0031176888
0.0056183052
0.0065560363
0.0074937675
0.0084314986
0.0068686134
0.0034302658
-0.0006332358
-0.0034464292
-0.0046967374
-0.0059470456
-0.0053218915
-0.0037590063
-0.0031338522
-0.0034464292
-0.0056344686
-0.0065721997
-0.0065721997
-0.0046967374
-0.0012583899
0.0006170724
0.0034302658
0.0034302658
0.0031176888
0.0024925347
0.0012422265
-0.0006332358
-0.0031338522
-0.0040715833
-0.0046967374
-0.0059470456
-0.0062596227
-0.0043841604
-0.0021961210
0.0003044953
0.0024925347
0.0049931511
0.0068686134
0.0084314986
0.0074937675
0.0084314986
0.0068686134
0.0065560363
0.0053057281
0.0049931511
0.0040554199
0.0024925347
0.0003044953
-0.0025086981
-0.0053218915
-0.0087602391
-0.0106357013
-0.0112608554
-0.0121985866
-0.0137614718
-0.0146992030
-0.0140740489
-0.0131363177
-0.0096979702
-0.0065721997
-0.0018835440
0.0018673806
0.0040554199
0.0043679970
0.0037428429
0.0034302658
0.0028051117
0.0021799576
0.0024925347
0.0040554199
0.0049931511
0.0049931511
0.0053057281
0.0056183052
0.0053057281
0.0043679970
0.0040554199
0.0040554199
0.0037428429
0.0034302658
0.0040554199
0.0018673806
0.0003044953
-0.0009458129
-0.0009458129
-0.0000080817
0.0009296494
-0.0006332358
-0.0015709670
-0.0028212751
-0.0034464292
-0.0037590063
-0.0034464292
-0.0025086981
-0.0015709670
-0.0009458129
-0.0012583899
-0.0012583899
-0.0015709670
-0.0025086981
-0.0031338522
-0.0037590063
-0.0046967374
-0.0053218915
-0.0037590063
-0.0009458129
0.0031176888
0.0049931511
0.0053057281
0.0053057281
0.0031176888
0.0003044953
-0.0012583899
-0.0015709670
-0.0012583899
-0.0015709670
-0.0025086981
-0.0021961210
-0.0018835440
-0.0021961210
-0.0025086981
-0.0021961210
-0.0025086981
-0.0025086981
-0.0028212751
-0.0012583899
0.0003044953
0.0024925347
0.0043679970
0.0059308822
0.0068686134
0.0062434593
0.0043679970
0.0021799576
-0.0015709670
-0.0053218915
-0.0065721997
-0.0065721997
-0.0062596227
-0.0043841604
-0.0034464292
-0.0021961210
-0.0025086981
-0.0025086981
-0.0028212751
-0.0037590063
-0.0040715833
-0.0050093145
-0.0040715833
-0.0037590063
-0.0012583899
0.0006170724
0.0028051117
0.0049931511
0.0056183052
0.0049931511
0.0040554199
0.0031176888
0.0028051117
0.0024925347
0.0034302658
0.0037428429
0.0040554199
0.0028051117
0.0015548035
0.0009296494
-0.0006332358
-0.0018835440
-0.0031338522
-0.0028212751
-0.0025086981
-0.0025086981
-0.0025086981
-0.0028212751
-0.0031338522
-0.0034464292
-0.0040715833
-0.0037590063
-0.0037590063
-0.0034464292
-0.0025086981
-0.0015709670
-0.0015709670
-0.0006332358
-0.0009458129
-0.0009458129
-0.0000080817
-0.0000080817
0.0009296494
0.0003044953
-0.0003206588
-0.0015709670
-0.0009458129
-0.0003206588
0.0012422265
0.0018673806
0.0024925347
0.0024925347
0.0021799576
0.0012422265
0.0018673806
0.0009296494
0.0003044953
-0.0000080817
-0.0006332358
-0.0012583899
-0.0012583899
-0.0012583899
-0.0006332358
-0.0009458129
-0.0006332358
-0.0000080817
0.0012422265
0.0024925347
0.0031176888
0.0031176888
0.0021799576
0.0006170724
-0.0012583899
-0.0037590063
-0.0037590063
-0.0034464292
-0.0031338522
-0.0025086981
-0.0021961210
-0.0021961210
-0.0021961210
-0.0015709670
-0.0012583899
-0.0012583899
-0.0003206588
-0.0006332358
-0.0006332358
0.0012422265
0.0012422265
0.0009296494
-0.0006332358
-0.0009458129
-0.0003206588
-0.0000080817
0.0003044953
0.0009296494
0.0006170724
0.0006170724
-0.0000080817
0.0003044953
0.0009296494
-0.0000080817
-0.0009458129
-0.0012583899
-0.0015709670
-0.0021961210
-0.0021961210
-0.0015709670
-0.0018835440
-0.0015709670
-0.0025086981
-0.0031338522
-0.0021961210
-0.0012583899
-0.0009458129
0.0003044953
0.0018673806
0.0021799576
0.0037428429
0.0046805740
0.0049931511
0.0040554199
0.0028051117
0.0015548035
0.0003044953
-0.0012583899
-0.0031338522
-0.0050093145
-0.0053218915
-0.0056344686
-0.0059470456
-0.0050093145
-0.0034464292
-0.0021961210
-0.0006332358
-0.0003206588
0.0009296494
0.0009296494
0.0003044953
-0.0003206588
-0.0012583899
-0.0015709670
-0.0012583899
-0.0006332358
0.0009296494
0.0012422265
0.0015548035
0.0003044953
-0.0000080817
-0.0006332358
-0.0012583899
-0.0012583899
-0.0012583899
-0.0012583899
-0.0015709670
-0.0021961210
-0.0012583899
-0.0012583899
-0.0009458129
-0.0015709670
-0.0021961210
-0.0031338522
-0.0034464292
-0.0034464292
-0.0015709670
0.0003044953
0.0024925347
0.0034302658
0.0037428429
0.0031176888
0.0018673806
-0.0000080817
-0.0009458129
-0.0018835440
-0.0021961210
-0.0009458129
-0.0000080817
0.0009296494
0.0006170724
-0.0006332358
-0.0025086981
-0.0037590063
-0.0037590063
-0.0031338522
-0.0028212751
-0.0037590063
-0.0034464292
-0.0025086981
-0.0021961210
-0.0015709670
-0.0012583899
-0.0012583899
-0.0012583899
-0.0012583899
-0.0012583899
-0.0012583899
-0.0012583899
-0.0009458129
-0.0012583899
-0.0006332358
-0.0003206588
0.0003044953
0.0003044953
-0.0000080817
-0.0015709670
-0.0021961210
-0.0025086981
-0.0028212751
-0.0025086981
-0.0034464292
-0.0037590063
-0.0046967374
-0.0040715833
-0.0034464292
-0.0025086981
-0.0015709670
-0.0012583899
-0.0009458129
-0.0009458129
-0.0006332358
-0.0003206588
-0.0006332358
-0.0006332358
-0.0009458129
-0.0006332358
0.0003044953
0.0009296494
0.0012422265
0.0009296494
0.0009296494
-0.0000080817
-0.0006332358
-0.0012583899
-0.0015709670
-0.0021961210
-0.0025086981
-0.0025086981
-0.0015709670
-0.0003206588
0.0012422265
0.0031176888
0.0040554199
0.0053057281
0.0046805740
0.0046805740
0.0037428429
0.0018673806
0.0012422265
0.0003044953
-0.0009458129
-0.0015709670
-0.0025086981
-0.0037590063
-0.0050093145
-0.0056344686
-0.0059470456
-0.0062596227
-0.0050093145
-0.0028212751
-0.0006332358
0.0006170724
0.0012422265
0.0009296494
-0.0000080817
-0.0000080817
-0.0003206588
0.0012422265
0.0015548035
0.0028051117
0.0031176888
0.0034302658
0.0024925347
0.0012422265
-0.0006332358
-0.0021961210
-0.0034464292
-0.0040715833
-0.0046967374
-0.0056344686
-0.0037590063
-0.0031338522
-0.0012583899
-0.0006332358
0.0003044953
0.0003044953
0.0009296494
0.0003044953
-0.0000080817
0.0003044953
0.0009296494
0.0012422265
0.0006170724
-0.0000080817
-0.0018835440
-0.0025086981
-0.0034464292
-0.0037590063
-0.0025086981
-0.0003206588
0.0012422265
0.0021799576
0.0034302658
0.0028051117
0.0015548035
0.0003044953
-0.0015709670
-0.0012583899
-0.0015709670
-0.0021961210
-0.0028212751
-0.0040715833
-0.0056344686
-0.0059470456
-0.0056344686
-0.0050093145
-0.0040715833
-0.0028212751
-0.0025086981
-0.0012583899
-0.0000080817
0.0009296494
0.0015548035
0.0018673806
0.0021799576
0.0012422265
-0.0000080817
-0.0009458129
-0.0012583899
-0.0018835440
-0.0031338522
-0.0046967374
-0.0059470456
-0.0062596227
-0.0056344686
-0.0053218915
-0.0037590063
-0.0028212751
-0.0012583899
-0.0009458129
-0.0003206588
-0.0000080817
-0.0000080817
-0.0003206588
-0.0006332358
-0.0012583899
-0.0012583899
-0.0012583899
-0.0006332358
-0.0000080817
-0.0000080817
0.0003044953
-0.0003206588
0.0003044953
-0.0000080817
0.0009296494
0.0009296494
0.0009296494
0.0012422265
0.0012422265
0.0012422265
0.0018673806
0.0009296494
0.0009296494
0.0009296494
0.0003044953
0.0009296494
0.0009296494
0.0009296494
0.0003044953
-0.0009458129
-0.0021961210
-0.0037590063
-0.0037590063
-0.0050093145
-0.0046967374
-0.0040715833
-0.0015709670
0.0003044953
0.0018673806
0.0040554199
0.0040554199
0.0034302658
0.0028051117
0.0024925347
0.0018673806
0.0018673806
0.0012422265
-0.0006332358
-0.0021961210
-0.0037590063
-0.0037590063
-0.0040715833
-0.0043841604
-0.0040715833
-0.0031338522
-0.0015709670
0.0003044953
0.0024925347
0.0040554199
0.0043679970
0.0034302658
0.0018673806
0.0003044953
-0.0015709670
-0.0021961210
-0.0021961210
-0.0025086981
-0.0025086981
-0.0028212751
-0.0031338522
-0.0031338522
-0.0037590063
-0.0040715833
-0.0046967374
-0.0040715833
-0.0034464292
-0.0021961210
-0.0009458129
-0.0009458129
-0.0006332358
-0.0012583899
-0.0012583899
-0.0012583899
-0.0003206588
0.0012422265
0.0021799576
0.0015548035
0.0012422265
0.0006170724
0.0012422265
0.0009296494
-0.0006332358
-0.0021961210
-0.0037590063
-0.0043841604
-0.0059470456
-0.0062596227
-0.0046967374
-0.0034464292
-0.0021961210
-0.0015709670
-0.0015709670
-0.0021961210
-0.0025086981
-0.0021961210
-0.0012583899
-0.0006332358
-0.0006332358
0.0003044953
0.0009296494
0.0009296494
0.0009296494
0.0009296494
0.0012422265
0.0021799576
0.0024925347
0.0021799576
0.0003044953
-0.0015709670
-0.0034464292
-0.0056344686
-0.0065721997
-0.0068847768
-0.0062596227
-0.0053218915
-0.0034464292
-0.0015709670
-0.0006332358
0.0006170724
0.0018673806
0.0031176888
0.0040554199
0.0046805740
0.0059308822
0.0071811904
0.0078063445
0.0078063445
0.0071811904
0.0059308822
0.0043679970
0.0018673806
-0.0003206588
-0.0009458129
-0.0012583899
-0.0012583899
-0.0012583899
-0.0015709670
-0.0025086981
-0.0025086981
-0.0028212751
-0.0034464292
-0.0043841604
-0.0043841604
-0.0050093145
-0.0056344686
-0.0056344686
-0.0050093145
-0.0025086981
-0.0009458129
0.0012422265
0.0024925347
0.0034302658
0.0024925347
0.0018673806
0.0003044953
0.0003044953
-0.0006332358
-0.0012583899
-0.0015709670
-0.0015709670
-0.0025086981
-0.0021961210
-0.0012583899
-0.0006332358
0.0009296494
0.0012422265
0.0015548035
0.0015548035
0.0015548035
0.0003044953
0.0003044953
0.0009296494
0.0006170724
0.0003044953
0.0003044953
-0.0003206588
-0.0012583899
-0.0028212751
-0.0040715833
-0.0050093145
-0.0065721997
-0.0068847768
-0.0068847768
-0.0059470456
-0.0040715833
-0.0015709670
-0.0000080817
0.0009296494
0.0012422265
0.0003044953
-0.0006332358
-0.0015709670
-0.0031338522
-0.0040715833
-0.0046967374
-0.0034464292
-0.0031338522
-0.0031338522
-0.0025086981
-0.0015709670
-0.0012583899
-0.0012583899
-0.0009458129
-0.0000080817
0.0009296494
0.0012422265
0.0012422265
0.0018673806
0.0021799576
0.0018673806
0.0012422265
-0.0000080817
-0.0000080817
-0.0009458129
-0.0009458129
-0.0009458129
-0.0003206588
0.0003044953
0.0009296494
-0.0000080817
0.0003044953
-0.0006332358
-0.0009458129
-0.0009458129
-0.0012583899
-0.0012583899
-0.0009458129
-0.0015709670
-0.0028212751
-0.0034464292
-0.0037590063
-0.0040715833
-0.0037590063
-0.0031338522
-0.0028212751
-0.0025086981
-0.0021961210
-0.0021961210
-0.0015709670
-0.0012583899
-0.0012583899
-0.0012583899
-0.0009458129
-0.0000080817
0.0009296494
0.0009296494
0.0012422265
0.0012422265
-0.0006332358
-0.0021961210
-0.0031338522
-0.0037590063
-0.0040715833
-0.0040715833
-0.0034464292
-0.0031338522
-0.0025086981
-0.0025086981
-0.0018835440
-0.0012583899
-0.0000080817
-0.0003206588
0.0003044953
0.0009296494
0.0009296494
0.0009296494
0.0009296494
0.0003044953
-0.0012583899
-0.0012583899
-0.0018835440
-0.0021961210
-0.0015709670
-0.0012583899
-0.0009458129
-0.0003206588
0.0003044953
-0.0006332358
-0.0009458129
-0.0021961210
-0.0021961210
-0.0021961210
-0.0015709670
-0.0015709670
-0.0012583899
-0.0021961210
-0.0015709670
-0.0018835440
-0.0012583899
-0.0012583899
-0.0006332358
0.0003044953
0.0003044953
0.0015548035
0.0012422265
0.0018673806
0.0009296494
-0.0006332358
-0.0012583899
-0.0025086981
-0.0034464292
-0.0037590063
-0.0046967374
-0.0046967374
-0.0046967374
-0.0053218915
-0.0046967374
-0.0037590063
-0.0028212751
-0.0018835440
-0.0006332358
0.0003044953
0.0009296494
0.0015548035
0.0024925347
0.0034302658
0.0043679970
0.0046805740
0.0049931511
0.0053057281
0.0040554199
0.0037428429
0.0024925347
0.0024925347
0.0015548035
0.0015548035
0.0024925347
0.0021799576
0.0009296494
0.0003044953
-0.0021961210
-0.0031338522
-0.0043841604
-0.0043841604
-0.0037590063
-0.0037590063
-0.0028212751
-0.0028212751
-0.0025086981
-0.0034464292
-0.0040715833
-0.0037590063
-0.0037590063
-0.0031338522
-0.0025086981
-0.0012583899
0.0003044953
0.0006170724
0.0024925347
0.0024925347
0.0040554199
0.0043679970
0.0037428429
0.0028051117
0.0024925347
0.0015548035
0.0012422265
0.0003044953
-0.0003206588
0.0003044953
-0.0003206588
-0.0009458129
-0.0012583899
-0.0015709670
-0.0012583899
-0.0012583899
-0.0009458129
-0.0003206588
0.0003044953
0.0009296494
0.0009296494
0.0012422265
0.0012422265
0.0009296494
0.0009296494
0.0003044953
-0.0000080817
-0.0009458129
-0.0015709670
-0.0031338522
-0.0034464292
-0.0046967374
-0.0046967374
-0.0040715833
-0.0031338522
-0.0021961210
-0.0018835440
-0.0021961210
-0.0015709670
-0.0025086981
-0.0015709670
-0.0012583899
-0.0000080817
0.0003044953
0.0003044953
0.0006170724
0.0009296494
0.0006170724
0.0003044953
0.0003044953
-0.0000080817
-0.0006332358
-0.0012583899
-0.0015709670
-0.0025086981
-0.0028212751
-0.0025086981
-0.0015709670
-0.0000080817
-0.0006332358
-0.0003206588
-0.0009458129
-0.0006332358
-0.0006332358
-0.0009458129
-0.0006332358
-0.0003206588
0.0006170724
0.0018673806
0.0031176888
0.0040554199
0.0053057281
0.0053057281
0.0053057281
0.0049931511
0.0043679970
0.0031176888
0.0018673806
0.0003044953
-0.0009458129
-0.0018835440
-0.0025086981
-0.0025086981
-0.0018835440
0.1422144811
2.1142647497
4.2013485365
4.2035365867
2.7347315567
0.6695320915
-0.4523070222
-0.5413914611
-0.5467052696
-0.5467052696
-0.5442046538
-0.5432669229
0.3891503875
1.7654282007
1.9439099662
1.4481620987
0.8033151319
0.2744345883
-0.0275148618
-0.1612978323
-0.2159988107
-0.1863039940
-0.1366042473
-0.0578348349
-0.0165746652
-0.0112608554
-0.0197004357
-0.0146992030
0.0012422265
-0.0156369341
-0.0484575237
-0.0540839104
-0.0290777470
-0.0156369341
-0.0215758980
-0.0412682517
-0.0440814451
-0.0497078318
-0.0637737986
-0.0856541912
-0.0859667683
-0.0640863757
