-0.0006962150
-0.0013212459
-0.0006962150
-0.0010087305
-0.0013212459
-0.0013212459
-0.0013212459
-0.0013212459
-0.0006962150
-0.0016337614
-0.0006962150
-0.0010087305
-0.0010087305
-0.0013212459
-0.0010087305
-0.0010087305
-0.0013212459
-0.0010087305
-0.0013212459
-0.0010087305
-0.0010087305
-0.0010087305
-0.0006962150
-0.0016337614
-0.0010087305
-0.0006962150
-0.0010087305
-0.0013212459
-0.0016337614
-0.0010087305
-0.0013212459
-0.0010087305
-0.0013212459
-0.0010087305
-0.0013212459
-0.0010087305
-0.0006962150
-0.0006962150
-0.0006962150
-0.0013212459
-0.0013212459
-0.0010087305
-0.0013212459
-0.0013212459
-0.0013212459
-0.0010087305
-0.0013212459
-0.0013212459
-0.0016337614
-0.0016337614
-0.0010087305
-0.0010087305
-0.0010087305
-0.0010087305
-0.0010087305
-0.0010087305
-0.0013212459
-0.0006962150
-0.0013212459
-0.0010087305
-0.0010087305
-0.0013212459
-0.0013212459
-0.0013212459
-0.0013212459
-0.0016337614
-0.0010087305
-0.0010087305
-0.0016337614
-0.0013212459
-0.0010087305
-0.0013212459
-0.0013212459
-0.0016337614
-0.0013212459
-0.0006962150
-0.0010087305
-0.0016337614
-0.0010087305
-0.0013212459
-0.0006962150
-0.0006962150
-0.0010087305
-0.0010087305
-0.0013212459
-0.0016337614
-0.0010087305
-0.0010087305
-0.0010087305
-0.0010087305
-0.0019462769
-0.0013212459
-0.0016337614
-0.0013212459
-0.0016337614
-0.0013212459
-0.0013212459
-0.0013212459
-0.0016337614
-0.0013212459
-0.0006962150
-0.0010087305
-0.0013212459
-0.0010087305
-0.0013212459
-0.0013212459
-0.0013212459
-0.0006962150
-0.0013212459
-0.0006962150
-0.0013212459
-0.0010087305
-0.0013212459
-0.0013212459
-0.0013212459
-0.0013212459
-0.0013212459
-0.0010087305
-0.0010087305
-0.0010087305
-0.0010087305
-0.0006962150
-0.0013212459
-0.0013212459
-0.0013212459
-0.0013212459
-0.0010087305
-0.0010087305
-0.0013212459
-0.0006962150
-0.0013212459
-0.0013212459
-0.0010087305
-0.0006962150
-0.0016337614
-0.0010087305
-0.0013212459
-0.0013212459
-0.0016337614
-0.0013212459
-0.0013212459
-0.0013212459
-0.0006962150
-0.0013212459
-0.0013212459
-0.0016337614
-0.0010087305
-0.0006962150
-0.0010087305
-0.0013212459
-0.0006962150
-0.0006962150
-0.0013212459
-0.0013212459
-0.0010087305
-0.0013212459
-0.0013212459
-0.0013212459
-0.0010087305
-0.0010087305
-0.0013212459
-0.0016337614
-0.0010087305
-0.0013212459
-0.0013212459
-0.0010087305
-0.0010087305
-0.0006962150
-0.0013212459
-0.0010087305
-0.0013212459
-0.0013212459
-0.0013212459
-0.0013212459
-0.0006962150
-0.0010087305
-0.0013212459
-0.0016337614
-0.0010087305
-0.0013212459
-0.0010087305
-0.0006962150
-0.0010087305
-0.0010087305
-0.0013212459
-0.0010087305
-0.0013212459
-0.0016337614
-0.0013212459
-0.0010087305
-0.0010087305
-0.0013212459
-0.0013212459
-0.0013212459
-0.0003836996
-0.0013212459
-0.0013212459
-0.0013212459
-0.0010087305
-0.0006962150
-0.0006962150
-0.0013212459
-0.0010087305
-0.0013212459
-0.0013212459
-0.0013212459
-0.0003836996
-0.0013212459
-0.0013212459
-0.0016337614
-0.0006962150
-0.0013212459
-0.0013212459
-0.0010087305
-0.0013212459
-0.0010087305
-0.0013212459
-0.0010087305
-0.0013212459
-0.0013212459
-0.0010087305
-0.0006962150
-0.0013212459
-0.0013212459
-0.0010087305
-0.0010087305
-0.0013212459
-0.0010087305
-0.0010087305
-0.0006962150
-0.0013212459
-0.0010087305
-0.0010087305
-0.0006962150
-0.0013212459
-0.0013212459
-0.0013212459
-0.0013212459
-0.0006962150
-0.0013212459
-0.0010087305
-0.0010087305
-0.0013212459
-0.0016337614
-0.0006962150
-0.0010087305
-0.0016337614
-0.0010087305
-0.0010087305
-0.0013212459
-0.0013212459
-0.0013212459
-0.0013212459
-0.0016337614
-0.0013212459
-0.0013212459
-0.0013212459
-0.0013212459
-0.0013212459
-0.0013212459
-0.0016337614
-0.0010087305
-0.0013212459
-0.0013212459
-0.0010087305
-0.0010087305
-0.0006962150
-0.0010087305
-0.0010087305
-0.0013212459
-0.0016337614
-0.0013212459
-0.0010087305
-0.0010087305
-0.0010087305
-0.0013212459
-0.0013212459
-0.0016337614
-0.0016337614
-0.0010087305
-0.0016337614
-0.0016337614
-0.0013212459
-0.0013212459
-0.0016337614
-0.0016337614
-0.0013212459
-0.0013212459
-0.0006962150
-0.0013212459
-0.0013212459
-0.0010087305
-0.0013212459
-0.0006962150
-0.0010087305
-0.0013212459
-0.0016337614
-0.0010087305
-0.0016337614
-0.0010087305
-0.0010087305
-0.0010087305
-0.0013212459
-0.0013212459
-0.0010087305
-0.0013212459
-0.0016337614
-0.0010087305
-0.0006962150
-0.0006962150
-0.0013212459
-0.0013212459
-0.0016337614
-0.0010087305
-0.0010087305
-0.0006962150
-0.0013212459
-0.0010087305
-0.0013212459
-0.0019462769
-0.0010087305
-0.0000711841
-0.0003836996
-0.0016337614
-0.0016337614
-0.0013212459
0.0002413313
0.0011788777
-0.0003836996
-0.0028838232
-0.0038213696
-0.0019462769
-0.0013212459
-0.0013212459
-0.0010087305
-0.0016337614
-0.0019462769
-0.0016337614
-0.0003836996
-0.0003836996
-0.0010087305
-0.0016337614
-0.0022587923
-0.0022587923
-0.0000711841
0.0005538468
-0.0003836996
-0.0010087305
-0.0003836996
-0.0010087305
0.0377431865
0.8693471035
1.2943685953
1.2878057612
1.2603043619
0.7334027846
-0.1160144157
-0.1847678122
-0.1891430282
-0.1888305128
-0.1869554202
-0.1866429048
-0.1869554202
-0.1866429048
-0.1863303893
-0.1860178739
-0.1525787222
-0.1832052350
-0.1860178739
-0.1853928430
-0.1841427813
-0.1835177504
-0.1841427813
-0.1838302658
-0.1850803276
-0.1841427813
-0.1835177504
-0.1825802041
-0.1825802041
-0.1822676887
-0.1819551732
-0.1816426578
-0.1810176269
-0.1810176269
-0.1791425343
-0.1800800806
-0.1803925961
-0.1791425343
-0.1791425343
-0.1785175034
-0.1782049880
-0.1778924726
-0.1778924726
-0.1775799571
-0.1766424108
-0.1766424108
-0.1766424108
-0.1763298954
-0.1760173800
-0.1750798336
-0.1750798336
-0.1750798336
-0.1741422873
-0.1738297719
-0.1738297719
-0.1732047410
-0.1728922256
-0.1722671947
-0.1722671947
-0.1719546793
-0.1716421638
-0.1713296484
-0.1707046175
-0.1703921021
-0.1707046175
-0.1703921021
-0.1697670712
-0.1691420404
-0.1694545558
-0.1691420404
-0.1688295249
-0.1685170095
-0.1678919786
-0.1678919786
-0.1669544323
-0.1666419169
-0.1669544323
-0.1666419169
-0.1660168860
-0.1653918551
-0.1653918551
-0.1650793397
-0.1647668242
-0.1644543088
-0.1635167625
-0.1641417934
-0.1635167625
-0.1635167625
-0.1632042471
-0.1622667007
-0.1622667007
-0.1622667007
-0.1616416699
-0.1613291544
-0.1613291544
-0.1607041236
-0.1607041236
-0.1603916081
-0.1597665772
-0.1597665772
-0.1591415464
-0.1588290309
-0.1582040001
-0.1588290309
-0.1582040001
-0.1578914846
-0.1572664537
-0.1572664537
-0.1569539383
-0.1563289074
-0.1563289074
-0.1560163920
-0.1560163920
-0.1553913611
-0.1547663302
-0.1547663302
-0.1547663302
-0.1544538148
-0.1538287839
-0.1541412994
-0.1528912376
-0.1532037530
-0.1525787222
-0.1525787222
-0.1525787222
-0.1516411759
-0.1516411759
-0.1507036295
-0.1500785987
-0.1503911141
-0.1500785987
-0.1350778576
0.2671295511
0.1865005527
-0.1107016532
-0.1488285369
-0.1503911141
-0.1507036295
-0.1503911141
-0.1494535678
-0.1491410523
-0.1485160215
-0.1485160215
-0.1478909906
-0.1472659597
-0.1482035060
-0.1488285369
-0.1482035060
-0.1478909906
-0.1469534443
-0.1463284134
-0.1463284134
-0.1466409288
-0.1460158980
-0.1460158980
-0.1450783516
-0.1450783516
-0.1444533208
-0.1444533208
-0.1441408053
-0.1447658362
-0.1438282899
-0.1438282899
-0.1432032590
-0.1428907436
-0.1416406818
-0.1403906201
-0.1403906201
-0.1416406818
-0.1419531973
-0.1425782281
-0.1422657127
-0.1413281664
-0.1416406818
-0.1407031355
-0.1397655892
-0.1397655892
-0.1394530737
-0.1394530737
-0.1378904965
-0.1363279193
-0.1382030120
-0.1388280429
-0.1388280429
-0.1385155274
-0.1378904965
-0.1372654657
-0.1363279193
-0.1369529502
-0.1363279193
-0.1360154039
-0.1353903730
-0.1360154039
-0.1353903730
-0.1353903730
-0.1347653421
-0.1341403113
-0.1338277958
-0.1338277958
-0.1335152804
-0.1332027649
-0.1332027649
-0.1332027649
-0.1325777341
-0.1328902495
-0.1325777341
-0.1322652186
-0.1316401877
-0.1319527032
-0.1313276723
-0.1310151569
-0.1303901260
-0.1303901260
-0.1303901260
-0.1303901260
-0.1300776105
-0.1297650951
-0.1291400642
-0.1291400642
-0.1291400642
-0.1285150333
-0.1285150333
-0.1278900025
-0.1275774870
-0.1278900025
-0.1272649716
-0.1269524561
-0.1269524561
-0.1266399407
-0.1263274252
-0.1266399407
-0.1263274252
-0.1260149098
-0.1253898789
-0.1257023944
-0.1250773635
-0.1247648480
-0.1250773635
-0.1238273017
-0.1244523326
-0.1235147863
-0.1238273017
-0.1232022708
-0.1235147863
-0.1228897554
-0.1225772400
-0.1225772400
-0.1222647245
-0.1219522091
-0.1219522091
-0.1216396936
-0.1216396936
-0.1216396936
-0.1213271782
-0.1210146628
-0.1207021473
-0.1207021473
-0.1200771164
-0.1200771164
-0.1200771164
-0.1194520855
-0.1197646010
-0.1191395701
-0.1188270547
-0.1182020238
-0.1185145392
-0.1178895083
-0.1182020238
-0.1175769929
-0.1178895083
-0.1172644775
-0.1172644775
-0.1166394466
-0.1169519620
-0.1163269311
-0.1166394466
-0.1157019002
-0.1160144157
-0.1153893848
-0.1153893848
-0.1150768694
-0.1150768694
-0.1150768694
-0.1141393230
-0.1147643539
-0.1138268076
-0.1138268076
-0.1138268076
-0.1132017767
-0.1132017767
-0.1128892613
-0.1128892613
-0.1128892613
-0.1125767458
-0.1122642304
-0.1116391995
-0.1116391995
-0.1116391995
-0.1116391995
-0.1110141686
-0.1110141686
-0.1107016532
-0.1107016532
-0.1103891377
-0.1103891377
-0.1094515914
-0.1100766223
-0.1091390760
-0.1094515914
-0.1091390760
-0.1085140451
-0.1088265605
-0.1082015296
-0.1085140451
-0.1078890142
-0.1082015296
-0.1078890142
-0.1072639833
-0.1072639833
-0.1066389524
-0.1066389524
-0.1063264370
-0.1063264370
-0.1063264370
-0.1057014061
-0.1057014061
-0.1060139215
-0.1057014061
-0.1050763752
-0.1050763752
-0.1050763752
-0.1047638597
-0.1038263134
-0.1041388289
-0.1044513443
-0.1041388289
-0.1038263134
-0.1035137980
-0.1032012825
-0.1035137980
-0.1032012825
-0.1032012825
-0.1028887671
-0.1025762516
-0.1019512208
-0.1019512208
-0.1019512208
-0.1016387053
-0.1016387053
-0.1016387053
-0.1013261899
-0.1010136744
-0.1013261899
-0.1007011590
-0.1000761281
-0.1003886435
-0.1003886435
-0.1000761281
-0.0991385818
-0.0991385818
-0.0991385818
-0.0991385818
-0.0988260663
-0.0985135509
-0.0982010354
-0.0982010354
-0.0978885200
-0.0978885200
-0.0978885200
-0.0975760045
-0.0972634891
-0.0966384582
-0.0969509737
-0.0963259428
-0.0963259428
-0.0966384582
-0.0966384582
-0.0960134273
-0.0957009119
-0.0953883964
-0.0953883964
-0.0957009119
-0.0950758810
-0.0947633655
-0.0941383347
-0.0941383347
-0.0944508501
-0.0947633655
-0.0941383347
-0.0932007883
-0.0938258192
-0.0938258192
-0.0935133038
-0.0932007883
-0.0932007883
-0.0928882729
-0.0928882729
-0.0922632420
-0.0925757574
-0.0919507265
-0.0916382111
-0.0919507265
-0.0919507265
-0.0919507265
-0.0913256957
-0.0913256957
-0.0910131802
-0.0913256957
-0.0910131802
-0.0907006648
-0.0900756339
-0.0900756339
-0.0903881493
-0.0897631184
-0.0894506030
-0.0894506030
-0.0891380875
-0.0894506030
-0.0894506030
-0.0891380875
-0.0891380875
-0.0885130567
-0.0882005412
-0.0882005412
-0.0878880258
-0.0882005412
-0.0882005412
-0.0875755103
-0.0875755103
-0.0869504794
-0.0872629949
-0.0869504794
-0.0866379640
-0.0863254485
-0.0863254485
-0.0860129331
-0.0866379640
-0.0860129331
-0.0860129331
-0.0857004176
-0.0853879022
-0.0853879022
-0.0850753868
-0.0850753868
-0.0847628713
-0.0844503559
-0.0841378404
-0.0841378404
-0.0838253250
-0.0841378404
-0.0835128095
-0.0835128095
-0.0835128095
-0.0832002941
-0.0835128095
-0.0828877786
-0.0828877786
-0.0825752632
-0.0828877786
-0.0825752632
-0.0825752632
-0.0822627477
-0.0819502323
-0.0819502323
-0.0816377169
-0.0816377169
-0.0816377169
-0.0810126860
-0.0813252014
-0.0807001705
-0.0807001705
-0.0810126860
-0.0807001705
-0.0800751396
-0.0803876551
-0.0794501087
-0.0803876551
-0.0797626242
-0.0794501087
-0.0797626242
-0.0794501087
-0.0794501087
-0.0791375933
-0.0788250778
-0.0794501087
-0.0785125624
-0.0782000469
-0.0778875315
-0.0778875315
-0.0778875315
-0.0772625006
-0.0772625006
-0.0769499852
-0.0772625006
-0.0772625006
-0.0772625006
-0.0772625006
-0.0766374697
-0.0766374697
-0.0763249543
-0.0766374697
-0.0760124388
-0.0766374697
-0.0753874079
-0.0753874079
-0.0756999234
-0.0753874079
-0.0750748925
-0.0750748925
-0.0750748925
-0.0747623770
-0.0747623770
-0.0747623770
-0.0747623770
-0.0744498616
-0.0741373461
-0.0741373461
-0.0738248307
-0.0738248307
-0.0741373461
-0.0731997998
-0.0735123152
-0.0731997998
-0.0728872844
-0.0728872844
-0.0731997998
-0.0728872844
-0.0725747689
-0.0725747689
-0.0725747689
-0.0722622535
-0.0719497380
-0.0716372226
-0.0716372226
-0.0716372226
-0.0713247071
-0.0710121917
-0.0713247071
-0.0706996762
-0.0713247071
-0.0710121917
-0.0706996762
-0.0703871608
-0.0700746453
-0.0703871608
-0.0703871608
-0.0703871608
-0.0697621299
-0.0703871608
-0.0703871608
-0.0694496144
-0.0694496144
-0.0691370990
-0.0688245835
-0.0688245835
-0.0691370990
-0.0688245835
-0.0688245835
-0.0681995526
-0.0681995526
-0.0681995526
-0.0681995526
-0.0678870372
-0.0675745218
-0.0678870372
-0.0675745218
-0.0672620063
-0.0672620063
-0.0669494909
-0.0666369754
-0.0669494909
-0.0672620063
-0.0666369754
-0.0666369754
-0.0663244600
-0.0663244600
-0.0660119445
-0.0660119445
-0.0663244600
-0.0660119445
-0.0656994291
-0.0656994291
-0.0653869136
-0.0653869136
-0.0653869136
-0.0650743982
-0.0647618827
-0.0647618827
-0.0647618827
-0.0650743982
-0.0644493673
-0.0641368518
-0.0638243364
-0.0641368518
-0.0635118209
-0.0638243364
-0.0635118209
-0.0635118209
-0.0631993055
-0.0635118209
-0.0628867900
-0.0635118209
-0.0628867900
-0.0628867900
-0.0628867900
-0.0631993055
-0.0628867900
-0.0622617591
-0.0625742746
-0.0622617591
-0.0625742746
-0.0622617591
-0.0616367282
-0.0622617591
-0.0616367282
-0.0619492437
-0.0616367282
-0.0613242128
-0.0610116973
-0.0610116973
-0.0610116973
-0.0606991819
-0.0606991819
-0.0603866664
-0.0603866664
-0.0603866664
-0.0603866664
-0.0603866664
-0.0600741510
-0.0603866664
-0.0600741510
-0.0594491201
-0.0597616356
-0.0600741510
-0.0588240892
-0.0591366047
-0.0591366047
-0.0588240892
-0.0591366047
-0.0591366047
-0.0585115738
-0.0585115738
-0.0585115738
-0.0581990583
-0.0585115738
-0.0581990583
-0.0581990583
-0.0575740274
-0.0578865429
-0.0581990583
-0.0572615120
-0.0572615120
-0.0569489965
-0.0572615120
-0.0572615120
-0.0569489965
-0.0569489965
-0.0566364811
-0.0569489965
-0.0566364811
-0.0566364811
-0.0560114502
-0.0563239656
-0.0563239656
-0.0560114502
-0.0560114502
-0.0556989347
-0.0550739038
-0.0553864193
-0.0556989347
-0.0550739038
-0.0553864193
-0.0553864193
-0.0553864193
-0.0547613884
-0.0550739038
-0.0547613884
-0.0547613884
-0.0547613884
-0.0547613884
-0.0544488729
-0.0538238420
-0.0541363575
-0.0541363575
-0.0538238420
-0.0538238420
-0.0538238420
-0.0538238420
-0.0535113266
-0.0531988111
-0.0531988111
-0.0531988111
-0.0528862957
-0.0531988111
-0.0528862957
-0.0528862957
-0.0525737802
-0.0528862957
-0.0525737802
-0.0522612648
-0.0519487493
-0.0522612648
-0.0519487493
-0.0516362339
-0.0522612648
-0.0513237184
-0.0516362339
-0.0516362339
-0.0513237184
-0.0516362339
-0.0513237184
-0.0506986875
-0.0510112030
-0.0510112030
-0.0510112030
-0.0506986875
-0.0506986875
-0.0506986875
-0.0506986875
-0.0503861721
-0.0500736566
-0.0500736566
-0.0500736566
-0.0500736566
-0.0497611412
-0.0497611412
-0.0497611412
-0.0497611412
-0.0494486257
-0.0497611412
-0.0491361103
-0.0491361103
-0.0494486257
-0.0488235948
-0.0488235948
-0.0488235948
-0.0485110794
-0.0485110794
-0.0485110794
-0.0488235948
-0.0485110794
-0.0481985639
-0.0481985639
-0.0481985639
-0.0485110794
-0.0475735330
-0.0475735330
-0.0472610176
-0.0481985639
-0.0478860485
-0.0475735330
-0.0475735330
-0.0472610176
-0.0472610176
-0.0469485021
-0.0475735330
-0.0472610176
-0.0466359867
-0.0472610176
-0.0466359867
-0.0469485021
-0.0469485021
-0.0466359867
-0.0463234712
-0.0463234712
-0.0463234712
-0.0463234712
-0.0456984403
-0.0460109558
-0.0460109558
-0.0460109558
-0.0456984403
-0.0456984403
-0.0453859249
-0.0453859249
-0.0450734094
-0.0450734094
-0.0453859249
-0.0453859249
-0.0450734094
-0.0444483785
-0.0447608940
-0.0444483785
-0.0447608940
-0.0447608940
-0.0444483785
-0.0447608940
-0.0444483785
-0.0447608940
-0.0441358631
-0.0441358631
-0.0438233476
-0.0438233476
-0.0444483785
-0.0438233476
-0.0435108322
-0.0428858013
-0.0431983167
-0.0431983167
-0.0435108322
-0.0431983167
-0.0431983167
-0.0428858013
-0.0428858013
-0.0428858013
-0.0428858013
-0.0425732858
-0.0422607704
-0.0425732858
-0.0425732858
-0.0422607704
-0.0422607704
-0.0422607704
-0.0416357395
-0.0422607704
-0.0419482549
-0.0416357395
-0.0416357395
-0.0416357395
-0.0416357395
-0.0416357395
-0.0416357395
-0.0413232240
-0.0416357395
-0.0413232240
-0.0410107086
-0.0413232240
-0.0413232240
-0.0410107086
-0.0413232240
-0.0406981931
-0.0406981931
-0.0406981931
-0.0406981931
-0.0406981931
-0.0397606468
-0.0400731622
-0.0403856777
-0.0400731622
-0.0403856777
-0.0397606468
-0.0397606468
-0.0397606468
-0.0394481313
-0.0397606468
-0.0397606468
-0.0397606468
-0.0391356159
-0.0397606468
-0.0397606468
-0.0391356159
-0.0391356159
-0.0388231004
-0.0388231004
-0.0388231004
-0.0388231004
-0.0385105850
-0.0391356159
-0.0385105850
-0.0391356159
-0.0385105850
-0.0388231004
-0.0378855541
-0.0385105850
-0.0388231004
-0.0381980695
-0.0378855541
-0.0381980695
-0.0375730386
-0.0381980695
-0.0381980695
-0.0378855541
-0.0378855541
-0.0375730386
-0.0375730386
-0.0372605232
-0.0375730386
-0.0369480077
-0.0372605232
-0.0372605232
-0.0372605232
-0.0372605232
-0.0369480077
-0.0369480077
-0.0372605232
-0.0363229768
-0.0369480077
-0.0366354922
-0.0363229768
-0.0366354922
-0.0366354922
-0.0363229768
-0.0360104613
-0.0363229768
-0.0363229768
-0.0360104613
-0.0360104613
-0.0356979459
-0.0356979459
-0.0356979459
-0.0356979459
-0.0353854304
-0.0356979459
-0.0356979459
-0.0353854304
-0.0350729150
-0.0353854304
-0.0350729150
-0.0350729150
-0.0347603995
-0.0350729150
-0.0350729150
-0.0350729150
-0.0347603995
-0.0350729150
-0.0347603995
-0.0344478841
-0.0347603995
-0.0341353686
-0.0341353686
-0.0344478841
-0.0341353686
-0.0344478841
-0.0338228532
-0.0338228532
-0.0338228532
-0.0341353686
-0.0335103377
-0.0335103377
-0.0338228532
-0.0338228532
-0.0335103377
-0.0331978223
-0.0331978223
-0.0331978223
-0.0331978223
-0.0331978223
-0.0331978223
-0.0328853068
-0.0335103377
-0.0328853068
-0.0331978223
-0.0325727914
-0.0325727914
-0.0322602759
-0.0328853068
-0.0325727914
-0.0322602759
-0.0325727914
-0.0322602759
-0.0319477605
-0.0319477605
-0.0325727914
-0.0319477605
-0.0319477605
-0.0316352450
-0.0319477605
-0.0319477605
-0.0316352450
-0.0313227296
-0.0313227296
-0.0316352450
-0.0316352450
-0.0316352450
-0.0313227296
-0.0313227296
-0.0313227296
-0.0313227296
-0.0310102141
-0.0310102141
-0.0306976987
-0.0310102141
-0.0306976987
-0.0310102141
-0.0306976987
-0.0306976987
-0.0303851832
-0.0306976987
-0.0303851832
-0.0306976987
-0.0306976987
-0.0306976987
-0.0303851832
-0.0303851832
-0.0303851832
-0.0303851832
-0.0300726678
-0.0303851832
-0.0297601523
-0.0300726678
-0.0297601523
-0.0300726678
-0.0297601523
-0.0300726678
-0.0294476369
-0.0300726678
-0.0297601523
-0.0291351214
-0.0297601523
-0.0297601523
-0.0291351214
-0.0291351214
-0.0291351214
-0.0294476369
-0.0288226059
-0.0291351214
-0.0285100905
-0.0285100905
-0.0288226059
-0.0288226059
-0.0288226059
-0.0278850596
-0.0288226059
-0.0285100905
-0.0291351214
-0.0285100905
-0.0285100905
-0.0285100905
-0.0281975750
-0.0278850596
-0.0281975750
-0.0281975750
-0.0281975750
-0.0278850596
-0.0278850596
-0.0281975750
-0.0281975750
-0.0272600287
-0.0278850596
-0.0275725441
-0.0278850596
-0.0278850596
-0.0272600287
-0.0272600287
-0.0272600287
-0.0272600287
-0.0275725441
-0.0266349978
-0.0269475132
-0.0272600287
-0.0269475132
-0.0269475132
-0.0269475132
-0.0272600287
-0.0266349978
-0.0269475132
-0.0266349978
-0.0266349978
-0.0269475132
-0.0269475132
-0.0263224823
-0.0263224823
-0.0263224823
-0.0263224823
-0.0263224823
-0.0263224823
-0.0263224823
-0.0263224823
-0.0260099669
-0.0256974514
-0.0256974514
-0.0260099669
-0.0256974514
-0.0260099669
-0.0260099669
-0.0256974514
-0.0253849360
-0.0253849360
-0.0253849360
-0.0253849360
-0.0256974514
-0.0250724205
-0.0253849360
-0.0253849360
-0.0250724205
-0.0253849360
-0.0250724205
-0.0250724205
-0.0250724205
-0.0253849360
-0.0253849360
-0.0250724205
-0.0247599051
-0.0247599051
-0.0244473896
-0.0250724205
-0.0250724205
-0.0247599051
-0.0244473896
-0.0241348742
-0.0244473896
-0.0241348742
-0.0244473896
-0.0238223587
-0.0241348742
-0.0241348742
-0.0238223587
-0.0238223587
-0.0241348742
-0.0241348742
-0.0235098432
-0.0241348742
-0.0238223587
-0.0238223587
-0.0235098432
-0.0235098432
-0.0235098432
-0.0238223587
-0.0235098432
-0.0238223587
-0.0235098432
-0.0238223587
-0.0231973278
-0.0231973278
-0.0235098432
-0.0228848123
-0.0231973278
-0.0228848123
-0.0228848123
-0.0231973278
-0.0228848123
-0.0228848123
-0.0228848123
-0.0225722969
-0.0228848123
-0.0228848123
-0.0225722969
-0.0231973278
-0.0228848123
-0.0225722969
-0.0222597814
-0.0222597814
-0.0222597814
-0.0222597814
-0.0222597814
-0.0219472660
-0.0222597814
-0.0225722969
-0.0222597814
-0.0222597814
-0.0222597814
-0.0216347505
-0.0216347505
-0.0222597814
-0.0219472660
-0.0219472660
-0.0219472660
-0.0222597814
-0.0216347505
-0.0219472660
-0.0216347505
-0.0216347505
-0.0216347505
-0.0219472660
-0.0210097196
-0.0213222351
-0.0213222351
-0.0210097196
-0.0210097196
-0.0206972042
-0.0206972042
-0.0213222351
-0.0213222351
-0.0213222351
-0.0213222351
-0.0210097196
-0.0210097196
-0.0206972042
-0.0210097196
-0.0206972042
-0.0206972042
-0.0210097196
-0.0206972042
-0.0206972042
-0.0203846887
-0.0206972042
-0.0206972042
-0.0206972042
-0.0206972042
-0.0203846887
-0.0203846887
-0.0203846887
-0.0203846887
-0.0203846887
-0.0200721733
-0.0206972042
-0.0200721733
-0.0203846887
-0.0200721733
-0.0194471423
-0.0197596578
-0.0200721733
-0.0194471423
-0.0200721733
-0.0197596578
-0.0200721733
-0.0194471423
-0.0194471423
-0.0197596578
-0.0197596578
-0.0194471423
-0.0194471423
-0.0194471423
-0.0191346269
-0.0197596578
-0.0191346269
-0.0191346269
-0.0191346269
-0.0194471423
-0.0191346269
-0.0191346269
-0.0194471423
-0.0191346269
-0.0191346269
-0.0191346269
-0.0191346269
-0.0191346269
-0.0188221114
-0.0188221114
-0.0191346269
-0.0185095960
-0.0191346269
-0.0185095960
-0.0188221114
-0.0181970805
-0.0181970805
-0.0188221114
-0.0178845651
-0.0185095960
-0.0181970805
-0.0181970805
-0.0188221114
-0.0185095960
-0.0185095960
-0.0178845651
-0.0181970805
-0.0181970805
-0.0185095960
-0.0181970805
-0.0181970805
-0.0178845651
-0.0178845651
-0.0181970805
-0.0178845651
-0.0181970805
-0.0175720496
-0.0185095960
-0.0178845651
-0.0178845651
-0.0175720496
-0.0172595342
-0.0172595342
-0.0175720496
-0.0175720496
-0.0175720496
-0.0175720496
-0.0172595342
-0.0169470187
-0.0172595342
-0.0172595342
-0.0169470187
-0.0172595342
-0.0172595342
-0.0169470187
-0.0175720496
-0.0172595342
-0.0172595342
-0.0166345033
-0.0169470187
-0.0172595342
-0.0166345033
-0.0169470187
-0.0169470187
-0.0172595342
-0.0166345033
-0.0169470187
-0.0166345033
-0.0166345033
-0.0163219878
-0.0163219878
-0.0163219878
-0.0166345033
-0.0166345033
-0.0166345033
-0.0166345033
-0.0160094724
-0.0166345033
-0.0166345033
-0.0163219878
-0.0166345033
-0.0156969569
-0.0160094724
-0.0160094724
-0.0163219878
-0.0160094724
-0.0160094724
-0.0163219878
-0.0163219878
-0.0156969569
-0.0160094724
-0.0153844414
-0.0156969569
-0.0156969569
-0.0153844414
-0.0153844414
-0.0160094724
-0.0160094724
-0.0153844414
-0.0153844414
-0.0153844414
-0.0150719260
-0.0153844414
-0.0160094724
-0.0153844414
-0.0150719260
-0.0147594105
-0.0153844414
-0.0156969569
-0.0150719260
-0.0150719260
-0.0147594105
-0.0150719260
-0.0150719260
-0.0150719260
-0.0153844414
-0.0150719260
-0.0144468951
-0.0153844414
-0.0150719260
-0.0147594105
-0.0150719260
-0.0144468951
-0.0147594105
-0.0147594105
-0.0147594105
-0.0141343796
-0.0147594105
-0.0147594105
-0.0147594105
-0.0144468951
-0.0144468951
-0.0150719260
-0.0141343796
-0.0147594105
-0.0141343796
-0.0141343796
-0.0144468951
-0.0141343796
-0.0141343796
-0.0144468951
-0.0138218642
-0.0141343796
-0.0141343796
-0.0141343796
-0.0144468951
-0.0141343796
-0.0141343796
-0.0141343796
-0.0141343796
-0.0138218642
-0.0138218642
-0.0141343796
-0.0138218642
-0.0135093487
-0.0138218642
-0.0135093487
-0.0135093487
-0.0135093487
-0.0135093487
-0.0135093487
-0.0135093487
-0.0135093487
-0.0131968333
-0.0135093487
-0.0135093487
-0.0135093487
-0.0135093487
-0.0131968333
-0.0135093487
-0.0138218642
-0.0128843178
-0.0131968333
-0.0128843178
-0.0131968333
-0.0125718024
-0.0128843178
-0.0135093487
-0.0131968333
-0.0125718024
-0.0128843178
-0.0128843178
-0.0128843178
-0.0125718024
-0.0128843178
-0.0135093487
-0.0131968333
-0.0125718024
-0.0128843178
-0.0128843178
-0.0128843178
-0.0131968333
-0.0128843178
-0.0128843178
-0.0125718024
-0.0125718024
-0.0128843178
-0.0125718024
-0.0122592869
-0.0125718024
-0.0125718024
-0.0128843178
-0.0122592869
-0.0119467714
-0.0125718024
-0.0125718024
-0.0119467714
-0.0119467714
-0.0119467714
-0.0119467714
-0.0122592869
-0.0122592869
-0.0119467714
-0.0119467714
-0.0122592869
-0.0122592869
-0.0119467714
-0.0119467714
-0.0119467714
-0.0116342560
-0.0116342560
-0.0116342560
-0.0119467714
-0.0116342560
-0.0116342560
-0.0116342560
-0.0110092251
-0.0116342560
-0.0116342560
-0.0113217405
-0.0113217405
-0.0116342560
-0.0119467714
-0.0116342560
-0.0113217405
-0.0113217405
-0.0116342560
-0.0113217405
-0.0113217405
-0.0113217405
-0.0113217405
-0.0113217405
-0.0116342560
-0.0110092251
-0.0113217405
-0.0106967096
-0.0116342560
-0.0110092251
-0.0113217405
-0.0110092251
-0.0106967096
-0.0110092251
-0.0106967096
-0.0113217405
-0.0110092251
-0.0113217405
-0.0110092251
-0.0106967096
-0.0110092251
-0.0103841942
-0.0106967096
-0.0106967096
-0.0110092251
-0.0106967096
-0.0110092251
-0.0103841942
-0.0103841942
-0.0110092251
-0.0103841942
-0.0106967096
-0.0106967096
-0.0106967096
-0.0103841942
-0.0103841942
-0.0103841942
-0.0106967096
-0.0103841942
-0.0100716787
-0.0106967096
-0.0103841942
-0.0106967096
-0.0103841942
-0.0106967096
-0.0100716787
-0.0103841942
-0.0103841942
-0.0097591633
-0.0100716787
-0.0097591633
-0.0100716787
-0.0103841942
-0.0100716787
-0.0103841942
-0.0097591633
-0.0097591633
-0.0097591633
-0.0100716787
-0.0100716787
-0.0097591633
-0.0100716787
-0.0097591633
-0.0103841942
-0.0094466478
-0.0097591633
-0.0100716787
-0.0097591633
-0.0097591633
-0.0097591633
-0.0094466478
-0.0094466478
-0.0097591633
-0.0097591633
-0.0097591633
-0.0091341323
-0.0100716787
-0.0097591633
-0.0094466478
-0.0094466478
-0.0091341323
-0.0097591633
-0.0094466478
-0.0094466478
-0.0091341323
-0.0097591633
-0.0094466478
-0.0091341323
-0.0094466478
-0.0091341323
-0.0091341323
-0.0094466478
-0.0091341323
-0.0091341323
-0.0094466478
-0.0088216169
-0.0097591633
-0.0091341323
-0.0088216169
-0.0091341323
-0.0088216169
-0.0088216169
-0.0085091014
-0.0091341323
-0.0091341323
-0.0088216169
-0.0085091014
-0.0091341323
-0.0085091014
-0.0088216169
-0.0091341323
-0.0088216169
-0.0085091014
-0.0088216169
-0.0088216169
-0.0088216169
-0.0088216169
-0.0085091014
-0.0085091014
-0.0085091014
-0.0081965860
-0.0081965860
-0.0088216169
-0.0085091014
-0.0088216169
-0.0081965860
-0.0085091014
-0.0081965860
-0.0078840705
-0.0081965860
-0.0085091014
-0.0085091014
-0.0085091014
-0.0081965860
-0.0081965860
-0.0085091014
-0.0081965860
-0.0081965860
-0.0081965860
-0.0081965860
-0.0078840705
-0.0081965860
-0.0081965860
-0.0081965860
-0.0081965860
-0.0078840705
-0.0081965860
-0.0078840705
-0.0078840705
-0.0078840705
-0.0075715551
-0.0078840705
-0.0078840705
-0.0078840705
-0.0075715551
-0.0078840705
-0.0075715551
-0.0075715551
-0.0075715551
-0.0075715551
-0.0078840705
-0.0078840705
-0.0075715551
-0.0069465242
-0.0072590396
-0.0078840705
-0.0078840705
-0.0078840705
-0.0078840705
-0.0075715551
-0.0078840705
-0.0075715551
-0.0072590396
-0.0075715551
-0.0075715551
-0.0069465242
-0.0075715551
-0.0072590396
-0.0072590396
-0.0075715551
-0.0072590396
-0.0075715551
-0.0072590396
-0.0072590396
-0.0072590396
-0.0072590396
-0.0072590396
-0.0075715551
-0.0072590396
-0.0075715551
-0.0066340087
-0.0069465242
-0.0072590396
-0.0072590396
-0.0069465242
-0.0069465242
-0.0069465242
-0.0069465242
-0.0072590396
-0.0066340087
-0.0069465242
-0.0069465242
-0.0069465242
-0.0066340087
-0.0066340087
-0.0066340087
-0.0069465242
-0.0072590396
-0.0069465242
-0.0066340087
-0.0069465242
-0.0066340087
-0.0066340087
-0.0069465242
-0.0069465242
-0.0069465242
-0.0066340087
-0.0066340087
-0.0066340087
-0.0066340087
-0.0066340087
-0.0069465242
-0.0066340087
-0.0066340087
-0.0066340087
-0.0063214932
-0.0060089778
-0.0066340087
-0.0066340087
-0.0063214932
-0.0066340087
-0.0066340087
-0.0063214932
-0.0063214932
-0.0060089778
-0.0063214932
-0.0056964623
-0.0066340087
-0.0060089778
-0.0063214932
-0.0066340087
-0.0063214932
-0.0063214932
-0.0063214932
-0.0063214932
-0.0063214932
-0.0060089778
-0.0063214932
-0.0060089778
-0.0060089778
-0.0060089778
-0.0063214932
-0.0060089778
-0.0060089778
-0.0060089778
-0.0060089778
-0.0063214932
-0.0060089778
-0.0060089778
-0.0060089778
-0.0060089778
-0.0056964623
-0.0056964623
-0.0063214932
-0.0056964623
-0.0060089778
-0.0056964623
-0.0060089778
-0.0060089778
-0.0060089778
-0.0060089778
-0.0060089778
-0.0063214932
-0.0056964623
-0.0056964623
-0.0053839469
-0.0056964623
-0.0056964623
-0.0053839469
-0.0063214932
-0.0056964623
-0.0056964623
-0.0056964623
-0.0053839469
-0.0053839469
-0.0053839469
-0.0053839469
-0.0053839469
-0.0060089778
-0.0056964623
-0.0053839469
-0.0056964623
-0.0056964623
-0.0053839469
-0.0056964623
-0.0053839469
-0.0053839469
-0.0053839469
-0.0053839469
-0.0050714314
-0.0050714314
-0.0050714314
-0.0053839469
-0.0050714314
-0.0053839469
-0.0053839469
-0.0053839469
-0.0050714314
-0.0053839469
-0.0053839469
-0.0056964623
-0.0053839469
-0.0053839469
-0.0050714314
-0.0050714314
-0.0050714314
-0.0053839469
-0.0050714314
-0.0050714314
-0.0047589160
-0.0050714314
-0.0050714314
-0.0050714314
-0.0047589160
-0.0047589160
-0.0047589160
-0.0047589160
-0.0047589160
-0.0044464005
-0.0050714314
-0.0050714314
-0.0047589160
-0.0050714314
-0.0050714314
-0.0047589160
-0.0044464005
-0.0050714314
-0.0047589160
-0.0053839469
-0.0050714314
-0.0050714314
-0.0044464005
-0.0044464005
-0.0047589160
-0.0047589160
-0.0047589160
-0.0047589160
-0.0041338851
-0.0050714314
-0.0047589160
-0.0044464005
-0.0047589160
-0.0044464005
-0.0044464005
-0.0041338851
-0.0044464005
-0.0047589160
-0.0047589160
-0.0044464005
-0.0044464005
-0.0047589160
-0.0050714314
-0.0041338851
-0.0047589160
-0.0047589160
-0.0044464005
-0.0044464005
-0.0038213696
-0.0041338851
-0.0041338851
-0.0038213696
-0.0044464005
-0.0047589160
-0.0044464005
-0.0044464005
-0.0041338851
-0.0044464005
-0.0041338851
-0.0041338851
-0.0038213696
-0.0041338851
-0.0047589160
-0.0038213696
-0.0038213696
-0.0041338851
-0.0041338851
-0.0035088541
-0.0041338851
-0.0041338851
-0.0038213696
-0.0035088541
-0.0041338851
-0.0038213696
-0.0038213696
-0.0044464005
-0.0035088541
-0.0038213696
-0.0038213696
-0.0038213696
-0.0038213696
-0.0035088541
-0.0035088541
-0.0035088541
-0.0041338851
-0.0038213696
-0.0041338851
-0.0038213696
-0.0038213696
-0.0038213696
-0.0038213696
-0.0044464005
-0.0038213696
-0.0041338851
-0.0038213696
-0.0031963387
-0.0038213696
-0.0038213696
-0.0038213696
-0.0041338851
-0.0038213696
-0.0038213696
-0.0035088541
-0.0038213696
-0.0035088541
-0.0038213696
-0.0031963387
-0.0035088541
-0.0035088541
-0.0031963387
-0.0035088541
-0.0035088541
-0.0031963387
-0.0038213696
-0.0035088541
-0.0035088541
-0.0038213696
-0.0035088541
-0.0038213696
-0.0031963387
-0.0038213696
-0.0031963387
-0.0038213696
-0.0031963387
-0.0031963387
-0.0031963387
-0.0035088541
-0.0035088541
-0.0028838232
-0.0035088541
-0.0031963387
-0.0035088541
-0.0038213696
-0.0035088541
-0.0038213696
-0.0031963387
-0.0031963387
-0.0028838232
-0.0031963387
-0.0031963387
-0.0031963387
-0.0031963387
-0.0028838232
-0.0031963387
-0.0028838232
-0.0031963387
-0.0031963387
-0.0035088541
-0.0031963387
-0.0028838232
-0.0031963387
-0.0031963387
-0.0031963387
-0.0025713078
-0.0031963387
-0.0028838232
-0.0028838232
-0.0028838232
-0.0031963387
-0.0028838232
-0.0025713078
-0.0031963387
-0.0028838232
-0.0031963387
-0.0031963387
-0.0025713078
-0.0031963387
-0.0028838232
-0.0025713078
-0.0031963387
-0.0028838232
-0.0028838232
-0.0028838232
-0.0025713078
-0.0028838232
-0.0025713078
-0.0025713078
-0.0028838232
-0.0031963387
-0.0025713078
-0.0028838232
-0.0031963387
-0.0025713078
-0.0028838232
-0.0028838232
-0.0025713078
-0.0025713078
-0.0025713078
-0.0025713078
-0.0025713078
-0.0025713078
-0.0028838232
-0.0025713078
-0.0025713078
-0.0025713078
-0.0025713078
-0.0025713078
-0.0022587923
-0.0022587923
-0.0025713078
-0.0028838232
-0.0022587923
-0.0025713078
-0.0028838232
-0.0028838232
-0.0025713078
-0.0025713078
-0.0025713078
-0.0025713078
-0.0025713078
-0.0022587923
-0.0022587923
-0.0022587923
-0.0025713078
-0.0022587923
-0.0022587923
-0.0022587923
-0.0031963387
-0.0022587923
-0.0025713078
-0.0019462769
-0.0022587923
-0.0025713078
-0.0022587923
-0.0025713078
-0.0019462769
-0.0022587923
-0.0022587923
-0.0025713078
-0.0022587923
-0.0022587923
-0.0025713078
-0.0025713078
-0.0022587923
-0.0025713078
-0.0025713078
-0.0022587923
-0.0025713078
-0.0016337614
-0.0022587923
-0.0019462769
-0.0022587923
-0.0022587923
-0.0016337614
-0.0019462769
-0.0019462769
-0.0022587923
-0.0022587923
-0.0016337614
-0.0019462769
-0.0022587923
-0.0022587923
-0.0019462769
-0.0019462769
-0.0016337614
-0.0019462769
-0.0019462769
-0.0022587923
-0.0019462769
-0.0022587923
-0.0022587923
-0.0016337614
-0.0019462769
-0.0019462769
-0.0022587923
-0.0022587923
-0.0019462769
-0.0022587923
-0.0016337614
-0.0019462769
-0.0016337614
-0.0016337614
-0.0022587923
-0.0019462769
-0.0016337614
-0.0022587923
-0.0016337614
-0.0016337614
-0.0019462769
-0.0019462769
-0.0022587923
-0.0016337614
-0.0016337614
-0.0022587923
-0.0019462769
-0.0013212459
-0.0019462769
-0.0019462769
-0.0022587923
-0.0016337614
-0.0013212459
-0.0016337614
-0.0019462769
-0.0022587923
-0.0016337614
-0.0016337614
-0.0019462769
-0.0016337614
-0.0016337614
-0.0016337614
-0.0016337614
-0.0019462769
-0.0019462769
-0.0013212459
-0.0016337614
-0.0013212459
-0.0016337614
-0.0013212459
-0.0019462769
-0.0016337614
-0.0019462769
-0.0016337614
-0.0016337614
-0.0016337614
-0.0010087305
-0.0016337614
-0.0016337614
-0.0013212459
-0.0013212459
-0.0016337614
-0.0016337614
-0.0019462769
-0.0016337614
-0.0016337614
-0.0019462769
-0.0013212459
-0.0016337614
-0.0016337614
-0.0010087305
-0.0016337614
-0.0010087305
-0.0013212459
-0.0013212459
-0.0016337614
-0.0016337614
-0.0006962150
-0.0013212459
-0.0016337614
-0.0016337614
-0.0016337614
-0.0016337614
-0.0013212459
-0.0010087305
-0.0013212459
-0.0010087305
-0.0016337614
-0.0013212459
-0.0010087305
-0.0013212459
-0.0013212459
-0.0010087305
-0.0010087305
-0.0013212459
-0.0016337614
-0.0010087305
-0.0010087305
-0.0013212459
-0.0013212459
-0.0016337614
-0.0010087305
-0.0013212459
-0.0013212459
-0.0016337614
-0.0013212459
-0.0010087305
-0.0013212459
-0.0006962150
-0.0010087305
-0.0006962150
-0.0010087305
-0.0006962150
-0.0010087305
-0.0013212459
-0.0010087305
-0.0006962150
-0.0016337614
-0.0006962150
-0.0010087305
-0.0010087305
-0.0013212459
-0.0010087305
-0.0013212459
-0.0013212459
-0.0006962150
-0.0013212459
-0.0019462769
-0.0006962150
-0.0010087305
-0.0010087305
-0.0003836996
-0.0010087305
-0.0003836996
-0.0010087305
-0.0010087305
-0.0010087305
-0.0006962150
-0.0006962150
-0.0006962150
-0.0013212459
-0.0006962150
-0.0010087305
-0.0010087305
-0.0006962150
-0.0010087305
-0.0010087305
-0.0010087305
-0.0006962150
-0.0010087305
-0.0006962150
-0.0006962150
-0.0006962150
-0.0000711841
-0.0010087305
-0.0010087305
-0.0006962150
-0.0003836996
-0.0006962150
-0.0010087305
-0.0003836996
-0.0010087305
-0.0006962150
-0.0003836996
-0.0010087305
-0.0010087305
-0.0003836996
-0.0003836996
-0.0010087305
-0.0003836996
-0.0003836996
-0.0003836996
-0.0010087305
-0.0010087305
-0.0003836996
-0.0006962150
-0.0003836996
-0.0006962150
-0.0006962150
-0.0010087305
-0.0010087305
-0.0006962150
-0.0006962150
-0.0003836996
-0.0003836996
-0.0000711841
-0.0006962150
-0.0006962150
-0.0003836996
-0.0003836996
-0.0006962150
-0.0003836996
-0.0000711841
-0.0003836996
-0.0006962150
-0.0000711841
-0.0003836996
-0.0003836996
-0.0006962150
-0.0006962150
-0.0000711841
-0.0003836996
-0.0000711841
-0.0003836996
-0.0003836996
-0.0000711841
-0.0003836996
-0.0010087305
-0.0003836996
-0.0000711841
-0.0003836996
-0.0006962150
-0.0003836996
-0.0003836996
-0.0000711841
-0.0000711841
-0.0003836996
-0.0003836996
-0.0000711841
-0.0000711841
-0.0003836996
-0.0003836996
-0.0006962150
-0.0000711841
-0.0003836996
-0.0003836996
-0.0003836996
-0.0003836996
-0.0003836996
-0.0000711841
-0.0003836996
-0.0006962150
-0.0000711841
-0.0000711841
-0.0006962150
-0.0003836996
-0.0003836996
-0.0003836996
-0.0000711841
-0.0003836996
-0.0003836996
-0.0000711841
-0.0003836996
0.0002413313
-0.0003836996
-0.0003836996
-0.0003836996
-0.0003836996
-0.0003836996
-0.0000711841
-0.0000711841
-0.0003836996
-0.0006962150
-0.0003836996
0.0002413313
-0.0000711841
-0.0003836996
-0.0003836996
-0.0003836996
-0.0003836996
-0.0003836996
-0.0003836996
-0.0003836996
-0.0000711841
-0.0000711841
-0.0003836996
-0.0000711841
-0.0000711841
-0.0003836996
-0.0000711841
0.0002413313
-0.0003836996
-0.0000711841
-0.0000711841
-0.0003836996
-0.0003836996
0.0002413313
-0.0000711841
-0.0000711841
-0.0000711841
0.0002413313
-0.0000711841
0.0002413313
0.0002413313
-0.0000711841
-0.0000711841
0.0002413313
-0.0000711841
-0.0000711841
0.0002413313
-0.0003836996
0.0005538468
-0.0003836996
-0.0000711841
-0.0000711841
-0.0000711841
0.0002413313
-0.0003836996
0.0002413313
0.0002413313
0.0002413313
-0.0000711841
0.0002413313
-0.0003836996
-0.0000711841
0.0002413313
0.0002413313
-0.0000711841
0.0002413313
0.0002413313
0.0002413313
0.0002413313
0.0002413313
0.0002413313
0.0002413313
-0.0003836996
0.0005538468
0.0002413313
0.0002413313
-0.0000711841
0.0008663622
0.0002413313
0.0002413313
0.0005538468
0.0005538468
0.0002413313
0.0005538468
-0.0000711841
0.0002413313
-0.0003836996
0.0005538468
0.0005538468
0.0005538468
0.0002413313
0.0002413313
0.0002413313
-0.0003836996
0.0002413313
0.0005538468
0.0002413313
0.0005538468
0.0005538468
0.0002413313
0.0005538468
0.0002413313
0.0002413313
0.0002413313
0.0005538468
0.0005538468
0.0008663622
0.0008663622
0.0005538468
0.0005538468
0.0002413313
0.0002413313
0.0002413313
0.0002413313
0.0008663622
0.0008663622
0.0002413313
0.0002413313
0.0002413313
0.0008663622
0.0005538468
-0.0000711841
0.0008663622
0.0005538468
0.0002413313
0.0008663622
0.0002413313
0.0002413313
0.0008663622
0.0005538468
0.0005538468
0.0002413313
0.0005538468
0.0002413313
0.0005538468
0.0005538468
0.0005538468
0.0008663622
0.0005538468
0.0002413313
0.0005538468
0.0005538468
0.0008663622
0.0002413313
0.0002413313
0.0008663622
0.0005538468
0.0002413313
0.0002413313
0.0005538468
0.0002413313
0.0005538468
0.0008663622
0.0008663622
0.0002413313
0.0002413313
0.0005538468
0.0005538468
0.0005538468
0.0002413313
0.0005538468
0.0008663622
0.0002413313
0.0008663622
0.0005538468
0.0008663622
0.0008663622
0.0002413313
0.0008663622
0.0005538468
0.0008663622
0.0005538468
0.0005538468
0.0008663622
0.0005538468
0.0008663622
0.0008663622
0.0008663622
0.0005538468
0.0008663622
0.0008663622
0.0008663622
0.0008663622
0.0011788777
0.0008663622
0.0002413313
0.0011788777
0.0008663622
0.0008663622
0.0008663622
0.0011788777
0.0005538468
0.0008663622
0.0005538468
0.0002413313
0.0005538468
0.0002413313
0.0005538468
0.0008663622
0.0008663622
0.0008663622
0.0008663622
0.0005538468
0.0011788777
0.0005538468
0.0008663622
0.0005538468
0.0008663622
0.0005538468
0.0008663622
0.0011788777
0.0005538468
0.0008663622
0.0008663622
0.0008663622
0.0008663622
0.0008663622
0.0008663622
0.0008663622
0.0011788777
0.0011788777
0.0011788777
0.0011788777
0.0011788777
0.0014913932
0.0011788777
0.0008663622
0.0005538468
0.0011788777
0.0008663622
0.0008663622
0.0005538468
0.0008663622
0.0008663622
0.0008663622
0.0008663622
0.0005538468
0.0011788777
0.0011788777
0.0008663622
0.0008663622
0.0011788777
0.0011788777
0.0011788777
0.0014913932
0.0005538468
0.0008663622
0.0008663622
0.0011788777
0.0014913932
0.0005538468
0.0011788777
0.0008663622
0.0008663622
0.0005538468
0.0011788777
0.0011788777
0.0011788777
0.0011788777
0.0008663622
0.0008663622
0.0008663622
0.0008663622
0.0011788777
0.0005538468
0.0011788777
0.0008663622
0.0008663622
0.0008663622
0.0008663622
0.0018039086
0.0014913932
0.0014913932
0.0011788777
0.0011788777
0.0011788777
0.0008663622
0.0008663622
0.0011788777
0.0008663622
0.0011788777
0.0008663622
0.0008663622
0.0014913932
0.0011788777
0.0011788777
0.0008663622
0.0011788777
0.0011788777
0.0011788777
0.0014913932
0.0008663622
0.0008663622
0.0011788777
0.0011788777
0.0005538468
0.0011788777
0.0011788777
0.0011788777
0.0011788777
0.0008663622
0.0011788777
0.0014913932
0.0014913932
0.0008663622
0.0014913932
0.0011788777
0.0011788777
0.0008663622
0.0008663622
0.0011788777
0.0008663622
0.0005538468
0.0011788777
0.0011788777
0.0008663622
0.0011788777
0.0011788777
0.0014913932
0.0011788777
0.0011788777
0.0014913932
0.0008663622
0.0011788777
0.0014913932
0.0008663622
0.0011788777
0.0014913932
0.0014913932
0.0011788777
0.0014913932
0.0011788777
0.0014913932
0.0014913932
0.0008663622
0.0011788777
0.0011788777
0.0018039086
0.0008663622
0.0011788777
0.0014913932
0.0008663622
0.0011788777
0.0008663622
0.0011788777
0.0014913932
0.0011788777
0.0011788777
0.0014913932
0.0011788777
0.0008663622
0.0014913932
0.0014913932
0.0008663622
0.0014913932
0.0011788777
0.0014913932
0.0014913932
0.0014913932
0.0011788777
0.0014913932
0.0011788777
0.0011788777
0.0011788777
0.0014913932
0.0014913932
0.0011788777
0.0008663622
0.0011788777
0.0008663622
0.0011788777
0.0011788777
0.0014913932
0.0018039086
0.0014913932
0.0018039086
0.0011788777
0.0011788777
0.0014913932
0.0011788777
0.0011788777
0.0011788777
0.0011788777
0.0014913932
0.0014913932
0.0011788777
0.0014913932
0.0014913932
0.0011788777
0.0018039086
0.0018039086
0.0021164241
0.0018039086
0.0011788777
0.0014913932
0.0011788777
0.0021164241
0.0018039086
0.0018039086
0.0018039086
0.0008663622
0.0014913932
0.0014913932
0.0014913932
0.0014913932
0.0011788777
0.0018039086
0.0014913932
0.0011788777
0.0014913932
0.0008663622
0.0014913932
0.0011788777
0.0014913932
0.0014913932
0.0018039086
0.0018039086
0.0018039086
0.0011788777
0.0014913932
0.0018039086
0.0014913932
0.0011788777
0.0018039086
0.0011788777
0.0021164241
0.0018039086
0.0018039086
0.0018039086
0.0011788777
0.0014913932
0.0018039086
0.0018039086
0.0018039086
0.0014913932
0.0014913932
0.0018039086
0.0011788777
0.0018039086
0.0018039086
0.0021164241
0.0018039086
0.0018039086
0.0011788777
0.0014913932
0.0018039086
0.0021164241
0.0014913932
0.0018039086
0.0014913932
0.0014913932
0.0014913932
0.0018039086
0.0014913932
0.0018039086
0.0018039086
0.0014913932
0.0018039086
0.0018039086
0.0018039086
0.0014913932
0.0014913932
0.0011788777
0.0014913932
0.0021164241
0.0021164241
0.0018039086
0.0014913932
0.0014913932
0.0014913932
0.0014913932
0.0021164241
0.0018039086
0.0021164241
0.0018039086
0.0014913932
0.0014913932
0.0018039086
0.0018039086
0.0018039086
0.0018039086
0.0014913932
0.0018039086
0.0014913932
0.0018039086
0.0018039086
0.0018039086
0.0018039086
0.0021164241
0.0021164241
0.0018039086
0.0018039086
0.0011788777
0.0014913932
0.0014913932
0.0018039086
0.0014913932
0.0021164241
0.0014913932
0.0018039086
0.0021164241
0.0018039086
0.0018039086
0.0021164241
0.0018039086
0.0014913932
0.0014913932
0.0018039086
0.0014913932
0.0014913932
0.0018039086
0.0011788777
0.0018039086
0.0014913932
0.0021164241
0.0021164241
0.0018039086
0.0021164241
0.0021164241
0.0021164241
0.0018039086
0.0021164241
0.0018039086
0.0021164241
0.0014913932
0.0018039086
0.0021164241
0.0021164241
0.0021164241
0.0018039086
0.0021164241
0.0018039086
0.0018039086
0.0018039086
0.0021164241
0.0021164241
0.0018039086
0.0018039086
0.0018039086
0.0018039086
0.0021164241
0.0021164241
0.0018039086
0.0018039086
0.0021164241
0.0021164241
0.0018039086
0.0021164241
0.0018039086
0.0014913932
0.0018039086
0.0024289395
0.0014913932
0.0018039086
0.0018039086
0.0021164241
0.0018039086
0.0018039086
0.0021164241
0.0021164241
0.0021164241
0.0018039086
0.0021164241
0.0018039086
0.0018039086
0.0014913932
0.0021164241
0.0024289395
0.0021164241
0.0021164241
0.0027414550
0.0021164241
0.0021164241
0.0018039086
0.0021164241
0.0018039086
0.0018039086
0.0021164241
0.0021164241
0.0014913932
0.0024289395
0.0018039086
0.0021164241
0.0021164241
0.0018039086
0.0021164241
0.0021164241
0.0014913932
0.0021164241
0.0018039086
0.0021164241
0.0021164241
0.0021164241
0.0021164241
0.0018039086
0.0021164241
0.0024289395
0.0018039086
0.0018039086
0.0018039086
0.0021164241
0.0018039086
0.0021164241
0.0021164241
0.0018039086
0.0014913932
0.0014913932
0.0021164241
0.0018039086
0.0021164241
0.0018039086
0.0021164241
0.0018039086
0.0014913932
0.0021164241
0.0021164241
0.0021164241
0.0018039086
0.0021164241
0.0018039086
0.0018039086
0.0021164241
0.0018039086
0.0018039086
0.0021164241
0.0021164241
0.0021164241
0.0021164241
0.0014913932
0.0021164241
0.0021164241
0.0021164241
0.0024289395
0.0021164241
0.0018039086
0.0018039086
0.0014913932
0.0021164241
0.0021164241
0.0021164241
0.0024289395
0.0021164241
0.0014913932
0.0018039086
0.0021164241
0.0021164241
0.0018039086
0.0024289395
0.0021164241
0.0024289395
0.0018039086
0.0021164241
0.0021164241
0.0024289395
0.0021164241
0.0021164241
0.0021164241
0.0021164241
0.0021164241
0.0024289395
0.0021164241
0.0021164241
0.0021164241
0.0021164241
0.0018039086
0.0021164241
0.0021164241
0.0021164241
0.0018039086
0.0018039086
0.0021164241
0.0024289395
0.0021164241
0.0021164241
0.0018039086
0.0021164241
0.0021164241
0.0024289395
0.0024289395
0.0021164241
0.0021164241
0.0024289395
0.0027414550
0.0021164241
0.0021164241
0.0021164241
0.0018039086
0.0021164241
0.0021164241
0.0021164241
0.0021164241
0.0021164241
0.0021164241
0.0021164241
0.0021164241
0.0021164241
0.0024289395
0.0021164241
0.0024289395
0.0021164241
0.0024289395
0.0021164241
0.0021164241
0.0021164241
0.0021164241
0.0021164241
0.0021164241
0.0021164241
0.0021164241
0.0024289395
0.0021164241
0.0021164241
0.0021164241
0.0021164241
0.0021164241
0.0021164241
0.0018039086
0.0021164241
0.0021164241
0.0021164241
0.0027414550
0.0021164241
0.0021164241
0.0021164241
0.0027414550
0.0021164241
0.0021164241
0.0024289395
0.0018039086
0.0021164241
0.0024289395
0.0021164241
0.0018039086
0.0021164241
0.0024289395
0.0024289395
0.0021164241
0.0024289395
0.0018039086
0.0021164241
0.0024289395
0.0021164241
0.0021164241
0.0021164241
0.0024289395
0.0024289395
0.0021164241
0.0024289395
0.0018039086
0.0027414550
0.0021164241
0.0021164241
0.0021164241
0.0018039086
0.0021164241
0.0014913932
0.0018039086
0.0021164241
0.0018039086
0.0021164241
0.0024289395
0.0018039086
0.0018039086
0.0021164241
0.0024289395
0.0024289395
0.0024289395
0.0021164241
0.0021164241
0.0024289395
0.0018039086
0.0024289395
0.0021164241
0.0024289395
0.0027414550
0.0021164241
0.0024289395
0.0024289395
0.0024289395
0.0024289395
0.0024289395
0.0024289395
0.0027414550
0.0024289395
0.0021164241
0.0021164241
0.0021164241
0.0018039086
0.0021164241
0.0024289395
0.0024289395
0.0021164241
0.0027414550
0.0024289395
0.0021164241
0.0024289395
0.0024289395
0.0021164241
0.0021164241
0.0024289395
0.0027414550
0.0024289395
0.0024289395
0.0021164241
0.0021164241
0.0021164241
0.0021164241
0.0024289395
0.0018039086
0.0021164241
0.0024289395
0.0021164241
0.0027414550
0.0021164241
0.0024289395
0.0024289395
0.0027414550
0.0021164241
0.0018039086
0.0024289395
0.0024289395
0.0027414550
0.0021164241
0.0024289395
0.0021164241
0.0024289395
0.0021164241
0.0024289395
0.0024289395
0.0021164241
0.0024289395
0.0021164241
0.0024289395
0.0024289395
0.0021164241
0.0024289395
0.0024289395
0.0021164241
0.0027414550
0.0021164241
0.0024289395
0.0021164241
0.0024289395
0.0024289395
0.0024289395
0.0027414550
0.0027414550
0.0027414550
0.0024289395
0.0024289395
0.0018039086
0.0027414550
0.0024289395
0.0024289395
0.0021164241
0.0021164241
0.0024289395
0.0021164241
0.0021164241
0.0027414550
0.0027414550
0.0024289395
0.0024289395
0.0024289395
0.0024289395
0.0024289395
0.0024289395
0.0024289395
0.0024289395
0.0024289395
0.0021164241
0.0027414550
0.0021164241
0.0027414550
0.0021164241
0.0027414550
0.0024289395
0.0021164241
0.0021164241
0.0024289395
0.0027414550
0.0024289395
0.0027414550
0.0024289395
0.0024289395
0.0027414550
0.0021164241
0.0024289395
0.0024289395
0.0021164241
0.0021164241
0.0018039086
0.0027414550
0.0024289395
0.0024289395
0.0027414550
0.0024289395
0.0024289395
0.0027414550
0.0021164241
0.0021164241
0.0027414550
0.0027414550
0.0021164241
0.0027414550
0.0024289395
0.0024289395
0.0021164241
0.0027414550
0.0021164241
0.0024289395
0.0021164241
0.0024289395
0.0024289395
0.0021164241
0.0024289395
0.0021164241
0.0027414550
0.0021164241
0.0021164241
0.0027414550
0.0027414550
0.0027414550
0.0024289395
0.0024289395
0.0027414550
0.0021164241
0.0024289395
0.0021164241
0.0021164241
0.0027414550
0.0024289395
0.0021164241
0.0024289395
0.0027414550
0.0021164241
0.0024289395
0.0024289395
0.0024289395
0.0024289395
0.0027414550
0.0024289395
0.0021164241
0.0027414550
0.0024289395
0.0021164241
0.0024289395
0.0021164241
0.0027414550
0.0021164241
0.0024289395
0.0021164241
0.0021164241
0.0024289395
0.0027414550
0.0027414550
0.0024289395
0.0024289395
0.0027414550
0.0021164241
0.0027414550
0.0024289395
0.0027414550
0.0024289395
0.0027414550
0.0024289395
0.0024289395
0.0024289395
0.0024289395
0.0024289395
0.0024289395
0.0027414550
0.0024289395
0.0021164241
0.0024289395
0.0027414550
0.0027414550
0.0024289395
0.0021164241
0.0027414550
0.0027414550
0.0024289395
0.0024289395
0.0024289395
0.0024289395
0.0027414550
0.0027414550
0.0024289395
0.0024289395
0.0021164241
0.0024289395
0.0021164241
0.0021164241
0.0024289395
0.0021164241
0.0027414550
0.0024289395
0.0024289395
0.0027414550
0.0024289395
0.0021164241
0.0021164241
0.0024289395
0.0024289395
0.0021164241
0.0027414550
0.0021164241
0.0021164241
0.0027414550
0.0021164241
0.0024289395
0.0027414550
0.0024289395
0.0027414550
0.0024289395
0.0027414550
0.0027414550
0.0027414550
0.0024289395
0.0024289395
0.0024289395
0.0024289395
0.0027414550
0.0024289395
0.0021164241
0.0027414550
0.0024289395
0.0021164241
0.0024289395
0.0027414550
0.0027414550
0.0021164241
0.0030539704
0.0024289395
0.0024289395
0.0024289395
0.0024289395
0.0027414550
0.0021164241
0.0024289395
0.0021164241
0.0027414550
0.0024289395
0.0024289395
0.0024289395
0.0024289395
0.0027414550
0.0024289395
0.0027414550
0.0027414550
0.0027414550
0.0027414550
0.0021164241
0.0027414550
0.0027414550
0.0024289395
0.0024289395
0.0027414550
0.0024289395
0.0027414550
0.0030539704
0.0027414550
0.0024289395
0.0024289395
0.0024289395
0.0024289395
0.0024289395
0.0021164241
0.0027414550
0.0030539704
0.0027414550
0.0024289395
0.0027414550
0.0027414550
0.0024289395
0.0027414550
0.0024289395
0.0027414550
0.0024289395
0.0024289395
0.0021164241
0.0027414550
0.0027414550
0.0027414550
0.0027414550
0.0030539704
0.0024289395
0.0024289395
0.0027414550
0.0024289395
0.0027414550
0.0021164241
0.0024289395
0.0024289395
0.0027414550
0.0024289395
0.0024289395
0.0027414550
0.0027414550
0.0030539704
0.0027414550
0.0027414550
0.0024289395
0.0027414550
0.0027414550
0.0027414550
0.0024289395
0.0027414550
0.0024289395
0.0024289395
0.0033664859
0.0021164241
0.0030539704
0.0024289395
0.0027414550
0.0024289395
0.0027414550
0.0024289395
0.0030539704
0.0024289395
0.0021164241
0.0024289395
0.0027414550
0.0027414550
0.0024289395
0.0024289395
0.0027414550
0.0027414550
0.0027414550
0.0027414550
0.0024289395
0.0024289395
0.0024289395
0.0027414550
0.0027414550
0.0021164241
0.0027414550
0.0024289395
0.0024289395
0.0024289395
0.0027414550
0.0027414550
0.0024289395
0.0027414550
0.0030539704
0.0024289395
0.0027414550
0.0027414550
0.0021164241
0.0027414550
0.0027414550
0.0024289395
0.0024289395
0.0024289395
0.0027414550
0.0024289395
0.0030539704
0.0024289395
0.0024289395
0.0027414550
0.0027414550
0.0024289395
0.0021164241
0.0030539704
0.0024289395
0.0027414550
0.0027414550
0.0027414550
0.0027414550
0.0027414550
0.0027414550
0.0024289395
0.0021164241
0.0024289395
0.0024289395
0.0030539704
0.0024289395
0.0024289395
0.0027414550
0.0024289395
0.0024289395
0.0024289395
0.0027414550
0.0024289395
0.0027414550
0.0024289395
0.0027414550
0.0024289395
0.0021164241
0.0027414550
0.0027414550
0.0030539704
0.0027414550
0.0027414550
0.0030539704
0.0027414550
0.0027414550
0.0027414550
0.0021164241
0.0024289395
0.0030539704
0.0024289395
0.0024289395
0.0027414550
0.0024289395
0.0027414550
0.0027414550
0.0027414550
0.0027414550
0.0024289395
0.0030539704
0.0027414550
0.0027414550
0.0027414550
0.0027414550
0.0030539704
0.0030539704
0.0030539704
0.0024289395
0.0027414550
0.0027414550
0.0027414550
0.0027414550
0.0027414550
0.0027414550
0.0024289395
0.0024289395
0.0027414550
0.0021164241
0.0027414550
0.0030539704
0.0024289395
0.0024289395
0.0030539704
0.0027414550
0.0027414550
0.0027414550
0.0030539704
0.0027414550
0.0024289395
0.0027414550
0.0030539704
0.0030539704
0.0021164241
0.0027414550
0.0027414550
0.0027414550
0.0021164241
0.0027414550
0.0027414550
0.0027414550
0.0027414550
0.0027414550
0.0030539704
0.0027414550
0.0021164241
0.0030539704
0.0024289395
0.0027414550
0.0024289395
0.0030539704
0.0027414550
0.0027414550
0.0027414550
0.0027414550
0.0024289395
0.0027414550
0.0021164241
0.0024289395
0.0027414550
0.0024289395
0.0030539704
0.0027414550
0.0027414550
0.0024289395
0.0024289395
0.0027414550
0.0030539704
0.0027414550
0.0027414550
0.0030539704
0.0024289395
0.0030539704
0.0030539704
0.0027414550
0.0027414550
0.0027414550
0.0024289395
0.0024289395
0.0024289395
0.0024289395
0.0024289395
0.0030539704
0.0024289395
0.0030539704
0.0027414550
0.0024289395
0.0024289395
0.0027414550
0.0033664859
0.0027414550
0.0024289395
0.0027414550
0.0027414550
0.0024289395
0.0027414550
0.0027414550
0.0024289395
0.0024289395
0.0024289395
0.0027414550
0.0027414550
0.0030539704
0.0027414550
0.0024289395
0.0024289395
0.0027414550
0.0024289395
0.0021164241
0.0030539704
0.0030539704
0.0027414550
0.0030539704
0.0030539704
0.0027414550
0.0027414550
0.0024289395
0.0027414550
0.0027414550
0.0027414550
0.0027414550
0.0027414550
0.0030539704
0.0024289395
0.0027414550
0.0030539704
0.0027414550
0.0030539704
0.0027414550
0.0030539704
0.0027414550
0.0033664859
0.0024289395
0.0030539704
0.0024289395
0.0030539704
0.0027414550
0.0030539704
0.0027414550
0.0030539704
0.0027414550
0.0024289395
0.0027414550
0.0021164241
0.0024289395
0.0027414550
0.0027414550
0.0027414550
0.0024289395
0.0030539704
0.0024289395
0.0030539704
0.0027414550
0.0027414550
0.0027414550
0.0027414550
0.0027414550
0.0027414550
0.0027414550
0.0027414550
0.0027414550
0.0030539704
0.0027414550
0.0030539704
0.0027414550
0.0027414550
0.0027414550
0.0024289395
0.0024289395
0.0027414550
0.0024289395
0.0030539704
0.0027414550
0.0027414550
0.0027414550
0.0027414550
0.0024289395
0.0024289395
0.0027414550
0.0027414550
0.0027414550
0.0027414550
0.0033664859
0.0027414550
0.0024289395
0.0024289395
0.0027414550
0.0030539704
0.0027414550
0.0024289395
0.0030539704
0.0024289395
0.0027414550
0.0027414550
0.0027414550
0.0027414550
0.0030539704
0.0027414550
0.0027414550
0.0027414550
0.0027414550
0.0027414550
0.0024289395
0.0027414550
0.0027414550
0.0027414550
0.0024289395
0.0030539704
0.0024289395
0.0024289395
0.0027414550
0.0027414550
0.0027414550
0.0027414550
0.0030539704
0.0030539704
0.0027414550
0.0027414550
0.0024289395
0.0027414550
0.0024289395
0.0027414550
0.0024289395
0.0030539704
0.0027414550
0.0030539704
0.0024289395
0.0030539704
0.0027414550
0.0027414550
0.0027414550
0.0027414550
0.0027414550
0.0027414550
0.0027414550
0.0030539704
0.0027414550
0.0030539704
0.0027414550
0.0024289395
0.0027414550
0.0030539704
0.0030539704
0.0027414550
0.0024289395
0.0027414550
0.0027414550
0.0024289395
0.0027414550
0.0027414550
0.0027414550
0.0030539704
0.0030539704
0.0027414550
0.0024289395
0.0027414550
0.0027414550
0.0030539704
0.0027414550
0.0024289395
0.0027414550
0.0027414550
0.0027414550
0.0027414550
0.0027414550
0.0027414550
0.0027414550
0.0027414550
0.0021164241
0.0024289395
0.0027414550
0.0030539704
0.0027414550
0.0030539704
0.0027414550
0.0027414550
0.0027414550
0.0030539704
0.0024289395
0.0027414550
0.0027414550
0.0027414550
0.0024289395
0.0027414550
0.0030539704
0.0030539704
0.0030539704
0.0030539704
0.0033664859
0.0027414550
0.0027414550
0.0027414550
0.0027414550
0.0027414550
0.0033664859
0.0027414550
0.0027414550
0.0024289395
0.0027414550
0.0030539704
0.0030539704
0.0027414550
0.0027414550
0.0021164241
0.0027414550
0.0027414550
0.0027414550
0.0027414550
0.0027414550
0.0027414550
0.0027414550
0.0024289395
0.0027414550
0.0024289395
0.0024289395
0.0027414550
0.0027414550
0.0024289395
0.0027414550
0.0030539704
0.0027414550
0.0027414550
0.0027414550
0.0027414550
0.0024289395
0.0027414550
0.0027414550
0.0027414550
0.0024289395
0.0024289395
0.0033664859
0.0027414550
0.0027414550
0.0027414550
0.0030539704
0.0030539704
0.0030539704
0.0027414550
0.0027414550
0.0027414550
0.0030539704
0.0027414550
0.0027414550
0.0027414550
0.0024289395
0.0033664859
0.0024289395
0.0027414550
0.0030539704
0.0027414550
0.0027414550
0.0027414550
0.0021164241
0.0027414550
0.0030539704
0.0024289395
0.0027414550
0.0027414550
0.0027414550
0.0030539704
0.0027414550
0.0027414550
0.0030539704
0.0027414550
0.0027414550
0.0030539704
0.0024289395
0.0027414550
0.0024289395
0.0030539704
0.0024289395
0.0030539704
0.0027414550
0.0027414550
0.0030539704
0.0027414550
0.0030539704
0.0027414550
0.0024289395
0.0027414550
0.0027414550
0.0024289395
0.0033664859
0.0030539704
0.0027414550
0.0030539704
0.0030539704
0.0033664859
0.0030539704
0.0027414550
0.0027414550
0.0030539704
0.0030539704
0.0027414550
0.0030539704
0.0030539704
0.0024289395
0.0027414550
0.0027414550
0.0027414550
0.0027414550
0.0021164241
0.0027414550
0.0030539704
0.0030539704
0.0030539704
0.0024289395
0.0027414550
0.0024289395
0.0030539704
0.0027414550
0.0027414550
0.0030539704
0.0030539704
0.0027414550
0.0033664859
0.0027414550
0.0030539704
0.0024289395
0.0027414550
0.0024289395
0.0027414550
0.0027414550
0.0027414550
0.0027414550
0.0021164241
0.0027414550
0.0024289395
0.0027414550
0.0024289395
0.0024289395
0.0027414550
0.0027414550
0.0027414550
0.0030539704
0.0027414550
0.0027414550
0.0027414550
0.0030539704
0.0027414550
0.0027414550
0.0027414550
0.0024289395
0.0027414550
0.0027414550
0.0027414550
0.0027414550
0.0027414550
0.0027414550
0.0033664859
0.0027414550
0.0024289395
0.0027414550
0.0027414550
0.0024289395
0.0033664859
0.0033664859
0.0027414550
0.0027414550
0.0033664859
0.0027414550
0.0027414550
0.0030539704
0.0027414550
0.0033664859
0.0030539704
0.0030539704
0.0027414550
0.0027414550
0.0030539704
0.0027414550
0.0027414550
0.0030539704
0.0030539704
0.0030539704
0.0030539704
0.0030539704
0.0027414550
0.0033664859
0.0027414550
0.0030539704
0.0027414550
0.0027414550
0.0024289395
0.0030539704
0.0030539704
0.0030539704
0.0027414550
0.0030539704
0.0030539704
0.0027414550
0.0033664859
0.0024289395
0.0027414550
0.0027414550
0.0024289395
0.0030539704
0.0027414550
0.0030539704
0.0027414550
0.0027414550
0.0027414550
0.0027414550
0.0027414550
0.0027414550
0.0027414550
0.0027414550
0.0030539704
0.0024289395
0.0030539704
0.0030539704
0.0027414550
0.0027414550
0.0027414550
0.0030539704
0.0027414550
0.0027414550
0.0027414550
0.0030539704
0.0027414550
0.0030539704
0.0024289395
0.0030539704
0.0027414550
0.0021164241
0.0030539704
0.0027414550
0.0027414550
0.0027414550
0.0027414550
0.0027414550
0.0027414550
0.0030539704
0.0030539704
0.0030539704
0.0030539704
0.0027414550
0.0027414550
0.0030539704
0.0027414550
0.0027414550
0.0030539704
0.0030539704
0.0030539704
0.0030539704
0.0030539704
0.0027414550
0.0027414550
0.0027414550
0.0027414550
0.0033664859
0.0027414550
0.0033664859
0.0027414550
0.0027414550
0.0027414550
0.0027414550
0.0027414550
0.0030539704
0.0027414550
0.0027414550
0.0030539704
0.0024289395
0.0030539704
0.0030539704
0.0030539704
0.0027414550
0.0033664859
0.0027414550
0.0033664859
0.0027414550
0.0033664859
0.0033664859
0.0027414550
0.0027414550
0.0027414550
0.0030539704
0.0027414550
0.0024289395
0.0027414550
0.0027414550
0.0027414550
0.0030539704
0.0027414550
0.0030539704
0.0027414550
0.0027414550
0.0027414550
0.0027414550
0.0027414550
0.0030539704
0.0027414550
0.0030539704
0.0027414550
0.0030539704
0.0027414550
0.0030539704
0.0027414550
0.0027414550
0.0033664859
0.0030539704
0.0027414550
0.0027414550
0.0027414550
0.0027414550
0.0030539704
0.0027414550
0.0030539704
0.0027414550
0.0027414550
0.0033664859
0.0030539704
0.0027414550
0.0027414550
0.0027414550
0.0027414550
0.0027414550
0.0030539704
0.0027414550
0.0027414550
0.0027414550
0.0027414550
0.0030539704
0.0027414550
0.0027414550
0.0027414550
0.0033664859
0.0030539704
0.0030539704
0.0030539704
0.0027414550
0.0027414550
0.0027414550
0.0030539704
0.0030539704
0.0027414550
0.0030539704
0.0027414550
0.0027414550
0.0030539704
0.0027414550
0.0027414550
0.0033664859
0.0027414550
0.0027414550
0.0030539704
0.0033664859
0.0033664859
0.0027414550
0.0030539704
0.0027414550
0.0027414550
0.0027414550
0.0027414550
0.0027414550
0.0030539704
0.0027414550
0.0027414550
0.0027414550
0.0030539704
0.0027414550
0.0027414550
0.0030539704
0.0024289395
0.0027414550
0.0030539704
0.0030539704
0.0030539704
0.0030539704
0.0033664859
0.0027414550
0.0030539704
0.0024289395
0.0027414550
0.0030539704
0.0027414550
0.0021164241
0.0027414550
0.0027414550
0.0027414550
0.0030539704
0.0027414550
0.0027414550
0.0027414550
0.0030539704
0.0027414550
0.0027414550
0.0027414550
0.0030539704
0.0027414550
0.0033664859
0.0027414550
0.0027414550
0.0027414550
0.0024289395
0.0027414550
0.0027414550
0.0027414550
0.0027414550
0.0027414550
0.0033664859
0.0027414550
0.0027414550
0.0027414550
0.0030539704
0.0027414550
0.0030539704
0.0030539704
0.0030539704
0.0030539704
0.0027414550
0.0027414550
0.0033664859
0.0030539704
0.0027414550
0.0033664859
0.0030539704
0.0027414550
0.0024289395
0.0027414550
0.0030539704
0.0030539704
0.0033664859
0.0030539704
0.0027414550
0.0024289395
0.0030539704
0.0033664859
0.0027414550
0.0030539704
0.0027414550
0.0027414550
0.0030539704
0.0027414550
0.0027414550
0.0027414550
0.0027414550
0.0027414550
0.0030539704
0.0027414550
0.0027414550
0.0033664859
0.0030539704
0.0027414550
0.0030539704
0.0027414550
0.0030539704
0.0027414550
0.0027414550
0.0030539704
0.0027414550
0.0027414550
0.0030539704
0.0027414550
0.0027414550
0.0030539704
0.0030539704
0.0027414550
0.0027414550
0.0027414550
0.0027414550
0.0030539704
0.0033664859
0.0027414550
0.0027414550
0.0027414550
0.0030539704
0.0030539704
0.0030539704
0.0027414550
0.0027414550
0.0027414550
0.0027414550
0.0030539704
0.0027414550
0.0030539704
0.0033664859
0.0033664859
0.0024289395
0.0027414550
0.0027414550
0.0027414550
0.0027414550
0.0024289395
0.0030539704
0.0027414550
0.0027414550
0.0027414550
0.0027414550
0.0027414550
0.0027414550
0.0030539704
0.0027414550
0.0024289395
0.0027414550
0.0027414550
0.0030539704
0.0027414550
0.0027414550
0.0021164241
0.0030539704
0.0027414550
0.0024289395
0.0024289395
0.0027414550
0.0030539704
0.0027414550
0.0024289395
0.0027414550
0.0027414550
0.0027414550
0.0027414550
0.0027414550
0.0027414550
0.0027414550
0.0030539704
0.0030539704
0.0024289395
0.0027414550
0.0027414550
0.0024289395
0.0033664859
0.0024289395
0.0027414550
0.0027414550
0.0027414550
0.0030539704
0.0027414550
0.0024289395
0.0030539704
0.0027414550
0.0030539704
0.0027414550
0.0027414550
0.0027414550
0.0027414550
0.0030539704
0.0030539704
0.0027414550
0.0027414550
0.0027414550
0.0027414550
0.0027414550
0.0027414550
0.0027414550
0.0030539704
0.0030539704
0.0030539704
0.0024289395
0.0030539704
0.0030539704
0.0027414550
0.0030539704
0.0027414550
0.0027414550
0.0030539704
0.0024289395
0.0027414550
0.0021164241
0.0027414550
0.0024289395
0.0030539704
0.0027414550
0.0027414550
0.0027414550
0.0033664859
0.0027414550
0.0024289395
0.0024289395
0.0024289395
0.0030539704
0.0024289395
0.0027414550
0.0033664859
0.0027414550
0.0027414550
0.0027414550
0.0027414550
0.0027414550
0.0027414550
0.0027414550
0.0033664859
0.0027414550
0.0030539704
0.0027414550
0.0030539704
0.0033664859
0.0027414550
0.0030539704
0.0030539704
0.0030539704
0.0030539704
0.0027414550
0.0024289395
0.0030539704
0.0024289395
0.0027414550
0.0024289395
0.0024289395
0.0030539704
0.0027414550
0.0030539704
0.0030539704
0.0027414550
0.0027414550
0.0027414550
0.0030539704
0.0027414550
0.0027414550
0.0027414550
0.0024289395
0.0027414550
0.0027414550
0.0030539704
0.0024289395
0.0027414550
0.0030539704
0.0027414550
0.0024289395
0.0030539704
0.0030539704
0.0027414550
0.0024289395
0.0027414550
0.0027414550
0.0027414550
0.0030539704
0.0027414550
0.0024289395
0.0027414550
0.0027414550
0.0027414550
0.0027414550
0.0030539704
0.0027414550
0.0030539704
0.0027414550
0.0024289395
0.0030539704
0.0027414550
0.0030539704
0.0030539704
0.0027414550
0.0027414550
0.0027414550
0.0027414550
0.0024289395
0.0024289395
0.0033664859
0.0030539704
0.0027414550
0.0027414550
0.0030539704
0.0033664859
0.0033664859
0.0027414550
0.0027414550
0.0027414550
0.0027414550
0.0027414550
0.0027414550
0.0027414550
0.0033664859
0.0027414550
0.0027414550
0.0024289395
0.0027414550
0.0024289395
0.0030539704
0.0027414550
0.0027414550
0.0027414550
0.0030539704
0.0030539704
0.0030539704
0.0027414550
0.0027414550
0.0030539704
0.0024289395
0.0027414550
0.0024289395
0.0030539704
0.0024289395
0.0030539704
0.0024289395
0.0027414550
0.0024289395
0.0033664859
0.0027414550
0.0030539704
0.0030539704
0.0027414550
0.0027414550
0.0027414550
0.0030539704
0.0030539704
0.0030539704
0.0027414550
0.0021164241
0.0027414550
0.0027414550
0.0033664859
0.0027414550
0.0027414550
0.0030539704
0.0030539704
0.0027414550
0.0024289395
0.0030539704
0.0027414550
0.0027414550
0.0033664859
0.0021164241
0.0027414550
0.0030539704
0.0027414550
0.0030539704
0.0027414550
0.0027414550
0.0027414550
0.0030539704
0.0027414550
0.0027414550
0.0030539704
0.0030539704
0.0027414550
0.0030539704
0.0027414550
0.0030539704
0.0027414550
0.0027414550
0.0033664859
0.0030539704
0.0030539704
0.0030539704
0.0027414550
0.0027414550
0.0027414550
0.0027414550
0.0027414550
0.0030539704
0.0030539704
0.0024289395
0.0027414550
0.0027414550
0.0027414550
0.0030539704
0.0027414550
0.0027414550
0.0024289395
0.0027414550
0.0030539704
0.0030539704
0.0030539704
0.0027414550
0.0030539704
0.0027414550
0.0030539704
0.0027414550
0.0024289395
0.0030539704
0.0027414550
0.0027414550
0.0030539704
0.0033664859
0.0033664859
0.0030539704
0.0027414550
0.0027414550
0.0027414550
0.0024289395
0.0024289395
0.0027414550
0.0033664859
0.0027414550
0.0027414550
0.0024289395
0.0027414550
0.0027414550
0.0027414550
0.0027414550
0.0024289395
0.0033664859
0.0027414550
0.0024289395
0.0030539704
0.0030539704
0.0024289395
0.0030539704
0.0030539704
0.0024289395
0.0030539704
0.0027414550
0.0030539704
0.0027414550
0.0030539704
0.0030539704
0.0030539704
0.0033664859
0.0027414550
0.0030539704
0.0024289395
0.0030539704
0.0024289395
0.0027414550
0.0027414550
0.0024289395
0.0024289395
0.0027414550
0.0027414550
0.0027414550
0.0027414550
0.0027414550
0.0027414550
0.0027414550
0.0024289395
0.0024289395
0.0027414550
0.0027414550
0.0024289395
0.0027414550
0.0030539704
0.0027414550
0.0027414550
0.0033664859
0.0027414550
0.0027414550
0.0027414550
0.0030539704
0.0027414550
0.0027414550
0.0027414550
0.0024289395
0.0027414550
0.0027414550
0.0027414550
0.0030539704
0.0024289395
0.0027414550
0.0027414550
0.0027414550
0.0024289395
0.0027414550
0.0030539704
0.0027414550
0.0024289395
0.0027414550
0.0027414550
0.0024289395
0.0027414550
0.0033664859
0.0030539704
0.0027414550
0.0030539704
0.0027414550
0.0027414550
0.0027414550
0.0027414550
0.0027414550
0.0027414550
0.0030539704
0.0024289395
0.0027414550
0.0024289395
0.0027414550
0.0027414550
0.0027414550
0.0024289395
0.0027414550
0.0027414550
0.0033664859
0.0027414550
0.0033664859
0.0027414550
0.0027414550
0.0030539704
0.0030539704
0.0024289395
0.0030539704
0.0027414550
0.0024289395
0.0027414550
0.0027414550
0.0027414550
0.0030539704
0.0027414550
0.0033664859
0.0027414550
0.0030539704
0.0027414550
0.0030539704
0.0030539704
0.0027414550
0.0027414550
0.0030539704
0.0021164241
0.0024289395
0.0024289395
0.0030539704
0.0030539704
0.0027414550
0.0030539704
0.0024289395
0.0027414550
0.0027414550
0.0027414550
0.0027414550
0.0024289395
0.0027414550
0.0027414550
0.0027414550
0.0027414550
0.0027414550
0.0030539704
0.0027414550
0.0024289395
0.0027414550
0.0030539704
0.0027414550
0.0033664859
0.0027414550
0.0030539704
0.0030539704
0.0027414550
0.0027414550
0.0027414550
0.0030539704
0.0024289395
0.0027414550
0.0030539704
0.0024289395
0.0027414550
0.0030539704
0.0033664859
0.0024289395
0.0027414550
0.0027414550
0.0027414550
0.0027414550
0.0027414550
0.0024289395
0.0027414550
0.0024289395
0.0027414550
0.0027414550
0.0030539704
0.0027414550
0.0027414550
0.0027414550
0.0027414550
0.0033664859
0.0027414550
0.0030539704
0.0033664859
0.0033664859
0.0027414550
0.0027414550
0.0027414550
0.0027414550
0.0027414550
0.0030539704
0.0027414550
0.0027414550
0.0030539704
0.0027414550
0.0030539704
0.0027414550
0.0027414550
0.0027414550
0.0027414550
0.0027414550
0.0030539704
0.0030539704
0.0030539704
0.0027414550
0.0030539704
0.0030539704
0.0027414550
0.0027414550
0.0030539704
0.0027414550
0.0030539704
0.0030539704
0.0027414550
0.0027414550
0.0030539704
0.0027414550
0.0027414550
0.0024289395
0.0024289395
0.0027414550
0.0033664859
0.0027414550
0.0030539704
0.0027414550
0.0030539704
0.0027414550
0.0027414550
0.0027414550
0.0030539704
0.0027414550
0.0027414550
0.0027414550
0.0027414550
0.0027414550
0.0021164241
0.0027414550
0.0027414550
0.0027414550
0.0024289395
0.0030539704
0.0027414550
0.0027414550
0.0027414550
0.0024289395
0.0027414550
0.0027414550
0.0027414550
0.0024289395
0.0030539704
0.0027414550
0.0027414550
0.0027414550
0.0027414550
0.0027414550
0.0027414550
0.0027414550
0.0030539704
0.0030539704
0.0030539704
0.0027414550
0.0027414550
0.0030539704
0.0030539704
0.0024289395
0.0027414550
0.0027414550
0.0027414550
0.0027414550
0.0027414550
0.0024289395
0.0024289395
0.0027414550
0.0033664859
0.0030539704
0.0027414550
0.0027414550
0.0027414550
0.0027414550
0.0027414550
0.0027414550
0.0030539704
0.0027414550
0.0030539704
0.0024289395
0.0027414550
0.0033664859
0.0030539704
0.0024289395
0.0030539704
0.0027414550
0.0030539704
0.0024289395
0.0021164241
0.0030539704
0.0033664859
0.0030539704
0.0027414550
0.0024289395
0.0024289395
0.0027414550
0.0024289395
0.0030539704
0.0024289395
0.0027414550
0.0030539704
0.0024289395
0.0030539704
0.0027414550
0.0030539704
0.0030539704
0.0030539704
0.0024289395
0.0030539704
0.0027414550
0.0027414550
0.0030539704
0.0027414550
0.0027414550
0.0027414550
0.0027414550
0.0030539704
0.0027414550
0.0030539704
0.0027414550
0.0030539704
0.0027414550
0.0030539704
0.0030539704
0.0027414550
0.0027414550
0.0027414550
0.0030539704
0.0027414550
0.0027414550
0.0030539704
0.0033664859
0.0027414550
0.0027414550
0.0024289395
0.0024289395
0.0024289395
0.0027414550
0.0024289395
0.0027414550
0.0027414550
0.0030539704
0.0030539704
0.0030539704
0.0027414550
0.0024289395
0.0024289395
0.0027414550
0.0030539704
0.0030539704
0.0027414550
0.0030539704
0.0033664859
0.0027414550
0.0021164241
0.0027414550
0.0021164241
0.0024289395
0.0027414550
0.0027414550
0.0030539704
0.0027414550
0.0030539704
0.0027414550
0.0024289395
0.0024289395
0.0027414550
0.0027414550
0.0030539704
0.0030539704
0.0024289395
0.0027414550
0.0027414550
0.0027414550
0.0030539704
0.0027414550
0.0033664859
0.0027414550
0.0027414550
0.0030539704
0.0033664859
0.0024289395
0.0021164241
0.0027414550
0.0024289395
0.0030539704
0.0024289395
0.0027414550
0.0027414550
0.0027414550
0.0027414550
0.0024289395
0.0027414550
0.0024289395
0.0030539704
0.0027414550
0.0027414550
0.0027414550
0.0024289395
0.0030539704
0.0027414550
0.0024289395
0.0030539704
0.0027414550
0.0030539704
0.0027414550
0.0027414550
0.0027414550
0.0030539704
0.0027414550
0.0030539704
0.0024289395
0.0024289395
0.0021164241
0.0027414550
0.0027414550
0.0030539704
0.0030539704
0.0030539704
0.0027414550
0.0030539704
0.0030539704
0.0024289395
0.0027414550
0.0030539704
0.0030539704
0.0030539704
0.0027414550
0.0021164241
0.0027414550
0.0027414550
0.0027414550
0.0033664859
0.0027414550
0.0024289395
0.0027414550
0.0021164241
0.0024289395
0.0027414550
0.0027414550
0.0030539704
0.0027414550
0.0030539704
0.0027414550
0.0027414550
0.0024289395
0.0024289395
0.0033664859
0.0024289395
0.0030539704
0.0024289395
0.0027414550
0.0027414550
0.0024289395
0.0027414550
0.0024289395
0.0024289395
0.0030539704
0.0027414550
0.0027414550
0.0027414550
0.0027414550
0.0027414550
0.0027414550
0.0027414550
0.0027414550
0.0030539704
0.0027414550
0.0027414550
0.0027414550
0.0030539704
0.0027414550
0.0027414550
0.0027414550
0.0024289395
0.0030539704
0.0027414550
0.0030539704
0.0030539704
0.0027414550
0.0027414550
0.0024289395
0.0027414550
0.0024289395
0.0021164241
0.0027414550
0.0027414550
0.0027414550
0.0030539704
0.0027414550
0.0024289395
0.0027414550
0.0027414550
0.0030539704
0.0024289395
0.0027414550
0.0030539704
0.0024289395
0.0024289395
0.0027414550
0.0021164241
0.0033664859
0.0027414550
0.0030539704
0.0024289395
0.0027414550
0.0027414550
0.0027414550
0.0027414550
0.0024289395
0.0027414550
0.0024289395
0.0033664859
0.0030539704
0.0027414550
0.0024289395
0.0024289395
0.0027414550
0.0027414550
0.0027414550
0.0024289395
0.0027414550
0.0027414550
0.0030539704
0.0027414550
0.0024289395
0.0027414550
0.0027414550
0.0024289395
0.0030539704
0.0024289395
0.0027414550
0.0027414550
0.0024289395
0.0027414550
0.0030539704
0.0030539704
0.0027414550
0.0024289395
0.0027414550
0.0024289395
0.0030539704
0.0024289395
0.0027414550
0.0027414550
0.0027414550
0.0027414550
0.0030539704
0.0027414550
0.0024289395
0.0027414550
0.0030539704
0.0024289395
0.0024289395
0.0024289395
0.0027414550
0.0027414550
0.0024289395
0.0027414550
0.0027414550
0.0024289395
0.0030539704
0.0027414550
0.0024289395
0.0027414550
0.0024289395
0.0033664859
0.0027414550
0.0030539704
0.0027414550
0.0027414550
0.0027414550
0.0030539704
0.0024289395
0.0027414550
0.0027414550
0.0027414550
0.0027414550
0.0027414550
0.0024289395
0.0027414550
0.0024289395
0.0027414550
0.0027414550
0.0027414550
0.0027414550
0.0030539704
0.0027414550
0.0027414550
0.0027414550
0.0027414550
0.0030539704
0.0024289395
0.0027414550
0.0024289395
0.0030539704
0.0024289395
0.0024289395
0.0027414550
0.0027414550
0.0027414550
0.0024289395
0.0027414550
0.0021164241
0.0027414550
0.0027414550
0.0030539704
0.0027414550
0.0030539704
0.0027414550
0.0027414550
0.0027414550
0.0030539704
0.0027414550
0.0027414550
0.0030539704
0.0027414550
0.0027414550
0.0024289395
0.0024289395
0.0027414550
0.0027414550
0.0027414550
0.0027414550
0.0027414550
0.0027414550
0.0030539704
0.0027414550
0.0021164241
0.0024289395
0.0027414550
0.0027414550
0.0030539704
0.0024289395
0.0030539704
0.0027414550
0.0024289395
0.0027414550
0.0024289395
0.0030539704
0.0027414550
0.0030539704
0.0024289395
0.0027414550
0.0027414550
0.0030539704
0.0030539704
0.0024289395
0.0027414550
0.0027414550
0.0024289395
0.0027414550
0.0027414550
0.0030539704
0.0027414550
0.0027414550
0.0027414550
0.0027414550
0.0027414550
0.0030539704
0.0030539704
0.0027414550
0.0024289395
0.0027414550
0.0024289395
0.0024289395
0.0021164241
0.0027414550
0.0030539704
0.0024289395
0.0027414550
0.0030539704
0.0027414550
0.0027414550
0.0027414550
0.0027414550
0.0030539704
0.0027414550
0.0030539704
0.0027414550
0.0027414550
0.0024289395
0.0024289395
0.0024289395
0.0030539704
0.0024289395
0.0030539704
0.0024289395
0.0033664859
0.0030539704
0.0024289395
0.0027414550
0.0027414550
0.0024289395
0.0027414550
0.0030539704
0.0033664859
0.0024289395
0.0024289395
0.0021164241
0.0030539704
0.0027414550
0.0027414550
0.0024289395
0.0027414550
0.0027414550
0.0024289395
0.0027414550
0.0027414550
0.0027414550
0.0027414550
0.0024289395
0.0027414550
0.0024289395
0.0027414550
0.0024289395
0.0024289395
0.0030539704
0.0027414550
0.0021164241
0.0027414550
0.0027414550
0.0027414550
0.0027414550
0.0027414550
0.0030539704
0.0027414550
0.0024289395
0.0030539704
0.0027414550
0.0027414550
0.0024289395
0.0024289395
0.0027414550
0.0024289395
0.0030539704
0.0027414550
0.0030539704
0.0024289395
0.0027414550
0.0024289395
0.0027414550
0.0027414550
0.0027414550
0.0027414550
0.0024289395
0.0027414550
0.0024289395
0.0027414550
0.0024289395
0.0030539704
0.0030539704
0.0024289395
0.0027414550
0.0030539704
0.0027414550
0.0030539704
0.0027414550
0.0024289395
0.0024289395
0.0027414550
0.0027414550
0.0030539704
0.0027414550
0.0027414550
0.0027414550
0.0024289395
0.0027414550
0.0024289395
0.0027414550
0.0027414550
0.0024289395
0.0027414550
0.0030539704
0.0027414550
0.0027414550
0.0024289395
0.0030539704
0.0027414550
0.0021164241
0.0027414550
0.0027414550
0.0027414550
0.0027414550
0.0030539704
0.0027414550
0.0027414550
0.0030539704
0.0027414550
0.0027414550
0.0027414550
0.0027414550
0.0027414550
0.0024289395
0.0027414550
0.0027414550
0.0027414550
0.0030539704
0.0024289395
0.0027414550
0.0030539704
0.0027414550
0.0027414550
0.0027414550
0.0027414550
0.0027414550
0.0027414550
0.0030539704
0.0033664859
0.0030539704
0.0024289395
0.0024289395
0.0027414550
0.0027414550
0.0027414550
0.0027414550
0.0027414550
0.0024289395
0.0024289395
0.0030539704
0.0030539704
0.0021164241
0.0027414550
0.0030539704
0.0024289395
0.0024289395
0.0024289395
0.0030539704
0.0024289395
0.0024289395
0.0030539704
0.0027414550
0.0024289395
0.0027414550
0.0027414550
0.0027414550
0.0030539704
0.0027414550
0.0027414550
0.0027414550
0.0024289395
0.0027414550
0.0027414550
0.0027414550
0.0024289395
0.0021164241
0.0027414550
0.0027414550
0.0027414550
0.0027414550
0.0027414550
0.0027414550
0.0027414550
0.0024289395
0.0024289395
0.0030539704
0.0030539704
0.0024289395
0.0033664859
0.0027414550
0.0027414550
0.0024289395
0.0027414550
0.0024289395
0.0027414550
0.0027414550
0.0024289395
0.0027414550
0.0021164241
0.0027414550
0.0024289395
0.0027414550
0.0027414550
0.0027414550
0.0024289395
0.0024289395
0.0030539704
0.0027414550
0.0024289395
0.0030539704
0.0027414550
0.0027414550
0.0027414550
0.0027414550
0.0030539704
0.0027414550
0.0027414550
0.0024289395
0.0030539704
0.0027414550
0.0024289395
0.0030539704
0.0027414550
0.0027414550
0.0024289395
0.0030539704
0.0024289395
0.0027414550
0.0027414550
0.0027414550
0.0027414550
0.0030539704
0.0030539704
0.0024289395
0.0027414550
0.0024289395
0.0030539704
0.0027414550
0.0024289395
0.0030539704
0.0027414550
0.0027414550
0.0027414550
0.0024289395
0.0027414550
0.0027414550
0.0030539704
0.0024289395
0.0027414550
0.0027414550
0.0027414550
0.0027414550
0.0024289395
0.0027414550
0.0027414550
0.0024289395
0.0027414550
0.0024289395
0.0030539704
0.0027414550
0.0021164241
0.0027414550
0.0027414550
0.0024289395
0.0027414550
0.0024289395
0.0024289395
0.0027414550
0.0027414550
0.0024289395
0.0027414550
0.0030539704
0.0024289395
0.0030539704
0.0027414550
0.0024289395
0.0024289395
0.0027414550
0.0021164241
0.0027414550
0.0027414550
0.0027414550
0.0030539704
0.0027414550
0.0024289395
0.0021164241
0.0027414550
0.0027414550
0.0030539704
0.0027414550
0.0027414550
0.0024289395
0.0030539704
0.0027414550
0.0027414550
0.0024289395
0.0027414550
0.0024289395
0.0024289395
0.0024289395
0.0027414550
0.0027414550
0.0027414550
0.0024289395
0.0024289395
0.0027414550
0.0030539704
0.0027414550
0.0027414550
0.0024289395
0.0024289395
0.0027414550
0.0030539704
0.0024289395
0.0027414550
0.0027414550
0.0027414550
0.0027414550
0.0024289395
0.0027414550
0.0024289395
0.0024289395
0.0027414550
0.0027414550
0.0027414550
0.0027414550
0.0027414550
0.0024289395
0.0027414550
0.0024289395
0.0027414550
0.0027414550
0.0027414550
0.0024289395
0.0024289395
0.0024289395
0.0027414550
0.0024289395
0.0030539704
0.0027414550
0.0027414550
0.0024289395
0.0027414550
0.0021164241
0.0024289395
0.0024289395
0.0027414550
0.0024289395
0.0024289395
0.0021164241
0.0021164241
0.0024289395
0.0027414550
0.0027414550
0.0033664859
0.0027414550
0.0027414550
0.0027414550
0.0024289395
0.0027414550
0.0021164241
0.0027414550
0.0027414550
0.0024289395
0.0027414550
0.0024289395
0.0024289395
0.0027414550
0.0021164241
0.0024289395
0.0024289395
0.0024289395
0.0027414550
0.0030539704
0.0027414550
0.0024289395
0.0027414550
0.0027414550
0.0027414550
0.0024289395
0.0030539704
0.0024289395
0.0027414550
0.0027414550
0.0027414550
0.0027414550
0.0027414550
0.0024289395
0.0027414550
0.0027414550
0.0030539704
0.0024289395
0.0027414550
0.0024289395
0.0024289395
0.0024289395
0.0027414550
0.0027414550
0.0024289395
0.0027414550
0.0021164241
0.0030539704
0.0027414550
0.0027414550
0.0027414550
0.0027414550
0.0024289395
0.0027414550
0.0027414550
0.0027414550
0.0024289395
0.0021164241
0.0021164241
0.0024289395
0.0027414550
0.0027414550
0.0030539704
0.0027414550
0.0021164241
0.0033664859
0.0024289395
0.0027414550
0.0027414550
0.0024289395
0.0027414550
0.0027414550
0.0027414550
0.0027414550
0.0024289395
0.0030539704
0.0030539704
0.0024289395
0.0027414550
0.0024289395
0.0027414550
0.0024289395
0.0027414550
0.0027414550
0.0027414550
0.0027414550
0.0024289395
0.0024289395
0.0027414550
0.0021164241
0.0027414550
0.0024289395
0.0024289395
0.0030539704
0.0030539704
0.0024289395
0.0024289395
0.0024289395
0.0027414550
0.0027414550
0.0030539704
0.0027414550
0.0027414550
0.0027414550
0.0024289395
0.0024289395
0.0027414550
0.0027414550
0.0024289395
0.0027414550
0.0030539704
0.0027414550
0.0024289395
0.0027414550
0.0024289395
0.0027414550
0.0027414550
0.0021164241
0.0027414550
0.0024289395
0.0024289395
0.0027414550
0.0027414550
0.0024289395
0.0024289395
0.0024289395
0.0024289395
0.0024289395
0.0027414550
0.0030539704
0.0030539704
0.0027414550
0.0033664859
0.0027414550
0.0027414550
0.0027414550
0.0021164241
0.0024289395
0.0024289395
0.0024289395
0.0027414550
0.0024289395
0.0027414550
0.0027414550
0.0024289395
0.0027414550
0.0027414550
0.0027414550
0.0024289395
0.0024289395
0.0024289395
0.0027414550
0.0027414550
0.0027414550
0.0027414550
0.0027414550
0.0027414550
0.0027414550
0.0027414550
0.0027414550
0.0030539704
0.0027414550
0.0027414550
0.0030539704
0.0024289395
0.0027414550
0.0024289395
0.0024289395
0.0024289395
0.0024289395
0.0027414550
0.0030539704
0.0024289395
0.0030539704
0.0030539704
0.0027414550
0.0024289395
0.0024289395
0.0024289395
0.0024289395
0.0027414550
0.0024289395
0.0024289395
0.0018039086
0.0027414550
0.0027414550
0.0027414550
0.0024289395
0.0027414550
0.0027414550
0.0030539704
0.0027414550
0.0027414550
0.0027414550
0.0027414550
0.0027414550
0.0024289395
0.0027414550
0.0027414550
0.0030539704
0.0027414550
0.0021164241
0.0021164241
0.0024289395
0.0024289395
0.0027414550
0.0027414550
0.0024289395
0.0024289395
0.0030539704
0.0021164241
0.0024289395
0.0027414550
0.0027414550
0.0024289395
0.0027414550
0.0024289395
0.0027414550
0.0024289395
0.0027414550
0.0024289395
0.0024289395
0.0033664859
0.0027414550
0.0030539704
0.0027414550
0.0024289395
0.0027414550
0.0024289395
0.0024289395
0.0027414550
0.0027414550
0.0021164241
0.0021164241
0.0027414550
0.0027414550
0.0027414550
0.0027414550
0.0027414550
0.0024289395
0.0027414550
0.0027414550
0.0024289395
0.0024289395
0.0024289395
0.0024289395
0.0024289395
0.0027414550
0.0024289395
0.0027414550
0.0024289395
0.0027414550
0.0024289395
0.0027414550
0.0027414550
0.0027414550
0.0024289395
0.0024289395
0.0027414550
0.0027414550
0.0027414550
0.0024289395
0.0027414550
0.0027414550
0.0027414550
0.0027414550
0.0024289395
0.0027414550
0.0027414550
0.0027414550
0.0027414550
0.0024289395
0.0027414550
0.0024289395
0.0024289395
0.0027414550
0.0027414550
0.0027414550
0.0021164241
0.0027414550
0.0030539704
0.0024289395
0.0030539704
0.0027414550
0.0027414550
0.0024289395
0.0027414550
0.0024289395
0.0027414550
0.0024289395
0.0027414550
0.0024289395
0.0021164241
0.0027414550
0.0027414550
0.0021164241
0.0027414550
0.0027414550
0.0024289395
0.0024289395
0.0024289395
0.0027414550
0.0027414550
0.0024289395
0.0024289395
0.0027414550
0.0027414550
0.0024289395
0.0027414550
0.0027414550
0.0021164241
0.0024289395
0.0030539704
0.0030539704
0.0024289395
0.0030539704
0.0027414550
0.0027414550
0.0024289395
0.0024289395
0.0024289395
0.0024289395
0.0024289395
0.0024289395
0.0027414550
0.0021164241
0.0030539704
0.0024289395
0.0027414550
0.0030539704
0.0024289395
0.0027414550
0.0027414550
0.0027414550
0.0021164241
0.0024289395
0.0027414550
0.0027414550
0.0024289395
0.0027414550
0.0030539704
0.0027414550
0.0024289395
0.0027414550
0.0024289395
0.0027414550
0.0027414550
0.0024289395
0.0027414550
0.0021164241
0.0024289395
0.0027414550
0.0027414550
0.0024289395
0.0024289395
0.0027414550
0.0024289395
0.0027414550
0.0027414550
0.0024289395
0.0033664859
0.0024289395
0.0027414550
0.0027414550
0.0021164241
0.0024289395
0.0027414550
0.0027414550
0.0030539704
0.0024289395
0.0024289395
0.0024289395
0.0024289395
0.0024289395
0.0024289395
0.0024289395
0.0024289395
0.0027414550
0.0027414550
0.0024289395
0.0024289395
0.0024289395
0.0027414550
0.0024289395
0.0024289395
0.0027414550
0.0027414550
0.0024289395
0.0024289395
0.0024289395
0.0024289395
0.0024289395
0.0027414550
0.0027414550
0.0024289395
0.0024289395
0.0024289395
0.0027414550
0.0024289395
0.0027414550
0.0027414550
0.0027414550
0.0024289395
0.0027414550
0.0030539704
0.0024289395
0.0024289395
0.0024289395
0.0024289395
0.0027414550
0.0030539704
0.0024289395
0.0027414550
0.0027414550
0.0024289395
0.0027414550
0.0024289395
0.0024289395
0.0024289395
0.0030539704
0.0024289395
0.0024289395
0.0024289395
0.0027414550
0.0021164241
0.0024289395
0.0024289395
0.0027414550
0.0024289395
0.0027414550
0.0027414550
0.0027414550
0.0024289395
0.0024289395
0.0024289395
0.0027414550
0.0024289395
0.0024289395
0.0027414550
0.0024289395
0.0024289395
0.0027414550
0.0027414550
0.0027414550
0.0021164241
0.0027414550
0.0027414550
0.0027414550
0.0027414550
0.0024289395
0.0024289395
0.0027414550
0.0027414550
0.0027414550
0.0021164241
0.0024289395
0.0021164241
0.0024289395
0.0024289395
0.0027414550
0.0024289395
0.0024289395
0.0024289395
0.0027414550
0.0030539704
0.0024289395
0.0024289395
0.0024289395
0.0024289395
0.0024289395
0.0024289395
0.0024289395
0.0024289395
0.0024289395
0.0027414550
0.0024289395
0.0027414550
0.0024289395
0.0027414550
0.0024289395
0.0024289395
0.0024289395
0.0027414550
0.0027414550
0.0021164241
0.0024289395
0.0024289395
0.0024289395
0.0027414550
0.0024289395
0.0027414550
0.0024289395
0.0027414550
0.0027414550
0.0024289395
0.0024289395
0.0027414550
0.0024289395
0.0024289395
0.0027414550
0.0024289395
0.0024289395
0.0024289395
0.0024289395
0.0024289395
0.0024289395
0.0027414550
0.0021164241
0.0027414550
0.0024289395
0.0030539704
0.0027414550
0.0024289395
0.0030539704
0.0024289395
0.0027414550
0.0027414550
0.0024289395
0.0027414550
0.0024289395
0.0024289395
0.0024289395
0.0024289395
0.0024289395
0.0024289395
0.0024289395
0.0021164241
0.0027414550
0.0030539704
0.0027414550
0.0027414550
0.0027414550
0.0027414550
0.0027414550
0.0027414550
0.0024289395
0.0027414550
0.0027414550
0.0027414550
0.0024289395
0.0030539704
0.0027414550
0.0027414550
0.0027414550
0.0027414550
0.0021164241
0.0027414550
0.0024289395
0.0027414550
0.0021164241
0.0030539704
0.0024289395
0.0027414550
0.0024289395
0.0021164241
0.0027414550
0.0024289395
0.0027414550
0.0024289395
0.0024289395
0.0024289395
0.0021164241
0.0024289395
0.0024289395
0.0027414550
0.0027414550
0.0027414550
0.0024289395
0.0024289395
0.0027414550
0.0027414550
0.0024289395
0.0024289395
0.0027414550
0.0033664859
0.0024289395
0.0027414550
0.0021164241
0.0027414550
0.0024289395
0.0021164241
0.0027414550
0.0027414550
0.0024289395
0.0024289395
0.0027414550
0.0024289395
0.0027414550
0.0027414550
0.0027414550
0.0024289395
0.0024289395
0.0027414550
0.0027414550
0.0027414550
0.0033664859
0.0024289395
0.0024289395
0.0024289395
0.0024289395
0.0024289395
0.0027414550
0.0024289395
0.0027414550
0.0024289395
0.0027414550
0.0027414550
0.0024289395
0.0027414550
0.0027414550
0.0024289395
0.0027414550
0.0024289395
0.0024289395
0.0024289395
0.0027414550
0.0024289395
0.0027414550
0.0027414550
0.0030539704
0.0027414550
0.0024289395
0.0024289395
0.0027414550
0.0021164241
0.0027414550
0.0027414550
0.0024289395
0.0027414550
0.0021164241
0.0027414550
0.0027414550
0.0027414550
0.0027414550
0.0024289395
0.0024289395
0.0030539704
0.0027414550
0.0027414550
0.0024289395
0.0024289395
0.0027414550
0.0024289395
0.0027414550
0.0024289395
0.0024289395
0.0024289395
0.0027414550
0.0024289395
0.0027414550
0.0024289395
0.0027414550
0.0030539704
0.0024289395
0.0024289395
0.0027414550
0.0027414550
0.0024289395
0.0024289395
0.0027414550
0.0024289395
0.0024289395
0.0024289395
0.0024289395
0.0024289395
0.0027414550
0.0024289395
0.0024289395
0.0024289395
0.0027414550
0.0024289395
0.0027414550
0.0030539704
0.0024289395
0.0024289395
0.0024289395
0.0027414550
0.0027414550
0.0027414550
0.0027414550
0.0027414550
0.0024289395
0.0027414550
0.0027414550
0.0024289395
0.0027414550
0.0024289395
0.0027414550
0.0021164241
0.0027414550
0.0027414550
0.0030539704
0.0027414550
0.0027414550
0.0024289395
0.0027414550
0.0024289395
0.0024289395
0.0024289395
0.0024289395
0.0024289395
0.0024289395
0.0027414550
0.0024289395
0.0027414550
0.0024289395
0.0024289395
0.0027414550
0.0024289395
0.0021164241
0.0024289395
0.0033664859
0.0027414550
0.0027414550
0.0024289395
0.0024289395
0.0024289395
0.0027414550
0.0027414550
0.0027414550
0.0024289395
0.0021164241
0.0024289395
0.0027414550
0.0027414550
0.0024289395
0.0024289395
0.0027414550
0.0024289395
0.0024289395
0.0024289395
0.0021164241
0.0021164241
0.0027414550
0.0024289395
0.0024289395
0.0024289395
0.0027414550
0.0027414550
0.0024289395
0.0024289395
0.0024289395
0.0027414550
0.0024289395
0.0021164241
0.0027414550
0.0027414550
0.0027414550
0.0030539704
0.0024289395
0.0024289395
0.0027414550
0.0027414550
0.0027414550
0.0024289395
0.0024289395
0.0024289395
0.0027414550
0.0030539704
0.0030539704
0.0024289395
0.0024289395
0.0030539704
0.0024289395
0.0024289395
0.0024289395
0.0027414550
0.0021164241
0.0024289395
0.0024289395
0.0024289395
0.0024289395
0.0027414550
0.0024289395
0.0024289395
0.0027414550
0.0024289395
0.0027414550
0.0024289395
0.0027414550
0.0021164241
0.0021164241
0.0021164241
0.0024289395
0.0024289395
0.0027414550
0.0027414550
0.0024289395
0.0027414550
0.0024289395
0.0027414550
0.0027414550
0.0024289395
0.0024289395
0.0024289395
0.0024289395
0.0024289395
0.0024289395
0.0024289395
0.0024289395
0.0027414550
0.0021164241
0.0024289395
0.0027414550
0.0024289395
0.0027414550
0.0024289395
0.0027414550
0.0024289395
0.0024289395
0.0024289395
0.0024289395
0.0027414550
0.0024289395
0.0024289395
0.0027414550
0.0027414550
0.0024289395
0.0024289395
0.0024289395
0.0021164241
0.0024289395
0.0024289395
0.0024289395
0.0024289395
0.0027414550
0.0027414550
0.0024289395
0.0027414550
0.0024289395
0.0027414550
0.0027414550
0.0024289395
0.0027414550
0.0027414550
0.0021164241
0.0024289395
0.0027414550
0.0021164241
0.0024289395
0.0027414550
0.0027414550
0.0024289395
0.0024289395
0.0021164241
0.0027414550
0.0024289395
0.0027414550
0.0024289395
0.0027414550
0.0024289395
0.0024289395
0.0021164241
0.0027414550
0.0027414550
0.0021164241
0.0027414550
0.0024289395
0.0024289395
0.0021164241
0.0027414550
0.0024289395
0.0024289395
0.0024289395
0.0027414550
0.0021164241
0.0030539704
0.0024289395
0.0024289395
0.0027414550
0.0024289395
0.0027414550
0.0024289395
0.0024289395
0.0024289395
0.0021164241
0.0027414550
0.0021164241
0.0027414550
0.0018039086
0.0024289395
0.0027414550
0.0024289395
0.0027414550
0.0021164241
0.0027414550
0.0024289395
0.0027414550
0.0024289395
0.0024289395
0.0024289395
0.0027414550
0.0027414550
0.0024289395
0.0021164241
0.0024289395
0.0024289395
0.0024289395
0.0024289395
0.0024289395
0.0027414550
0.0027414550
0.0027414550
0.0024289395
0.0027414550
0.0027414550
0.0024289395
0.0024289395
0.0027414550
0.0024289395
0.0024289395
0.0024289395
0.0027414550
0.0021164241
0.0024289395
0.0027414550
0.0024289395
0.0027414550
0.0024289395
0.0027414550
0.0027414550
0.0024289395
0.0027414550
0.0027414550
0.0027414550
0.0027414550
0.0027414550
0.0027414550
0.0024289395
0.0024289395
0.0024289395
0.0024289395
0.0027414550
0.0027414550
0.0024289395
0.0027414550
0.0024289395
0.0024289395
0.0021164241
0.0024289395
0.0021164241
0.0021164241
0.0027414550
0.0027414550
0.0024289395
0.0024289395
0.0027414550
0.0024289395
0.0027414550
0.0021164241
0.0024289395
0.0024289395
0.0024289395
0.0024289395
0.0021164241
0.0021164241
0.0024289395
0.0027414550
0.0024289395
0.0021164241
0.0024289395
0.0024289395
0.0027414550
0.0027414550
0.0024289395
0.0027414550
0.0030539704
0.0024289395
0.0027414550
0.0027414550
0.0024289395
0.0024289395
0.0024289395
0.0024289395
0.0027414550
0.0021164241
0.0021164241
0.0024289395
0.0027414550
0.0024289395
0.0024289395
0.0021164241
0.0027414550
0.0027414550
0.0027414550
0.0021164241
0.0027414550
0.0027414550
0.0024289395
0.0024289395
0.0024289395
0.0024289395
0.0024289395
0.0027414550
0.0021164241
0.0027414550
0.0021164241
0.0027414550
0.0024289395
0.0030539704
0.0027414550
0.0027414550
0.0021164241
0.0027414550
0.0021164241
0.0024289395
0.0027414550
0.0027414550
0.0024289395
0.0024289395
0.0024289395
0.0024289395
0.0024289395
0.0024289395
0.0021164241
0.0027414550
0.0024289395
0.0027414550
0.0024289395
0.0027414550
0.0024289395
0.0027414550
0.0024289395
0.0027414550
0.0021164241
0.0024289395
0.0030539704
0.0024289395
0.0024289395
0.0027414550
0.0021164241
0.0027414550
0.0024289395
0.0024289395
0.0024289395
0.0021164241
0.0027414550
0.0027414550
0.0027414550
0.0024289395
0.0024289395
0.0024289395
0.0021164241
0.0024289395
0.0027414550
0.0021164241
0.0021164241
0.0027414550
0.0024289395
0.0027414550
0.0021164241
0.0024289395
0.0024289395
0.0021164241
0.0024289395
0.0027414550
0.0024289395
0.0024289395
0.0033664859
0.0027414550
0.0024289395
0.0024289395
0.0021164241
0.0027414550
0.0021164241
0.0024289395
0.0024289395
0.0021164241
0.0021164241
0.0027414550
0.0024289395
0.0027414550
0.0024289395
0.0027414550
0.0027414550
0.0027414550
0.0024289395
0.0024289395
0.0021164241
0.0027414550
0.0021164241
0.0024289395
0.0027414550
0.0024289395
0.0027414550
0.0024289395
0.0027414550
0.0027414550
0.0021164241
0.0027414550
0.0024289395
0.0021164241
0.0021164241
0.0024289395
0.0027414550
0.0024289395
0.0024289395
0.0021164241
0.0024289395
0.0024289395
0.0027414550
0.0027414550
0.0021164241
0.0024289395
0.0021164241
0.0021164241
0.0027414550
0.0024289395
0.0024289395
0.0021164241
0.0024289395
0.0021164241
0.0024289395
0.0027414550
0.0027414550
0.0024289395
0.0021164241
0.0027414550
0.0021164241
0.0024289395
0.0024289395
0.0024289395
0.0024289395
0.0024289395
0.0027414550
0.0024289395
0.0027414550
0.0027414550
0.0024289395
0.0027414550
0.0030539704
0.0024289395
0.0030539704
0.0024289395
0.0030539704
0.0027414550
0.0021164241
0.0027414550
0.0024289395
0.0027414550
0.0021164241
0.0027414550
0.0024289395
0.0027414550
0.0027414550
0.0030539704
0.0021164241
0.0027414550
0.0021164241
0.0027414550
0.0024289395
0.0024289395
0.0024289395
0.0027414550
0.0024289395
0.0027414550
0.0024289395
0.0027414550
0.0024289395
0.0024289395
0.0024289395
0.0024289395
0.0027414550
0.0027414550
0.0027414550
0.0027414550
0.0027414550
0.0024289395
0.0027414550
0.0027414550
0.0027414550
0.0021164241
0.0024289395
0.0030539704
0.0024289395
0.0027414550
0.0024289395
0.0021164241
0.0024289395
0.0027414550
0.0030539704
0.0027414550
0.0021164241
0.0024289395
0.0030539704
0.0024289395
0.0027414550
0.0027414550
0.0027414550
0.0030539704
0.0024289395
0.0024289395
0.0027414550
0.0024289395
0.0027414550
0.0027414550
0.0024289395
0.0021164241
0.0027414550
0.0027414550
0.0021164241
0.0021164241
0.0024289395
0.0024289395
0.0027414550
0.0024289395
0.0024289395
0.0024289395
0.0027414550
0.0021164241
0.0024289395
0.0024289395
0.0024289395
0.0021164241
0.0027414550
0.0024289395
0.0027414550
0.0024289395
0.0021164241
0.0024289395
0.0021164241
0.0024289395
0.0024289395
0.0027414550
0.0027414550
0.0024289395
0.0021164241
0.0021164241
0.0027414550
0.0027414550
0.0024289395
0.0024289395
0.0024289395
0.0024289395
0.0027414550
0.0024289395
0.0027414550
0.0030539704
0.0064916405
0.0052415786
0.0021164241
-0.0000711841
-0.0006962150
0.0011788777
0.0024289395
0.0030539704
0.0021164241
0.0024289395
0.0024289395
0.0049290632
0.0043040323
0.0024289395
0.0018039086
0.0014913932
0.0021164241
0.0024289395
0.0021164241
0.0024289395
0.0030539704
0.0046165477
0.0046165477
0.0030539704
0.0011788777
0.0002413313
0.0008663622
0.0024289395
0.0024289395
0.0021164241
0.0018039086
0.0027414550
0.0027414550
0.0046165477
0.0046165477
0.0024289395
0.0014913932
0.0018039086
0.0008663622
0.0024289395
0.0027414550
