0.0030403130
0.0030403130
0.0030403130
0.0027276425
0.0024149720
0.0027276425
0.0024149720
0.0030403130
0.0027276425
0.0030403130
0.0033529834
0.0033529834
0.0027276425
0.0030403130
0.0027276425
0.0036656539
0.0033529834
0.0027276425
0.0033529834
0.0027276425
0.0036656539
0.0036656539
0.0027276425
0.0027276425
0.0030403130
0.0027276425
0.0030403130
0.0030403130
0.0027276425
0.0030403130
0.0033529834
0.0033529834
0.0033529834
0.0027276425
0.0033529834
0.0030403130
0.0033529834
0.0030403130
0.0030403130
0.0033529834
0.0027276425
0.0027276425
0.0027276425
0.0030403130
0.0030403130
0.0030403130
0.0030403130
0.0030403130
0.0027276425
0.0033529834
0.0036656539
0.0030403130
0.0030403130
0.0030403130
0.0033529834
0.0027276425
0.0027276425
0.0030403130
0.0030403130
0.0033529834
0.0033529834
0.0030403130
0.0027276425
0.0033529834
0.0027276425
0.0030403130
0.0027276425
0.0036656539
0.0033529834
0.0036656539
0.0030403130
0.0027276425
0.0030403130
0.0027276425
0.0033529834
0.0030403130
0.0030403130
0.0027276425
0.0033529834
0.0030403130
0.0033529834
0.0033529834
0.0030403130
0.0033529834
0.0036656539
0.0033529834
0.0030403130
0.0027276425
0.0027276425
0.0027276425
0.0033529834
0.0030403130
0.0027276425
0.0033529834
0.0027276425
0.0033529834
0.0033529834
0.0036656539
0.0027276425
0.0030403130
0.0030403130
0.0033529834
0.0030403130
0.0030403130
0.0030403130
0.0033529834
0.0033529834
0.0033529834
0.0033529834
0.0030403130
0.0030403130
0.0033529834
0.0030403130
0.0033529834
0.0030403130
0.0033529834
0.0030403130
0.0033529834
0.0030403130
0.0027276425
0.0030403130
0.0030403130
0.0030403130
0.0033529834
0.0033529834
0.0036656539
0.0030403130
0.0033529834
0.0033529834
0.0027276425
0.0033529834
0.0033529834
0.0033529834
0.0036656539
0.0030403130
0.0033529834
0.0033529834
0.0033529834
0.0033529834
0.0030403130
0.0033529834
0.0030403130
0.0030403130
0.0030403130
0.0033529834
0.0033529834
0.0033529834
0.0030403130
0.0030403130
0.0033529834
0.0030403130
0.0030403130
0.0030403130
0.0033529834
0.0030403130
0.0033529834
0.0036656539
0.0030403130
0.0033529834
0.0033529834
0.0030403130
0.0036656539
0.0036656539
0.0039783244
0.0030403130
0.0033529834
0.0030403130
0.0030403130
0.0036656539
0.0030403130
0.0036656539
0.0033529834
0.0036656539
0.0030403130
0.0036656539
0.0033529834
0.0030403130
0.0030403130
0.0033529834
0.0033529834
0.0033529834
0.0033529834
0.0033529834
0.0030403130
0.0030403130
0.0036656539
0.0036656539
0.0036656539
0.0036656539
0.0033529834
0.0033529834
0.0036656539
0.0030403130
0.0033529834
0.0033529834
0.0036656539
0.0033529834
0.0036656539
0.0036656539
0.0033529834
0.0033529834
0.0036656539
0.0036656539
0.0036656539
0.0036656539
0.0036656539
0.0033529834
0.0036656539
0.0036656539
0.0036656539
0.0036656539
0.0033529834
0.0036656539
0.0033529834
0.0036656539
0.0033529834
0.0033529834
0.0033529834
0.0033529834
0.0036656539
0.0033529834
0.0036656539
0.0036656539
0.0036656539
0.0036656539
0.0033529834
0.0036656539
0.0042909949
0.0039783244
0.0046036653
0.0046036653
0.0039783244
0.0039783244
0.0042909949
0.0036656539
0.0033529834
0.0033529834
0.0033529834
0.0033529834
0.0033529834
0.0033529834
0.0027276425
0.0030403130
0.0030403130
0.0030403130
0.0027276425
0.0030403130
0.0027276425
0.0030403130
0.0033529834
0.0033529834
0.0042909949
0.0046036653
0.0042909949
0.0042909949
0.0039783244
0.0042909949
0.0042909949
0.0036656539
0.0039783244
0.0036656539
0.0036656539
0.0033529834
0.0033529834
0.0033529834
0.0039783244
0.0036656539
0.0039783244
0.0033529834
0.0036656539
0.0036656539
0.0033529834
0.0036656539
0.0033529834
0.0036656539
0.0042909949
0.0036656539
0.0039783244
0.0046036653
0.0039783244
0.0036656539
0.0036656539
0.0039783244
0.0039783244
0.0036656539
0.0036656539
0.0036656539
0.0042909949
0.0036656539
0.0033529834
0.0036656539
0.0039783244
0.0036656539
0.0036656539
0.0033529834
0.0039783244
0.0036656539
0.0036656539
0.0036656539
0.0039783244
0.0033529834
0.0033529834
0.0039783244
0.0039783244
0.0042909949
0.0042909949
0.0036656539
0.0042909949
0.0039783244
0.0039783244
0.0033529834
0.0036656539
0.0033529834
0.0036656539
0.0039783244
0.0036656539
0.0036656539
0.0039783244
0.0039783244
0.0039783244
0.0046036653
0.0046036653
0.0042909949
0.0042909949
0.0036656539
0.0042909949
0.0067923586
0.0052290063
0.0036656539
0.0024149720
0.0017896311
0.0024149720
0.0030403130
0.0039783244
0.0036656539
0.0039783244
0.0036656539
0.0055416767
0.0049163358
0.0042909949
0.0030403130
0.0030403130
0.0036656539
0.0033529834
0.0042909949
0.0042909949
0.0042909949
0.0039783244
0.0033529834
0.0039783244
0.0039783244
0.0042909949
0.0046036653
0.0042909949
0.0046036653
0.0049163358
0.0042909949
0.0042909949
0.0039783244
0.0052290063
0.0061670177
0.0046036653
0.0039783244
0.0033529834
0.0021023016
0.0039783244
0.0036656539
0.0046036653
0.0042909949
0.0039783244
0.0046036653
0.0061670177
0.0058543472
0.0049163358
0.0046036653
0.0014769606
0.0033529834
0.0046036653
0.0042909949
0.0036656539
0.0036656539
0.0039783244
0.0046036653
0.0039783244
0.0039783244
0.0039783244
0.0039783244
0.0039783244
0.0039783244
0.0042909949
0.0042909949
0.0046036653
0.0042909949
0.0046036653
0.0046036653
0.0046036653
0.0205498593
1.0057747219
1.9422232516
1.9309671080
1.8331011942
0.6608990770
0.0243019050
-0.0097791762
-0.0119678695
-0.0116551990
-0.0119678695
-0.0110298581
-0.0097791762
-0.0094665057
-0.0094665057
0.3729295098
0.3929404233
0.0874613413
-0.0079031534
-0.0125932104
-0.0125932104
-0.0125932104
-0.0125932104
-0.0122805399
-0.0125932104
-0.0135312218
-0.0125932104
-0.0125932104
-0.0125932104
-0.0129058809
-0.0125932104
-0.0125932104
-0.0129058809
-0.0125932104
-0.0122805399
-0.0129058809
-0.0122805399
-0.0125932104
-0.0125932104
-0.0122805399
-0.0122805399
-0.0122805399
-0.0122805399
-0.0125932104
-0.0122805399
-0.0119678695
-0.0116551990
-0.0116551990
-0.0122805399
-0.0122805399
-0.0122805399
-0.0116551990
-0.0119678695
-0.0116551990
-0.0116551990
-0.0122805399
-0.0122805399
-0.0119678695
-0.0119678695
-0.0116551990
-0.0119678695
-0.0113425285
-0.0116551990
-0.0116551990
-0.0116551990
-0.0113425285
-0.0116551990
-0.0113425285
-0.0113425285
-0.0113425285
-0.0113425285
-0.0116551990
-0.0116551990
-0.0116551990
-0.0113425285
-0.0116551990
-0.0113425285
-0.0110298581
-0.0113425285
-0.0110298581
-0.0107171876
-0.0110298581
-0.0110298581
-0.0110298581
-0.0107171876
-0.0113425285
-0.0113425285
-0.0110298581
-0.0110298581
-0.0113425285
-0.0110298581
-0.0113425285
-0.0107171876
-0.0104045171
-0.0110298581
-0.0107171876
-0.0110298581
-0.0104045171
-0.0104045171
-0.0110298581
-0.0113425285
-0.0107171876
-0.0110298581
-0.0107171876
-0.0104045171
-0.0107171876
-0.0100918467
-0.0107171876
-0.0104045171
-0.0104045171
-0.0107171876
-0.0104045171
-0.0097791762
0.0661997487
0.7728351387
0.7853419615
0.1593755533
-0.0050891192
-0.0132185513
-0.0125932104
-0.0125932104
-0.0129058809
-0.0132185513
-0.0141565627
-0.0141565627
-0.0135312218
-0.0125932104
-0.0135312218
-0.0135312218
-0.0141565627
-0.0138438923
-0.0135312218
-0.0132185513
-0.0119678695
-0.0125932104
-0.0135312218
-0.0116551990
-0.0125932104
-0.0135312218
-0.0135312218
-0.0141565627
-0.0129058809
-0.0129058809
-0.0125932104
-0.0129058809
-0.0125932104
-0.0129058809
-0.0125932104
-0.0129058809
-0.0125932104
-0.0122805399
-0.0122805399
-0.0129058809
-0.0132185513
-0.0132185513
-0.0125932104
-0.0129058809
-0.0122805399
-0.0125932104
-0.0125932104
-0.0125932104
-0.0125932104
-0.0122805399
-0.0122805399
-0.0122805399
-0.0125932104
-0.0122805399
-0.0119678695
-0.0125932104
-0.0125932104
-0.0122805399
-0.0122805399
-0.0122805399
-0.0122805399
-0.0125932104
-0.0119678695
-0.0116551990
-0.0119678695
-0.0116551990
-0.0119678695
-0.0116551990
-0.0116551990
-0.0113425285
-0.0119678695
-0.0116551990
-0.0119678695
-0.0119678695
-0.0113425285
-0.0116551990
-0.0116551990
-0.0116551990
-0.0116551990
-0.0119678695
-0.0116551990
-0.0116551990
-0.0113425285
-0.0116551990
-0.0116551990
-0.0113425285
-0.0113425285
-0.0119678695
-0.0110298581
-0.0113425285
-0.0116551990
-0.0113425285
-0.0113425285
-0.0110298581
-0.0113425285
-0.0110298581
-0.0113425285
-0.0110298581
-0.0113425285
-0.0107171876
-0.0113425285
-0.0107171876
-0.0113425285
-0.0110298581
-0.0113425285
-0.0110298581
-0.0110298581
-0.0110298581
-0.0110298581
-0.0104045171
-0.0107171876
-0.0107171876
-0.0110298581
-0.0107171876
-0.0113425285
-0.0104045171
-0.0107171876
-0.0104045171
-0.0100918467
-0.0104045171
-0.0110298581
-0.0107171876
-0.0107171876
-0.0104045171
-0.0110298581
-0.0104045171
-0.0104045171
-0.0100918467
-0.0104045171
-0.0104045171
-0.0104045171
-0.0100918467
-0.0104045171
-0.0100918467
-0.0104045171
-0.0104045171
-0.0104045171
-0.0100918467
-0.0100918467
-0.0100918467
-0.0104045171
-0.0097791762
-0.0100918467
-0.0100918467
-0.0100918467
-0.0100918467
-0.0100918467
-0.0104045171
-0.0104045171
-0.0097791762
-0.0094665057
-0.0100918467
-0.0097791762
-0.0104045171
-0.0097791762
-0.0094665057
-0.0100918467
-0.0097791762
-0.0097791762
-0.0094665057
-0.0097791762
-0.0097791762
-0.0097791762
-0.0094665057
-0.0094665057
-0.0094665057
-0.0097791762
-0.0094665057
-0.0100918467
-0.0091538353
-0.0097791762
-0.0097791762
-0.0097791762
-0.0094665057
-0.0091538353
-0.0091538353
-0.0091538353
-0.0091538353
-0.0091538353
-0.0091538353
-0.0088411648
-0.0097791762
-0.0088411648
-0.0091538353
-0.0091538353
-0.0091538353
-0.0094665057
-0.0091538353
-0.0091538353
-0.0091538353
-0.0094665057
-0.0091538353
-0.0091538353
-0.0094665057
-0.0091538353
-0.0091538353
-0.0091538353
-0.0088411648
-0.0091538353
-0.0091538353
-0.0085284943
-0.0085284943
-0.0085284943
-0.0088411648
-0.0088411648
-0.0082158239
-0.0088411648
-0.0088411648
-0.0088411648
-0.0085284943
-0.0088411648
-0.0085284943
-0.0085284943
-0.0085284943
-0.0082158239
-0.0085284943
-0.0091538353
-0.0085284943
-0.0088411648
-0.0082158239
-0.0085284943
-0.0082158239
-0.0082158239
-0.0082158239
-0.0085284943
-0.0082158239
-0.0085284943
-0.0082158239
-0.0085284943
-0.0079031534
-0.0085284943
-0.0085284943
-0.0079031534
-0.0082158239
-0.0079031534
-0.0085284943
-0.0079031534
-0.0082158239
-0.0082158239
-0.0075904829
-0.0079031534
-0.0079031534
-0.0079031534
-0.0079031534
-0.0079031534
-0.0079031534
-0.0079031534
-0.0079031534
-0.0079031534
-0.0079031534
-0.0079031534
-0.0079031534
-0.0079031534
-0.0082158239
-0.0079031534
-0.0079031534
-0.0079031534
-0.0079031534
-0.0075904829
-0.0075904829
-0.0079031534
-0.0075904829
-0.0075904829
-0.0075904829
-0.0079031534
-0.0072778125
-0.0075904829
-0.0075904829
-0.0072778125
-0.0079031534
-0.0075904829
-0.0072778125
-0.0079031534
-0.0072778125
-0.0079031534
-0.0079031534
-0.0075904829
-0.0072778125
-0.0072778125
-0.0075904829
-0.0069651420
-0.0075904829
-0.0075904829
-0.0072778125
-0.0072778125
-0.0075904829
-0.0069651420
-0.0069651420
-0.0072778125
-0.0069651420
-0.0069651420
-0.0075904829
-0.0072778125
-0.0069651420
-0.0069651420
-0.0069651420
-0.0072778125
-0.0069651420
-0.0069651420
-0.0072778125
-0.0069651420
-0.0069651420
-0.0069651420
-0.0066524715
-0.0063398011
-0.0069651420
-0.0072778125
-0.0072778125
-0.0066524715
-0.0069651420
-0.0069651420
-0.0066524715
-0.0066524715
-0.0066524715
-0.0066524715
-0.0069651420
-0.0063398011
-0.0063398011
-0.0069651420
-0.0066524715
-0.0066524715
-0.0066524715
-0.0069651420
-0.0066524715
-0.0063398011
-0.0063398011
-0.0063398011
-0.0063398011
-0.0066524715
-0.0066524715
-0.0066524715
-0.0066524715
-0.0063398011
-0.0063398011
-0.0063398011
-0.0063398011
-0.0066524715
-0.0063398011
-0.0060271306
-0.0063398011
-0.0060271306
-0.0063398011
-0.0063398011
-0.0063398011
-0.0060271306
-0.0060271306
-0.0057144601
-0.0060271306
-0.0060271306
-0.0060271306
-0.0060271306
-0.0063398011
-0.0063398011
-0.0066524715
-0.0060271306
-0.0060271306
-0.0063398011
-0.0057144601
-0.0060271306
-0.0057144601
-0.0057144601
-0.0060271306
-0.0057144601
-0.0060271306
-0.0060271306
-0.0057144601
-0.0063398011
-0.0060271306
-0.0057144601
-0.0054017897
-0.0057144601
-0.0057144601
-0.0060271306
-0.0057144601
-0.0057144601
-0.0060271306
-0.0060271306
-0.0057144601
-0.0054017897
-0.0057144601
-0.0054017897
-0.0057144601
-0.0060271306
-0.0054017897
-0.0057144601
-0.0050891192
-0.0060271306
-0.0057144601
-0.0054017897
-0.0054017897
-0.0054017897
-0.0060271306
-0.0050891192
-0.0057144601
-0.0054017897
-0.0054017897
-0.0057144601
-0.0057144601
-0.0054017897
-0.0057144601
-0.0054017897
-0.0057144601
-0.0054017897
-0.0050891192
-0.0054017897
-0.0057144601
-0.0057144601
-0.0057144601
-0.0057144601
-0.0050891192
-0.0050891192
-0.0054017897
-0.0054017897
-0.0054017897
-0.0054017897
-0.0050891192
-0.0050891192
-0.0050891192
-0.0050891192
-0.0054017897
-0.0047764487
-0.0054017897
-0.0050891192
-0.0047764487
-0.0050891192
-0.0050891192
-0.0054017897
-0.0044637783
-0.0050891192
-0.0050891192
-0.0047764487
-0.0047764487
-0.0054017897
-0.0054017897
-0.0047764487
-0.0047764487
-0.0047764487
-0.0047764487
-0.0047764487
-0.0054017897
-0.0047764487
-0.0047764487
-0.0050891192
-0.0047764487
-0.0044637783
-0.0047764487
-0.0047764487
-0.0050891192
-0.0047764487
-0.0047764487
-0.0047764487
-0.0050891192
-0.0047764487
-0.0044637783
-0.0047764487
-0.0047764487
-0.0050891192
-0.0050891192
-0.0044637783
-0.0044637783
-0.0050891192
-0.0047764487
-0.0047764487
-0.0041511078
-0.0047764487
-0.0047764487
-0.0047764487
-0.0047764487
-0.0047764487
-0.0041511078
-0.0041511078
-0.0044637783
-0.0044637783
-0.0041511078
-0.0044637783
-0.0044637783
-0.0041511078
-0.0041511078
-0.0041511078
-0.0041511078
-0.0047764487
-0.0041511078
-0.0044637783
-0.0041511078
-0.0044637783
-0.0047764487
-0.0041511078
-0.0041511078
-0.0041511078
-0.0041511078
-0.0044637783
-0.0044637783
-0.0041511078
-0.0038384373
-0.0038384373
-0.0041511078
-0.0044637783
-0.0041511078
-0.0038384373
-0.0041511078
-0.0044637783
-0.0041511078
-0.0041511078
-0.0041511078
-0.0038384373
-0.0038384373
-0.0044637783
-0.0038384373
-0.0041511078
-0.0038384373
-0.0044637783
-0.0041511078
-0.0035257669
-0.0038384373
-0.0038384373
-0.0044637783
-0.0038384373
-0.0041511078
-0.0035257669
-0.0038384373
-0.0041511078
-0.0038384373
-0.0038384373
-0.0035257669
-0.0038384373
-0.0035257669
-0.0038384373
-0.0044637783
-0.0035257669
-0.0038384373
-0.0038384373
-0.0041511078
-0.0035257669
-0.0041511078
-0.0038384373
-0.0035257669
-0.0032130964
-0.0035257669
-0.0035257669
-0.0038384373
-0.0038384373
-0.0035257669
-0.0038384373
-0.0035257669
-0.0041511078
-0.0038384373
-0.0035257669
-0.0038384373
-0.0032130964
-0.0032130964
-0.0038384373
-0.0035257669
-0.0035257669
-0.0032130964
-0.0035257669
-0.0029004259
-0.0038384373
-0.0032130964
-0.0032130964
-0.0038384373
-0.0035257669
-0.0035257669
-0.0038384373
-0.0029004259
-0.0035257669
-0.0035257669
-0.0032130964
-0.0035257669
-0.0032130964
-0.0035257669
-0.0035257669
-0.0035257669
-0.0029004259
-0.0035257669
-0.0032130964
-0.0032130964
-0.0035257669
-0.0032130964
-0.0029004259
-0.0035257669
-0.0032130964
-0.0032130964
-0.0035257669
-0.0029004259
-0.0032130964
-0.0032130964
-0.0029004259
-0.0029004259
-0.0032130964
-0.0032130964
-0.0032130964
-0.0032130964
-0.0029004259
-0.0029004259
-0.0029004259
-0.0025877555
-0.0029004259
-0.0032130964
-0.0029004259
-0.0025877555
-0.0029004259
-0.0029004259
-0.0029004259
-0.0029004259
-0.0029004259
-0.0029004259
-0.0029004259
-0.0032130964
-0.0029004259
-0.0032130964
-0.0029004259
-0.0025877555
-0.0032130964
-0.0029004259
-0.0029004259
-0.0029004259
-0.0029004259
-0.0029004259
-0.0029004259
-0.0029004259
-0.0029004259
-0.0025877555
-0.0029004259
-0.0025877555
-0.0025877555
-0.0029004259
-0.0029004259
-0.0025877555
-0.0029004259
-0.0025877555
-0.0032130964
-0.0029004259
-0.0025877555
-0.0029004259
-0.0032130964
-0.0029004259
-0.0029004259
-0.0029004259
-0.0025877555
-0.0029004259
-0.0029004259
-0.0029004259
-0.0022750850
-0.0025877555
-0.0025877555
-0.0025877555
-0.0029004259
-0.0029004259
-0.0019624145
-0.0022750850
-0.0029004259
-0.0025877555
-0.0029004259
-0.0019624145
-0.0025877555
-0.0025877555
-0.0025877555
-0.0025877555
-0.0025877555
-0.0025877555
-0.0022750850
-0.0025877555
-0.0025877555
-0.0022750850
-0.0025877555
-0.0025877555
-0.0025877555
-0.0022750850
-0.0019624145
-0.0022750850
-0.0025877555
-0.0025877555
-0.0022750850
-0.0022750850
-0.0019624145
-0.0025877555
-0.0022750850
-0.0022750850
-0.0022750850
-0.0022750850
-0.0025877555
-0.0025877555
-0.0022750850
-0.0022750850
-0.0019624145
-0.0025877555
-0.0022750850
-0.0019624145
-0.0019624145
-0.0022750850
-0.0022750850
-0.0022750850
-0.0025877555
-0.0022750850
-0.0022750850
-0.0019624145
-0.0022750850
-0.0019624145
-0.0022750850
-0.0019624145
-0.0019624145
-0.0025877555
-0.0019624145
-0.0016497441
-0.0022750850
-0.0019624145
-0.0019624145
-0.0022750850
-0.0019624145
-0.0019624145
-0.0022750850
-0.0022750850
-0.0019624145
-0.0019624145
-0.0025877555
-0.0016497441
-0.0016497441
-0.0019624145
-0.0025877555
-0.0022750850
-0.0019624145
-0.0019624145
-0.0019624145
-0.0019624145
-0.0016497441
-0.0022750850
-0.0019624145
-0.0022750850
-0.0016497441
-0.0022750850
-0.0019624145
-0.0019624145
-0.0019624145
-0.0019624145
-0.0013370736
-0.0016497441
-0.0019624145
-0.0019624145
-0.0013370736
-0.0016497441
-0.0016497441
-0.0013370736
-0.0016497441
-0.0016497441
-0.0019624145
-0.0022750850
-0.0016497441
-0.0019624145
-0.0019624145
-0.0019624145
-0.0016497441
-0.0013370736
-0.0016497441
-0.0016497441
-0.0019624145
-0.0016497441
-0.0019624145
-0.0016497441
-0.0016497441
-0.0016497441
-0.0019624145
-0.0016497441
-0.0013370736
-0.0013370736
-0.0016497441
-0.0016497441
-0.0019624145
-0.0013370736
-0.0013370736
-0.0016497441
-0.0016497441
-0.0013370736
-0.0013370736
-0.0016497441
-0.0013370736
-0.0016497441
-0.0019624145
-0.0013370736
-0.0019624145
-0.0013370736
-0.0019624145
-0.0016497441
-0.0013370736
-0.0013370736
-0.0010244031
-0.0013370736
-0.0013370736
-0.0013370736
-0.0010244031
-0.0013370736
-0.0013370736
-0.0010244031
-0.0016497441
-0.0010244031
-0.0016497441
-0.0013370736
-0.0013370736
-0.0013370736
-0.0016497441
-0.0013370736
-0.0013370736
-0.0013370736
-0.0016497441
-0.0013370736
-0.0013370736
-0.0013370736
-0.0007117326
-0.0013370736
-0.0013370736
-0.0013370736
-0.0007117326
-0.0013370736
-0.0013370736
-0.0010244031
-0.0016497441
-0.0013370736
-0.0013370736
-0.0016497441
-0.0013370736
-0.0010244031
-0.0013370736
-0.0013370736
-0.0010244031
-0.0013370736
-0.0013370736
-0.0010244031
-0.0013370736
-0.0010244031
-0.0010244031
-0.0013370736
-0.0013370736
-0.0013370736
-0.0010244031
-0.0007117326
-0.0010244031
-0.0007117326
-0.0010244031
-0.0010244031
-0.0010244031
-0.0007117326
-0.0010244031
-0.0010244031
-0.0013370736
-0.0013370736
-0.0007117326
-0.0007117326
-0.0013370736
-0.0010244031
-0.0010244031
-0.0010244031
-0.0007117326
-0.0010244031
-0.0010244031
-0.0010244031
-0.0007117326
-0.0010244031
-0.0010244031
-0.0010244031
-0.0013370736
-0.0010244031
-0.0013370736
-0.0007117326
-0.0013370736
-0.0010244031
-0.0013370736
-0.0003990622
-0.0010244031
-0.0007117326
-0.0007117326
-0.0010244031
-0.0003990622
-0.0010244031
-0.0007117326
-0.0013370736
-0.0010244031
-0.0010244031
-0.0007117326
-0.0010244031
-0.0007117326
-0.0010244031
-0.0007117326
-0.0010244031
-0.0007117326
-0.0013370736
-0.0010244031
-0.0010244031
-0.0010244031
-0.0007117326
-0.0003990622
-0.0007117326
-0.0003990622
-0.0013370736
-0.0007117326
-0.0007117326
-0.0003990622
-0.0007117326
-0.0007117326
-0.0010244031
-0.0007117326
-0.0007117326
-0.0007117326
-0.0007117326
-0.0003990622
-0.0007117326
-0.0007117326
-0.0003990622
-0.0007117326
-0.0003990622
-0.0003990622
-0.0010244031
-0.0007117326
-0.0007117326
-0.0003990622
-0.0010244031
-0.0007117326
-0.0007117326
-0.0007117326
-0.0007117326
-0.0003990622
-0.0007117326
-0.0007117326
-0.0003990622
-0.0007117326
-0.0003990622
-0.0007117326
-0.0003990622
-0.0007117326
-0.0007117326
-0.0003990622
-0.0000863917
-0.0010244031
-0.0003990622
-0.0003990622
-0.0007117326
-0.0003990622
-0.0007117326
-0.0010244031
-0.0000863917
-0.0003990622
-0.0003990622
-0.0007117326
-0.0007117326
-0.0003990622
-0.0003990622
-0.0007117326
-0.0003990622
-0.0000863917
-0.0003990622
-0.0007117326
-0.0007117326
-0.0007117326
-0.0010244031
-0.0003990622
0.0002262788
-0.0007117326
-0.0003990622
-0.0000863917
-0.0007117326
-0.0000863917
-0.0003990622
-0.0000863917
-0.0003990622
-0.0003990622
-0.0000863917
-0.0003990622
-0.0003990622
-0.0003990622
-0.0007117326
-0.0003990622
-0.0003990622
-0.0000863917
-0.0003990622
-0.0003990622
-0.0003990622
-0.0003990622
-0.0003990622
-0.0000863917
-0.0003990622
-0.0003990622
-0.0003990622
-0.0000863917
-0.0003990622
-0.0003990622
-0.0003990622
-0.0003990622
-0.0000863917
-0.0003990622
-0.0003990622
-0.0003990622
-0.0003990622
-0.0003990622
-0.0007117326
-0.0000863917
-0.0000863917
-0.0003990622
-0.0000863917
-0.0000863917
-0.0003990622
-0.0000863917
-0.0000863917
-0.0000863917
-0.0003990622
-0.0003990622
-0.0003990622
-0.0003990622
-0.0007117326
-0.0000863917
-0.0003990622
-0.0000863917
-0.0000863917
-0.0003990622
-0.0003990622
-0.0003990622
-0.0000863917
0.0002262788
-0.0003990622
-0.0003990622
-0.0003990622
-0.0000863917
-0.0000863917
-0.0000863917
-0.0000863917
-0.0000863917
-0.0000863917
-0.0000863917
-0.0000863917
-0.0000863917
-0.0000863917
-0.0000863917
-0.0003990622
0.0002262788
-0.0000863917
-0.0000863917
-0.0000863917
-0.0000863917
-0.0003990622
-0.0000863917
0.0002262788
-0.0003990622
-0.0000863917
-0.0003990622
0.0002262788
-0.0000863917
-0.0000863917
0.0002262788
-0.0000863917
0.0002262788
-0.0007117326
-0.0000863917
0.0002262788
0.0002262788
-0.0003990622
-0.0000863917
0.0002262788
-0.0000863917
0.0002262788
-0.0000863917
-0.0000863917
0.0002262788
-0.0003990622
-0.0000863917
0.0002262788
-0.0000863917
0.0002262788
0.0002262788
0.0002262788
-0.0000863917
-0.0003990622
0.0002262788
-0.0000863917
0.0002262788
-0.0000863917
-0.0003990622
0.0002262788
-0.0000863917
0.0002262788
0.0002262788
-0.0000863917
0.0002262788
0.0002262788
0.0002262788
-0.0000863917
-0.0000863917
0.0002262788
0.0002262788
0.0002262788
-0.0003990622
-0.0000863917
-0.0000863917
-0.0003990622
0.0002262788
-0.0000863917
-0.0000863917
0.0002262788
0.0002262788
0.0002262788
-0.0000863917
-0.0000863917
-0.0000863917
0.0002262788
0.0002262788
-0.0000863917
0.0002262788
-0.0000863917
0.0002262788
0.0002262788
0.0002262788
0.0002262788
0.0005389492
0.0002262788
0.0002262788
-0.0000863917
0.0005389492
0.0002262788
-0.0000863917
0.0002262788
0.0005389492
0.0002262788
0.0002262788
-0.0000863917
0.0002262788
0.0002262788
0.0002262788
-0.0000863917
0.0002262788
-0.0000863917
-0.0000863917
0.0002262788
-0.0000863917
0.0002262788
0.0005389492
0.0002262788
0.0002262788
0.0002262788
0.0005389492
-0.0000863917
-0.0000863917
0.0002262788
0.0002262788
0.0002262788
0.0002262788
0.0008516197
-0.0000863917
0.0002262788
0.0002262788
-0.0000863917
0.0002262788
0.0002262788
0.0002262788
0.0002262788
0.0005389492
0.0002262788
-0.0000863917
0.0002262788
-0.0000863917
-0.0000863917
0.0002262788
0.0002262788
0.0008516197
0.0002262788
0.0008516197
0.0005389492
0.0002262788
0.0005389492
0.0002262788
0.0005389492
0.0002262788
0.0002262788
0.0005389492
0.0002262788
0.0005389492
-0.0000863917
0.0005389492
0.0005389492
0.0002262788
-0.0000863917
0.0008516197
0.0002262788
0.0002262788
0.0005389492
0.0005389492
0.0002262788
0.0002262788
0.0002262788
0.0005389492
0.0002262788
0.0005389492
0.0002262788
0.0005389492
0.0002262788
0.0005389492
0.0008516197
0.0002262788
0.0005389492
0.0002262788
0.0005389492
0.0008516197
0.0005389492
0.0002262788
0.0002262788
0.0005389492
0.0005389492
0.0002262788
0.0005389492
0.0005389492
0.0005389492
0.0002262788
0.0005389492
0.0002262788
0.0005389492
0.0002262788
0.0005389492
0.0005389492
0.0005389492
0.0005389492
0.0002262788
0.0005389492
0.0002262788
0.0005389492
0.0008516197
0.0008516197
0.0005389492
0.0005389492
0.0008516197
0.0008516197
0.0002262788
0.0008516197
0.0002262788
0.0008516197
0.0008516197
0.0002262788
0.0005389492
0.0008516197
0.0005389492
0.0008516197
0.0005389492
0.0008516197
0.0005389492
0.0005389492
0.0005389492
0.0008516197
0.0008516197
0.0002262788
0.0002262788
0.0008516197
0.0008516197
0.0008516197
0.0008516197
0.0005389492
0.0008516197
0.0005389492
0.0002262788
0.0008516197
0.0008516197
0.0005389492
0.0008516197
0.0008516197
0.0005389492
0.0005389492
0.0011642902
0.0005389492
0.0008516197
0.0002262788
0.0005389492
0.0005389492
0.0002262788
0.0008516197
0.0008516197
0.0002262788
0.0008516197
0.0008516197
0.0002262788
0.0008516197
0.0005389492
0.0008516197
0.0005389492
0.0005389492
0.0002262788
0.0005389492
0.0005389492
0.0008516197
0.0005389492
0.0002262788
0.0002262788
0.0005389492
0.0008516197
0.0005389492
0.0008516197
0.0008516197
0.0005389492
0.0005389492
0.0005389492
0.0005389492
0.0008516197
0.0008516197
0.0008516197
0.0008516197
0.0005389492
0.0008516197
0.0008516197
0.0002262788
0.0005389492
0.0008516197
0.0008516197
0.0005389492
0.0005389492
0.0008516197
0.0005389492
0.0011642902
0.0008516197
0.0005389492
0.0008516197
0.0008516197
0.0011642902
0.0008516197
0.0005389492
0.0008516197
0.0005389492
0.0011642902
0.0005389492
0.0008516197
0.0005389492
0.0008516197
0.0005389492
0.0008516197
0.0008516197
0.0008516197
0.0011642902
0.0008516197
0.0008516197
0.0008516197
0.0008516197
0.0008516197
0.0008516197
0.0008516197
0.0008516197
0.0008516197
0.0005389492
0.0008516197
0.0008516197
0.0008516197
0.0008516197
0.0005389492
0.0005389492
0.0011642902
0.0008516197
0.0008516197
0.0008516197
0.0008516197
0.0011642902
0.0005389492
0.0008516197
0.0008516197
0.0008516197
0.0008516197
0.0008516197
0.0008516197
0.0005389492
0.0014769606
0.0008516197
0.0008516197
0.0008516197
0.0011642902
0.0011642902
0.0008516197
0.0008516197
0.0008516197
0.0008516197
0.0011642902
0.0008516197
0.0005389492
0.0008516197
0.0011642902
0.0008516197
0.0008516197
0.0008516197
0.0005389492
0.0011642902
0.0005389492
0.0008516197
0.0008516197
0.0008516197
0.0008516197
0.0008516197
0.0005389492
0.0011642902
0.0008516197
0.0008516197
0.0008516197
0.0005389492
0.0014769606
0.0008516197
0.0008516197
0.0008516197
0.0008516197
0.0011642902
0.0011642902
0.0005389492
0.0008516197
0.0008516197
0.0011642902
0.0008516197
0.0011642902
0.0011642902
0.0008516197
0.0011642902
0.0008516197
0.0008516197
0.0008516197
0.0008516197
0.0008516197
0.0017896311
0.0005389492
0.0008516197
0.0008516197
0.0005389492
0.0008516197
0.0011642902
0.0011642902
0.0008516197
0.0008516197
0.0008516197
0.0008516197
0.0011642902
0.0011642902
0.0008516197
0.0014769606
0.0011642902
0.0014769606
0.0008516197
0.0014769606
0.0014769606
0.0014769606
0.0011642902
0.0011642902
0.0011642902
0.0011642902
0.0008516197
0.0005389492
0.0008516197
0.0011642902
0.0011642902
0.0008516197
0.0011642902
0.0008516197
0.0011642902
0.0008516197
0.0011642902
0.0017896311
0.0008516197
0.0011642902
0.0008516197
0.0011642902
0.0011642902
0.0011642902
0.0008516197
0.0014769606
0.0011642902
0.0014769606
0.0011642902
0.0014769606
0.0011642902
0.0011642902
0.0014769606
0.0011642902
0.0011642902
0.0011642902
0.0011642902
0.0008516197
0.0008516197
0.0011642902
0.0014769606
0.0008516197
0.0008516197
0.0011642902
0.0011642902
0.0014769606
0.0014769606
0.0008516197
0.0008516197
0.0008516197
0.0014769606
0.0011642902
0.0011642902
0.0011642902
0.0011642902
0.0014769606
0.0014769606
0.0008516197
0.0011642902
0.0011642902
0.0008516197
0.0011642902
0.0011642902
0.0014769606
0.0011642902
0.0011642902
0.0011642902
0.0011642902
0.0014769606
0.0008516197
0.0008516197
0.0011642902
0.0014769606
0.0014769606
0.0014769606
0.0011642902
0.0008516197
0.0011642902
0.0011642902
0.0011642902
0.0014769606
0.0011642902
0.0008516197
0.0014769606
0.0008516197
0.0011642902
0.0011642902
0.0017896311
0.0011642902
0.0008516197
0.0017896311
0.0014769606
0.0014769606
0.0011642902
0.0011642902
0.0011642902
0.0014769606
0.0011642902
0.0011642902
0.0014769606
0.0011642902
0.0014769606
0.0008516197
0.0014769606
0.0011642902
0.0014769606
0.0008516197
0.0011642902
0.0011642902
0.0014769606
0.0011642902
0.0008516197
0.0014769606
0.0011642902
0.0014769606
0.0008516197
0.0011642902
0.0014769606
0.0017896311
0.0008516197
0.0014769606
0.0011642902
0.0014769606
0.0011642902
0.0014769606
0.0011642902
0.0011642902
0.0011642902
0.0008516197
0.0011642902
0.0011642902
0.0014769606
0.0014769606
0.0008516197
0.0011642902
0.0014769606
0.0011642902
0.0014769606
0.0011642902
0.0011642902
0.0011642902
0.0008516197
0.0017896311
0.0011642902
0.0008516197
0.0011642902
0.0011642902
0.0014769606
0.0011642902
0.0008516197
0.0011642902
0.0014769606
0.0011642902
0.0014769606
0.0011642902
0.0017896311
0.0017896311
0.0014769606
0.0011642902
0.0011642902
0.0011642902
0.0011642902
0.0014769606
0.0011642902
0.0011642902
0.0014769606
0.0011642902
0.0011642902
0.0017896311
0.0008516197
0.0011642902
0.0017896311
0.0017896311
0.0014769606
0.0008516197
0.0014769606
0.0017896311
0.0011642902
0.0011642902
0.0014769606
0.0017896311
0.0014769606
0.0014769606
0.0014769606
0.0017896311
0.0014769606
0.0014769606
0.0011642902
0.0011642902
0.0014769606
0.0014769606
0.0014769606
0.0014769606
0.0014769606
0.0014769606
0.0014769606
0.0011642902
0.0011642902
0.0011642902
0.0011642902
0.0011642902
0.0011642902
0.0014769606
0.0011642902
0.0014769606
0.0014769606
0.0014769606
0.0014769606
0.0014769606
0.0011642902
0.0017896311
0.0014769606
0.0014769606
0.0011642902
0.0011642902
0.0011642902
0.0017896311
0.0011642902
0.0014769606
0.0014769606
0.0014769606
0.0011642902
0.0014769606
0.0014769606
0.0011642902
0.0021023016
0.0011642902
0.0011642902
0.0014769606
0.0011642902
0.0014769606
0.0014769606
0.0011642902
0.0014769606
0.0014769606
0.0014769606
0.0011642902
0.0008516197
0.0011642902
0.0017896311
0.0017896311
0.0017896311
0.0014769606
0.0011642902
0.0017896311
0.0014769606
0.0014769606
0.0011642902
0.0017896311
0.0014769606
0.0014769606
0.0014769606
0.0017896311
0.0014769606
0.0021023016
0.0017896311
0.0014769606
0.0017896311
0.0011642902
0.0014769606
0.0014769606
0.0017896311
0.0014769606
0.0017896311
0.0017896311
0.0014769606
0.0014769606
0.0017896311
0.0014769606
0.0017896311
0.0014769606
0.0014769606
0.0014769606
0.0014769606
0.0014769606
0.0011642902
0.0017896311
0.0011642902
0.0017896311
0.0014769606
0.0011642902
0.0014769606
0.0011642902
0.0014769606
0.0014769606
0.0011642902
0.0017896311
0.0014769606
0.0014769606
0.0017896311
0.0014769606
0.0017896311
0.0014769606
0.0021023016
0.0014769606
0.0014769606
0.0014769606
0.0017896311
0.0014769606
0.0017896311
0.0017896311
0.0011642902
0.0014769606
0.0014769606
0.0014769606
0.0017896311
0.0014769606
0.0014769606
0.0021023016
0.0017896311
0.0017896311
0.0017896311
0.0017896311
0.0014769606
0.0017896311
0.0017896311
0.0014769606
0.0014769606
0.0014769606
0.0017896311
0.0017896311
0.0011642902
0.0014769606
0.0017896311
0.0014769606
0.0014769606
0.0014769606
0.0014769606
0.0014769606
0.0014769606
0.0014769606
0.0011642902
0.0014769606
0.0011642902
0.0014769606
0.0014769606
0.0017896311
0.0014769606
0.0021023016
0.0014769606
0.0017896311
0.0014769606
0.0014769606
0.0014769606
0.0014769606
0.0021023016
0.0017896311
0.0008516197
0.0014769606
0.0014769606
0.0014769606
0.0014769606
0.0014769606
0.0017896311
0.0017896311
0.0014769606
0.0017896311
0.0011642902
0.0017896311
0.0017896311
0.0014769606
0.0014769606
0.0014769606
0.0014769606
0.0011642902
0.0014769606
0.0017896311
0.0017896311
0.0014769606
0.0017896311
0.0014769606
0.0017896311
0.0014769606
0.0014769606
0.0014769606
0.0014769606
0.0017896311
0.0017896311
0.0017896311
0.0017896311
0.0017896311
0.0017896311
0.0014769606
0.0014769606
0.0014769606
0.0011642902
0.0011642902
0.0014769606
0.0014769606
0.0017896311
0.0017896311
0.0021023016
0.0017896311
0.0017896311
0.0011642902
0.0014769606
0.0017896311
0.0014769606
0.0014769606
0.0017896311
0.0014769606
0.0017896311
0.0017896311
0.0017896311
0.0017896311
0.0017896311
0.0017896311
0.0014769606
0.0014769606
0.0014769606
0.0017896311
0.0017896311
0.0017896311
0.0017896311
0.0014769606
0.0014769606
0.0017896311
0.0017896311
0.0017896311
0.0021023016
0.0014769606
0.0021023016
0.0014769606
0.0021023016
0.0014769606
0.0017896311
0.0017896311
0.0014769606
0.0014769606
0.0014769606
0.0014769606
0.0017896311
0.0017896311
0.0014769606
0.0017896311
0.0011642902
0.0014769606
0.0021023016
0.0017896311
0.0021023016
0.0021023016
0.0011642902
0.0021023016
0.0014769606
0.0017896311
0.0017896311
0.0021023016
0.0014769606
0.0021023016
0.0021023016
0.0017896311
0.0021023016
0.0017896311
0.0011642902
0.0017896311
0.0017896311
0.0017896311
0.0021023016
0.0017896311
0.0017896311
0.0021023016
0.0021023016
0.0014769606
0.0021023016
0.0021023016
0.0011642902
0.0014769606
0.0017896311
0.0017896311
0.0017896311
0.0014769606
0.0014769606
0.0017896311
0.0017896311
0.0017896311
0.0017896311
0.0017896311
0.0021023016
0.0011642902
0.0021023016
0.0017896311
0.0017896311
0.0017896311
0.0017896311
0.0017896311
0.0017896311
0.0021023016
0.0017896311
0.0021023016
0.0017896311
0.0024149720
0.0017896311
0.0021023016
0.0021023016
0.0014769606
0.0017896311
0.0014769606
0.0017896311
0.0014769606
0.0014769606
0.0017896311
0.0014769606
0.0014769606
0.0021023016
0.0024149720
0.0017896311
0.0021023016
0.0017896311
0.0017896311
0.0017896311
0.0021023016
0.0021023016
0.0021023016
0.0014769606
0.0017896311
0.0021023016
0.0014769606
0.0017896311
0.0014769606
0.0014769606
0.0017896311
0.0014769606
0.0017896311
0.0017896311
0.0014769606
0.0014769606
0.0017896311
0.0021023016
0.0021023016
0.0021023016
0.0017896311
0.0017896311
0.0014769606
0.0014769606
0.0014769606
0.0021023016
0.0011642902
0.0017896311
0.0017896311
0.0021023016
0.0014769606
0.0014769606
0.0017896311
0.0017896311
0.0014769606
0.0017896311
0.0021023016
0.0014769606
0.0014769606
0.0017896311
0.0017896311
0.0017896311
0.0017896311
0.0024149720
0.0017896311
0.0017896311
0.0017896311
0.0017896311
0.0017896311
0.0017896311
0.0021023016
0.0021023016
0.0017896311
0.0021023016
0.0017896311
0.0017896311
0.0024149720
0.0021023016
0.0017896311
0.0021023016
0.0014769606
0.0017896311
0.0017896311
0.0021023016
0.0024149720
0.0017896311
0.0017896311
0.0021023016
0.0017896311
0.0014769606
0.0017896311
0.0021023016
0.0017896311
0.0011642902
0.0014769606
0.0021023016
0.0017896311
0.0014769606
0.0014769606
0.0017896311
0.0024149720
0.0021023016
0.0021023016
0.0017896311
0.0014769606
0.0021023016
0.0011642902
0.0017896311
0.0021023016
0.0017896311
0.0021023016
0.0014769606
0.0017896311
0.0021023016
0.0014769606
0.0014769606
0.0014769606
0.0021023016
0.0017896311
0.0017896311
0.0017896311
0.0017896311
0.0017896311
0.0017896311
0.0021023016
0.0017896311
0.0014769606
0.0024149720
0.0014769606
0.0021023016
0.0017896311
0.0017896311
0.0017896311
0.0021023016
0.0021023016
0.0017896311
0.0021023016
0.0014769606
0.0017896311
0.0017896311
0.0021023016
0.0021023016
0.0017896311
0.0017896311
0.0021023016
0.0021023016
0.0021023016
0.0021023016
0.0014769606
0.0021023016
0.0017896311
0.0017896311
0.0021023016
0.0024149720
0.0017896311
0.0017896311
0.0014769606
0.0021023016
0.0024149720
0.0017896311
0.0024149720
0.0014769606
0.0017896311
0.0017896311
0.0017896311
0.0017896311
0.0014769606
0.0021023016
0.0017896311
0.0021023016
0.0021023016
0.0021023016
0.0024149720
0.0021023016
0.0021023016
0.0021023016
0.0017896311
0.0014769606
0.0021023016
0.0021023016
0.0017896311
0.0021023016
0.0021023016
0.0017896311
0.0021023016
0.0017896311
0.0017896311
0.0021023016
0.0017896311
0.0024149720
0.0021023016
0.0021023016
0.0014769606
0.0014769606
0.0017896311
0.0021023016
0.0021023016
0.0014769606
0.0014769606
0.0011642902
0.0021023016
0.0021023016
0.0017896311
0.0014769606
0.0017896311
0.0014769606
0.0017896311
0.0021023016
0.0017896311
0.0021023016
0.0017896311
0.0014769606
0.0017896311
0.0017896311
0.0017896311
0.0017896311
0.0017896311
0.0017896311
0.0017896311
0.0017896311
0.0024149720
0.0021023016
0.0017896311
0.0017896311
0.0017896311
0.0017896311
0.0021023016
0.0024149720
0.0021023016
0.0021023016
0.0021023016
0.0021023016
0.0021023016
0.0021023016
0.0017896311
0.0021023016
0.0021023016
0.0017896311
0.0024149720
0.0021023016
0.0021023016
0.0021023016
0.0021023016
0.0021023016
0.0014769606
0.0021023016
0.0021023016
0.0017896311
0.0021023016
0.0021023016
0.0017896311
0.0021023016
0.0021023016
0.0017896311
0.0017896311
0.0017896311
0.0017896311
0.0021023016
0.0021023016
0.0024149720
0.0017896311
0.0014769606
0.0017896311
0.0017896311
0.0017896311
0.0017896311
0.0021023016
0.0021023016
0.0021023016
0.0014769606
0.0017896311
0.0021023016
0.0017896311
0.0021023016
0.0017896311
0.0017896311
0.0021023016
0.0021023016
0.0017896311
0.0014769606
0.0021023016
0.0017896311
0.0021023016
0.0017896311
0.0021023016
0.0017896311
0.0017896311
0.0021023016
0.0014769606
0.0021023016
0.0017896311
0.0017896311
0.0024149720
0.0017896311
0.0017896311
0.0021023016
0.0017896311
0.0017896311
0.0014769606
0.0017896311
0.0021023016
0.0017896311
0.0021023016
0.0017896311
0.0021023016
0.0021023016
0.0021023016
0.0021023016
0.0021023016
0.0017896311
0.0017896311
0.0021023016
0.0017896311
0.0021023016
0.0021023016
0.0021023016
0.0021023016
0.0021023016
0.0017896311
0.0021023016
0.0021023016
0.0021023016
0.0014769606
0.0021023016
0.0017896311
0.0024149720
0.0024149720
0.0021023016
0.0021023016
0.0021023016
0.0021023016
0.0017896311
0.0021023016
0.0021023016
0.0021023016
0.0021023016
0.0017896311
0.0017896311
0.0014769606
0.0014769606
0.0021023016
0.0017896311
0.0024149720
0.0021023016
0.0017896311
0.0024149720
0.0021023016
0.0017896311
0.0014769606
0.0021023016
0.0021023016
0.0021023016
0.0024149720
0.0017896311
0.0021023016
0.0021023016
0.0021023016
0.0014769606
0.0017896311
0.0021023016
0.0021023016
0.0021023016
0.0017896311
0.0021023016
0.0021023016
0.0021023016
0.0014769606
0.0021023016
0.0021023016
0.0017896311
0.0017896311
0.0017896311
0.0021023016
0.0017896311
0.0021023016
0.0021023016
0.0021023016
0.0024149720
0.0017896311
0.0021023016
0.0021023016
0.0021023016
0.0017896311
0.0021023016
0.0017896311
0.0021023016
0.0021023016
0.0014769606
0.0017896311
0.0017896311
0.0021023016
0.0017896311
0.0021023016
0.0021023016
0.0021023016
0.0014769606
0.0024149720
0.0017896311
0.0014769606
0.0021023016
0.0021023016
0.0021023016
0.0021023016
0.0021023016
0.0021023016
0.0021023016
0.0024149720
0.0017896311
0.0021023016
0.0014769606
0.0021023016
0.0024149720
0.0021023016
0.0024149720
0.0014769606
0.0024149720
0.0017896311
0.0017896311
0.0021023016
0.0014769606
0.0021023016
0.0017896311
0.0021023016
0.0021023016
0.0017896311
0.0017896311
0.0021023016
0.0021023016
0.0021023016
0.0024149720
0.0017896311
0.0017896311
0.0024149720
0.0021023016
0.0021023016
0.0024149720
0.0021023016
0.0021023016
0.0021023016
0.0017896311
0.0021023016
0.0021023016
0.0024149720
0.0017896311
0.0021023016
0.0017896311
0.0014769606
0.0027276425
0.0017896311
0.0021023016
0.0021023016
0.0021023016
0.0017896311
0.0021023016
0.0021023016
0.0014769606
0.0017896311
0.0017896311
0.0017896311
0.0021023016
0.0021023016
0.0021023016
0.0014769606
0.0021023016
0.0021023016
0.0024149720
0.0014769606
0.0014769606
0.0014769606
0.0017896311
0.0017896311
0.0017896311
0.0017896311
0.0017896311
0.0021023016
0.0021023016
0.0021023016
0.0024149720
0.0024149720
0.0021023016
0.0021023016
0.0021023016
0.0024149720
0.0021023016
0.0021023016
0.0017896311
0.0024149720
0.0021023016
0.0021023016
0.0017896311
0.0021023016
0.0014769606
0.0021023016
0.0021023016
0.0024149720
0.0024149720
0.0021023016
0.0021023016
0.0017896311
0.0021023016
0.0021023016
0.0017896311
0.0021023016
0.0021023016
0.0021023016
0.0021023016
0.0021023016
0.0021023016
0.0021023016
0.0017896311
0.0017896311
0.0021023016
0.0021023016
0.0017896311
0.0021023016
0.0021023016
0.0021023016
0.0021023016
0.0024149720
0.0021023016
0.0021023016
0.0017896311
0.0021023016
0.0021023016
0.0021023016
0.0021023016
0.0021023016
0.0021023016
0.0021023016
0.0021023016
0.0017896311
0.0017896311
0.0017896311
0.0017896311
0.0021023016
0.0021023016
0.0024149720
0.0021023016
0.0017896311
0.0017896311
0.0017896311
0.0017896311
0.0014769606
0.0017896311
0.0014769606
0.0024149720
0.0021023016
0.0021023016
0.0021023016
0.0021023016
0.0021023016
0.0021023016
0.0024149720
0.0024149720
0.0017896311
0.0024149720
0.0021023016
0.0017896311
0.0021023016
0.0017896311
0.0017896311
0.0021023016
0.0017896311
0.0017896311
0.0017896311
0.0021023016
0.0021023016
0.0017896311
0.0024149720
0.0021023016
0.0021023016
0.0024149720
0.0024149720
0.0017896311
0.0017896311
0.0021023016
0.0024149720
0.0021023016
0.0017896311
0.0021023016
0.0021023016
0.0021023016
0.0021023016
0.0021023016
0.0021023016
0.0017896311
0.0021023016
0.0021023016
0.0021023016
0.0014769606
0.0017896311
0.0021023016
0.0017896311
0.0024149720
0.0017896311
0.0017896311
0.0017896311
0.0021023016
0.0017896311
0.0017896311
0.0021023016
0.0017896311
0.0021023016
0.0021023016
0.0024149720
0.0014769606
0.0021023016
0.0021023016
0.0021023016
0.0021023016
0.0021023016
0.0021023016
0.0017896311
0.0021023016
0.0014769606
0.0024149720
0.0021023016
0.0024149720
0.0021023016
0.0021023016
0.0024149720
0.0021023016
0.0021023016
0.0021023016
0.0021023016
0.0017896311
0.0021023016
0.0017896311
0.0017896311
0.0024149720
0.0021023016
0.0021023016
0.0021023016
0.0021023016
0.0017896311
0.0014769606
0.0021023016
0.0021023016
0.0021023016
0.0021023016
0.0014769606
0.0021023016
0.0021023016
0.0021023016
0.0021023016
0.0017896311
0.0021023016
0.0021023016
0.0024149720
0.0021023016
0.0021023016
0.0011642902
0.0017896311
0.0017896311
0.0021023016
0.0021023016
0.0021023016
0.0024149720
0.0024149720
0.0021023016
0.0024149720
0.0021023016
0.0021023016
0.0017896311
0.0021023016
0.0017896311
0.0017896311
0.0017896311
0.0021023016
0.0021023016
0.0021023016
0.0021023016
0.0021023016
0.0021023016
0.0024149720
0.0021023016
0.0017896311
0.0024149720
0.0021023016
0.0021023016
0.0021023016
0.0021023016
0.0021023016
0.0021023016
0.0017896311
0.0021023016
0.0017896311
0.0024149720
0.0021023016
0.0017896311
0.0021023016
0.0014769606
0.0021023016
0.0024149720
0.0017896311
0.0024149720
0.0017896311
0.0021023016
0.0021023016
0.0017896311
0.0021023016
0.0021023016
0.0021023016
0.0017896311
0.0021023016
0.0024149720
0.0021023016
0.0021023016
0.0017896311
0.0021023016
0.0017896311
0.0017896311
0.0024149720
0.0024149720
0.0021023016
0.0021023016
0.0017896311
0.0021023016
0.0021023016
0.0021023016
0.0021023016
0.0021023016
0.0024149720
0.0017896311
0.0017896311
0.0021023016
0.0017896311
0.0021023016
0.0021023016
0.0021023016
0.0017896311
0.0021023016
0.0017896311
0.0024149720
0.0017896311
0.0017896311
0.0017896311
0.0017896311
0.0017896311
0.0021023016
0.0017896311
0.0021023016
0.0021023016
0.0021023016
0.0021023016
0.0021023016
0.0021023016
0.0021023016
0.0017896311
0.0021023016
0.0021023016
0.0021023016
0.0024149720
0.0017896311
0.0024149720
0.0021023016
0.0014769606
0.0017896311
0.0021023016
0.0021023016
0.0014769606
0.0021023016
0.0024149720
0.0021023016
0.0021023016
0.0017896311
0.0024149720
0.0017896311
0.0017896311
0.0021023016
0.0021023016
0.0024149720
0.0017896311
0.0017896311
0.0017896311
0.0021023016
0.0021023016
0.0017896311
0.0027276425
0.0024149720
0.0021023016
0.0024149720
0.0021023016
0.0021023016
0.0021023016
0.0021023016
0.0021023016
0.0017896311
0.0017896311
0.0021023016
0.0024149720
0.0021023016
0.0024149720
0.0017896311
0.0021023016
0.0021023016
0.0024149720
0.0021023016
0.0021023016
0.0024149720
0.0021023016
0.0021023016
0.0021023016
0.0017896311
0.0021023016
0.0024149720
0.0021023016
0.0017896311
0.0017896311
0.0021023016
0.0024149720
0.0021023016
0.0017896311
0.0021023016
0.0024149720
0.0027276425
0.0021023016
0.0017896311
0.0017896311
0.0024149720
0.0024149720
0.0021023016
0.0021023016
0.0021023016
0.0021023016
0.0017896311
0.0021023016
0.0021023016
0.0024149720
0.0021023016
0.0021023016
0.0021023016
0.0021023016
0.0017896311
0.0021023016
0.0021023016
0.0024149720
0.0021023016
0.0017896311
0.0024149720
0.0017896311
0.0017896311
0.0021023016
0.0017896311
0.0021023016
0.0021023016
0.0017896311
0.0017896311
0.0021023016
0.0017896311
0.0021023016
0.0017896311
0.0021023016
0.0021023016
0.0024149720
0.0024149720
0.0017896311
0.0021023016
0.0017896311
0.0021023016
0.0021023016
0.0021023016
0.0021023016
0.0024149720
0.0017896311
0.0021023016
0.0024149720
0.0024149720
0.0021023016
0.0021023016
0.0021023016
0.0017896311
0.0017896311
0.0021023016
0.0014769606
0.0021023016
0.0021023016
0.0021023016
0.0024149720
0.0021023016
0.0024149720
0.0024149720
0.0021023016
0.0017896311
0.0021023016
0.0024149720
0.0021023016
0.0021023016
0.0021023016
0.0017896311
0.0021023016
0.0017896311
0.0024149720
0.0017896311
0.0017896311
0.0017896311
0.0021023016
0.0021023016
0.0021023016
0.0017896311
0.0017896311
0.0021023016
0.0021023016
0.0017896311
0.0021023016
0.0014769606
0.0024149720
0.0017896311
0.0021023016
0.0021023016
0.0021023016
0.0021023016
0.0021023016
0.0017896311
0.0021023016
0.0021023016
0.0024149720
0.0021023016
0.0017896311
0.0021023016
0.0021023016
0.0021023016
0.0021023016
0.0017896311
0.0024149720
0.0017896311
0.0017896311
0.0021023016
0.0017896311
0.0021023016
0.0017896311
0.0021023016
0.0014769606
0.0021023016
0.0017896311
0.0021023016
0.0017896311
0.0021023016
0.0021023016
0.0024149720
0.0021023016
0.0024149720
0.0017896311
0.0017896311
0.0021023016
0.0021023016
0.0017896311
0.0021023016
0.0017896311
0.0027276425
0.0017896311
0.0021023016
0.0024149720
0.0021023016
0.0024149720
0.0024149720
0.0021023016
0.0021023016
0.0017896311
0.0024149720
0.0021023016
0.0017896311
0.0017896311
0.0017896311
0.0021023016
0.0021023016
0.0021023016
0.0021023016
0.0021023016
0.0017896311
0.0021023016
0.0021023016
0.0017896311
0.0021023016
0.0017896311
0.0017896311
0.0021023016
0.0021023016
0.0021023016
0.0024149720
0.0017896311
0.0021023016
0.0021023016
0.0021023016
0.0017896311
0.0021023016
0.0024149720
0.0017896311
0.0014769606
0.0021023016
0.0017896311
0.0021023016
0.0024149720
0.0021023016
0.0021023016
0.0017896311
0.0021023016
0.0021023016
0.0017896311
0.0021023016
0.0021023016
0.0021023016
0.0024149720
0.0024149720
0.0021023016
0.0021023016
0.0021023016
0.0021023016
0.0021023016
0.0017896311
0.0021023016
0.0021023016
0.0021023016
0.0017896311
0.0021023016
0.0021023016
0.0017896311
0.0021023016
0.0017896311
0.0024149720
0.0017896311
0.0021023016
0.0017896311
0.0024149720
0.0024149720
0.0017896311
0.0024149720
0.0024149720
0.0021023016
0.0021023016
0.0017896311
0.0021023016
0.0021023016
0.0021023016
0.0021023016
0.0024149720
0.0021023016
0.0021023016
0.0017896311
0.0021023016
0.0021023016
0.0021023016
0.0021023016
0.0024149720
0.0014769606
0.0021023016
0.0024149720
0.0021023016
0.0017896311
0.0021023016
0.0017896311
0.0021023016
0.0024149720
0.0024149720
0.0017896311
0.0017896311
0.0017896311
0.0017896311
0.0017896311
0.0024149720
0.0024149720
0.0021023016
0.0021023016
0.0024149720
0.0024149720
0.0021023016
0.0021023016
0.0021023016
0.0017896311
0.0021023016
0.0021023016
0.0021023016
0.0021023016
0.0024149720
0.0021023016
0.0021023016
0.0017896311
0.0021023016
0.0021023016
0.0021023016
0.0021023016
0.0021023016
0.0017896311
0.0021023016
0.0021023016
0.0017896311
0.0021023016
0.0021023016
0.0024149720
0.0017896311
0.0021023016
0.0021023016
0.0017896311
0.0017896311
0.0017896311
0.0021023016
0.0017896311
0.0021023016
0.0017896311
0.0017896311
0.0017896311
0.0021023016
0.0024149720
0.0017896311
0.0021023016
0.0014769606
0.0021023016
0.0017896311
0.0021023016
0.0021023016
0.0017896311
0.0017896311
0.0021023016
0.0021023016
0.0021023016
0.0017896311
0.0021023016
0.0017896311
0.0021023016
0.0021023016
0.0021023016
0.0021023016
0.0024149720
0.0021023016
0.0017896311
0.0024149720
0.0021023016
0.0021023016
0.0021023016
0.0024149720
0.0021023016
0.0021023016
0.0017896311
0.0024149720
0.0024149720
0.0021023016
0.0021023016
0.0017896311
0.0021023016
0.0021023016
0.0024149720
0.0021023016
0.0017896311
0.0017896311
0.0021023016
0.0021023016
0.0024149720
0.0021023016
0.0017896311
0.0024149720
0.0021023016
0.0021023016
0.0017896311
0.0024149720
0.0021023016
0.0021023016
0.0017896311
0.0024149720
0.0021023016
0.0017896311
0.0021023016
0.0021023016
0.0024149720
0.0027276425
0.0017896311
0.0024149720
0.0021023016
0.0021023016
0.0011642902
0.0021023016
0.0021023016
0.0021023016
0.0021023016
0.0021023016
0.0021023016
0.0021023016
0.0017896311
0.0017896311
0.0021023016
0.0021023016
0.0017896311
0.0024149720
0.0024149720
0.0014769606
0.0021023016
0.0017896311
0.0021023016
0.0024149720
0.0021023016
0.0017896311
0.0021023016
0.0024149720
0.0017896311
0.0021023016
0.0021023016
0.0017896311
0.0021023016
0.0017896311
0.0017896311
0.0021023016
0.0021023016
0.0024149720
0.0017896311
0.0017896311
0.0021023016
0.0021023016
0.0017896311
0.0024149720
0.0014769606
0.0021023016
0.0017896311
0.0014769606
0.0017896311
0.0021023016
0.0021023016
0.0024149720
0.0021023016
0.0017896311
0.0017896311
0.0017896311
0.0021023016
0.0017896311
0.0021023016
0.0024149720
0.0017896311
0.0021023016
0.0021023016
0.0024149720
0.0017896311
0.0021023016
0.0021023016
0.0021023016
0.0017896311
0.0024149720
0.0021023016
0.0021023016
0.0017896311
0.0017896311
0.0021023016
0.0021023016
0.0017896311
0.0021023016
0.0021023016
0.0021023016
0.0021023016
0.0024149720
0.0021023016
0.0021023016
0.0017896311
0.0024149720
0.0021023016
0.0021023016
0.0021023016
0.0017896311
0.0017896311
0.0017896311
0.0021023016
0.0021023016
0.0021023016
0.0017896311
0.0017896311
0.0017896311
0.0024149720
0.0021023016
0.0024149720
0.0017896311
0.0021023016
0.0014769606
0.0021023016
0.0021023016
0.0017896311
0.0017896311
0.0017896311
0.0021023016
0.0017896311
0.0021023016
0.0017896311
0.0024149720
0.0017896311
0.0017896311
0.0021023016
0.0017896311
0.0021023016
0.0021023016
0.0017896311
0.0021023016
0.0024149720
0.0014769606
0.0021023016
0.0017896311
0.0017896311
0.0024149720
0.0021023016
0.0017896311
0.0021023016
0.0017896311
0.0024149720
0.0021023016
0.0021023016
0.0021023016
0.0021023016
0.0017896311
0.0021023016
0.0021023016
0.0021023016
0.0021023016
0.0021023016
0.0021023016
0.0021023016
0.0021023016
0.0021023016
0.0024149720
0.0021023016
0.0021023016
0.0021023016
0.0024149720
0.0021023016
0.0024149720
0.0017896311
0.0017896311
0.0021023016
0.0017896311
0.0017896311
0.0021023016
0.0021023016
0.0017896311
0.0017896311
0.0017896311
0.0021023016
0.0021023016
0.0021023016
0.0017896311
0.0021023016
0.0021023016
0.0021023016
0.0021023016
0.0021023016
0.0024149720
0.0024149720
0.0017896311
0.0014769606
0.0021023016
0.0024149720
0.0024149720
0.0021023016
0.0021023016
0.0021023016
0.0017896311
0.0021023016
0.0021023016
0.0021023016
0.0017896311
0.0021023016
0.0021023016
0.0021023016
0.0017896311
0.0017896311
0.0017896311
0.0024149720
0.0024149720
0.0021023016
0.0021023016
0.0021023016
0.0017896311
0.0021023016
0.0017896311
0.0017896311
0.0021023016
0.0021023016
0.0017896311
0.0021023016
0.0021023016
0.0024149720
0.0021023016
0.0024149720
0.0017896311
0.0021023016
0.0024149720
0.0021023016
0.0017896311
0.0017896311
0.0017896311
0.0024149720
0.0021023016
0.0024149720
0.0024149720
0.0021023016
0.0021023016
0.0024149720
0.0021023016
0.0024149720
0.0021023016
0.0024149720
0.0017896311
0.0017896311
0.0021023016
0.0021023016
0.0021023016
0.0024149720
0.0017896311
0.0021023016
0.0021023016
0.0021023016
0.0017896311
0.0021023016
0.0021023016
0.0021023016
0.0017896311
0.0021023016
0.0021023016
0.0014769606
0.0021023016
0.0021023016
0.0021023016
0.0021023016
0.0021023016
0.0021023016
0.0021023016
0.0024149720
0.0021023016
0.0021023016
0.0021023016
0.0017896311
0.0021023016
0.0024149720
0.0017896311
0.0021023016
0.0017896311
0.0017896311
0.0021023016
0.0021023016
0.0017896311
0.0021023016
0.0021023016
0.0021023016
0.0021023016
0.0024149720
0.0021023016
0.0021023016
0.0017896311
0.0021023016
0.0014769606
0.0021023016
0.0021023016
0.0017896311
0.0021023016
0.0017896311
0.0021023016
0.0021023016
0.0017896311
0.0021023016
0.0021023016
0.0021023016
0.0021023016
0.0021023016
0.0017896311
0.0021023016
0.0021023016
0.0021023016
0.0021023016
0.0017896311
0.0017896311
0.0027276425
0.0014769606
0.0021023016
0.0021023016
0.0017896311
0.0021023016
0.0021023016
0.0024149720
0.0017896311
0.0017896311
0.0017896311
0.0027276425
0.0024149720
0.0024149720
0.0021023016
0.0021023016
0.0017896311
0.0017896311
0.0017896311
0.0017896311
0.0017896311
0.0021023016
0.0021023016
0.0021023016
0.0021023016
0.0021023016
0.0021023016
0.0021023016
0.0021023016
0.0021023016
0.0017896311
0.0021023016
0.0021023016
0.0024149720
0.0017896311
0.0021023016
0.0017896311
0.0021023016
0.0017896311
0.0021023016
0.0017896311
0.0017896311
0.0021023016
0.0017896311
0.0017896311
0.0021023016
0.0021023016
0.0021023016
0.0021023016
0.0021023016
0.0021023016
0.0021023016
0.0017896311
0.0021023016
0.0024149720
0.0021023016
0.0021023016
0.0021023016
0.0021023016
0.0021023016
0.0021023016
0.0021023016
0.0024149720
0.0017896311
0.0021023016
0.0021023016
0.0021023016
0.0021023016
0.0021023016
0.0021023016
0.0021023016
0.0017896311
0.0017896311
0.0021023016
0.0021023016
0.0021023016
0.0017896311
0.0024149720
0.0014769606
0.0017896311
0.0017896311
0.0021023016
0.0024149720
0.0021023016
0.0017896311
0.0021023016
0.0021023016
0.0021023016
0.0021023016
0.0014769606
0.0021023016
0.0017896311
0.0014769606
0.0017896311
0.0017896311
0.0021023016
0.0021023016
0.0024149720
0.0017896311
0.0024149720
0.0021023016
0.0021023016
0.0017896311
0.0021023016
0.0021023016
0.0021023016
0.0021023016
0.0024149720
0.0017896311
0.0021023016
0.0021023016
0.0021023016
0.0021023016
0.0024149720
0.0021023016
0.0021023016
0.0017896311
0.0021023016
0.0017896311
0.0021023016
0.0017896311
0.0017896311
0.0021023016
0.0021023016
0.0021023016
0.0021023016
0.0024149720
0.0021023016
0.0021023016
0.0021023016
0.0024149720
0.0014769606
0.0017896311
0.0017896311
0.0017896311
0.0021023016
0.0021023016
0.0021023016
0.0021023016
0.0024149720
0.0021023016
0.0024149720
0.0027276425
0.0017896311
0.0024149720
0.0021023016
0.0017896311
0.0017896311
0.0024149720
0.0017896311
0.0021023016
0.0024149720
0.0017896311
0.0024149720
0.0021023016
0.0017896311
0.0021023016
0.0021023016
0.0024149720
0.0017896311
0.0017896311
0.0024149720
0.0021023016
0.0017896311
0.0024149720
0.0021023016
0.0021023016
0.0017896311
0.0024149720
0.0024149720
0.0024149720
0.0027276425
0.0021023016
0.0021023016
0.0017896311
0.0024149720
0.0017896311
0.0021023016
0.0014769606
0.0021023016
0.0021023016
0.0021023016
0.0021023016
0.0021023016
0.0017896311
0.0017896311
0.0017896311
0.0017896311
0.0014769606
0.0021023016
0.0021023016
0.0021023016
0.0017896311
0.0021023016
0.0021023016
0.0021023016
0.0017896311
0.0024149720
0.0017896311
0.0017896311
0.0017896311
0.0017896311
0.0017896311
0.0017896311
0.0017896311
0.0021023016
0.0017896311
0.0017896311
0.0014769606
0.0014769606
0.0014769606
0.0021023016
0.0014769606
0.0017896311
0.0021023016
0.0021023016
0.0017896311
0.0017896311
0.0024149720
0.0021023016
0.0021023016
0.0017896311
0.0021023016
0.0021023016
0.0021023016
0.0024149720
0.0014769606
0.0017896311
0.0017896311
0.0021023016
0.0021023016
0.0024149720
0.0024149720
0.0021023016
0.0017896311
0.0021023016
0.0017896311
0.0017896311
0.0017896311
0.0017896311
0.0017896311
0.0021023016
0.0024149720
0.0017896311
0.0017896311
0.0017896311
0.0021023016
0.0017896311
0.0021023016
0.0017896311
0.0021023016
0.0021023016
0.0024149720
0.0017896311
0.0021023016
0.0021023016
0.0021023016
0.0021023016
0.0021023016
0.0017896311
0.0021023016
0.0024149720
0.0021023016
0.0017896311
0.0021023016
0.0021023016
0.0024149720
0.0021023016
0.0017896311
0.0017896311
0.0021023016
0.0021023016
0.0021023016
0.0021023016
0.0017896311
0.0024149720
0.0021023016
0.0021023016
0.0017896311
0.0021023016
0.0017896311
0.0017896311
0.0024149720
0.0021023016
0.0017896311
0.0021023016
0.0021023016
0.0017896311
0.0017896311
0.0021023016
0.0021023016
0.0017896311
0.0021023016
0.0021023016
0.0017896311
0.0021023016
0.0021023016
0.0017896311
0.0021023016
0.0021023016
0.0021023016
0.0021023016
0.0017896311
0.0014769606
0.0017896311
0.0017896311
0.0021023016
0.0021023016
0.0021023016
0.0017896311
0.0024149720
0.0021023016
0.0021023016
0.0017896311
0.0021023016
0.0021023016
0.0024149720
0.0021023016
0.0017896311
0.0017896311
0.0021023016
0.0021023016
0.0021023016
0.0021023016
0.0017896311
0.0024149720
0.0021023016
0.0017896311
0.0017896311
0.0021023016
0.0017896311
0.0021023016
0.0021023016
0.0021023016
0.0017896311
0.0017896311
0.0021023016
0.0017896311
0.0021023016
0.0021023016
0.0021023016
0.0017896311
0.0021023016
0.0014769606
0.0017896311
0.0021023016
0.0017896311
0.0021023016
0.0021023016
0.0021023016
0.0017896311
0.0021023016
0.0021023016
0.0021023016
0.0021023016
0.0017896311
0.0021023016
0.0017896311
0.0017896311
0.0021023016
0.0021023016
0.0017896311
0.0017896311
0.0021023016
0.0017896311
0.0017896311
0.0014769606
0.0017896311
0.0024149720
0.0017896311
0.0017896311
0.0017896311
0.0017896311
0.0017896311
0.0021023016
0.0021023016
0.0017896311
0.0027276425
0.0024149720
0.0021023016
0.0024149720
0.0021023016
0.0021023016
0.0021023016
0.0017896311
0.0017896311
0.0021023016
0.0017896311
0.0021023016
0.0021023016
0.0021023016
0.0021023016
0.0021023016
0.0021023016
0.0021023016
0.0021023016
0.0021023016
0.0021023016
0.0021023016
0.0017896311
0.0024149720
0.0017896311
0.0021023016
0.0017896311
0.0021023016
0.0021023016
0.0021023016
0.0024149720
0.0024149720
0.0017896311
0.0024149720
0.0017896311
0.0017896311
0.0017896311
0.0017896311
0.0014769606
0.0021023016
0.0017896311
0.0017896311
0.0017896311
0.0021023016
0.0021023016
0.0024149720
0.0021023016
0.0021023016
0.0021023016
0.0017896311
0.0021023016
0.0024149720
0.0017896311
0.0021023016
0.0024149720
0.0017896311
0.0021023016
0.0017896311
0.0021023016
0.0017896311
0.0021023016
0.0021023016
0.0021023016
0.0024149720
0.0024149720
0.0021023016
0.0017896311
0.0021023016
0.0017896311
0.0021023016
0.0017896311
0.0021023016
0.0021023016
0.0021023016
0.0024149720
0.0017896311
0.0017896311
0.0021023016
0.0014769606
0.0024149720
0.0021023016
0.0017896311
0.0021023016
0.0017896311
0.0017896311
0.0017896311
0.0017896311
0.0021023016
0.0027276425
0.0017896311
0.0017896311
0.0017896311
0.0024149720
0.0021023016
0.0017896311
0.0024149720
0.0017896311
0.0014769606
0.0024149720
0.0021023016
0.0017896311
0.0021023016
0.0014769606
0.0021023016
0.0021023016
0.0021023016
0.0021023016
0.0021023016
0.0021023016
0.0021023016
0.0021023016
0.0017896311
0.0021023016
0.0021023016
0.0021023016
0.0021023016
0.0021023016
0.0017896311
0.0021023016
0.0021023016
0.0021023016
0.0021023016
0.0021023016
0.0021023016
0.0017896311
0.0017896311
0.0021023016
0.0021023016
0.0014769606
0.0021023016
0.0017896311
0.0021023016
0.0021023016
0.0021023016
0.0021023016
0.0021023016
0.0024149720
0.0021023016
0.0021023016
0.0021023016
0.0021023016
0.0014769606
0.0021023016
0.0021023016
0.0021023016
0.0021023016
0.0021023016
0.0021023016
0.0021023016
0.0021023016
0.0021023016
0.0021023016
0.0017896311
0.0021023016
0.0014769606
0.0017896311
0.0021023016
0.0021023016
0.0021023016
0.0021023016
0.0017896311
0.0017896311
0.0021023016
0.0021023016
0.0021023016
0.0021023016
0.0024149720
0.0021023016
0.0017896311
0.0014769606
0.0021023016
0.0017896311
0.0017896311
0.0017896311
0.0021023016
0.0021023016
0.0021023016
0.0017896311
0.0017896311
0.0021023016
0.0021023016
0.0021023016
0.0021023016
0.0017896311
0.0017896311
0.0021023016
0.0017896311
0.0017896311
0.0021023016
0.0024149720
0.0017896311
0.0021023016
0.0017896311
0.0021023016
0.0017896311
0.0017896311
0.0017896311
0.0014769606
0.0017896311
0.0017896311
0.0021023016
0.0021023016
0.0017896311
0.0021023016
0.0017896311
0.0024149720
0.0017896311
0.0017896311
0.0017896311
0.0021023016
0.0017896311
0.0014769606
0.0021023016
0.0021023016
0.0021023016
0.0017896311
0.0021023016
0.0021023016
0.0017896311
0.0021023016
0.0017896311
0.0021023016
0.0024149720
0.0017896311
0.0021023016
0.0021023016
0.0021023016
0.0021023016
0.0024149720
0.0017896311
0.0017896311
0.0021023016
0.0017896311
0.0014769606
0.0017896311
0.0017896311
0.0017896311
0.0021023016
0.0021023016
0.0021023016
0.0021023016
0.0021023016
0.0017896311
0.0024149720
0.0021023016
0.0021023016
0.0021023016
0.0021023016
0.0021023016
0.0021023016
0.0021023016
0.0021023016
0.0017896311
0.0021023016
0.0021023016
0.0017896311
0.0017896311
0.0017896311
0.0021023016
0.0021023016
0.0014769606
0.0021023016
0.0021023016
0.0021023016
0.0021023016
0.0021023016
0.0021023016
0.0021023016
0.0021023016
0.0021023016
0.0014769606
0.0021023016
0.0017896311
0.0017896311
0.0021023016
0.0017896311
0.0017896311
0.0017896311
0.0021023016
0.0021023016
0.0021023016
0.0021023016
0.0021023016
0.0024149720
0.0021023016
0.0021023016
0.0017896311
0.0014769606
0.0021023016
0.0021023016
0.0021023016
0.0021023016
0.0017896311
0.0017896311
0.0021023016
0.0021023016
0.0021023016
0.0021023016
0.0021023016
0.0021023016
0.0017896311
0.0021023016
0.0021023016
0.0021023016
0.0021023016
0.0021023016
0.0017896311
0.0021023016
0.0024149720
0.0021023016
0.0021023016
0.0021023016
0.0021023016
0.0021023016
0.0017896311
0.0021023016
0.0021023016
0.0014769606
0.0021023016
0.0021023016
0.0021023016
0.0021023016
0.0017896311
0.0021023016
0.0017896311
0.0021023016
0.0021023016
0.0021023016
0.0014769606
0.0021023016
0.0021023016
0.0021023016
0.0021023016
0.0021023016
0.0017896311
0.0021023016
0.0021023016
0.0021023016
0.0024149720
0.0021023016
0.0021023016
0.0021023016
0.0021023016
0.0021023016
0.0017896311
0.0021023016
0.0017896311
0.0021023016
0.0017896311
0.0021023016
0.0017896311
0.0021023016
0.0021023016
0.0021023016
0.0017896311
0.0021023016
0.0017896311
0.0021023016
0.0017896311
0.0017896311
0.0021023016
0.0017896311
0.0021023016
0.0021023016
0.0017896311
0.0024149720
0.0014769606
0.0017896311
0.0017896311
0.0017896311
0.0027276425
0.0024149720
0.0014769606
0.0017896311
0.0017896311
0.0021023016
0.0017896311
0.0017896311
0.0017896311
0.0024149720
0.0024149720
0.0024149720
0.0024149720
0.0021023016
0.0021023016
0.0021023016
0.0017896311
0.0021023016
0.0024149720
0.0021023016
0.0021023016
0.0024149720
0.0021023016
0.0021023016
0.0024149720
0.0021023016
0.0017896311
0.0021023016
0.0021023016
0.0021023016
0.0021023016
0.0021023016
0.0021023016
0.0021023016
0.0017896311
0.0021023016
0.0021023016
0.0017896311
0.0021023016
0.0017896311
0.0017896311
0.0021023016
0.0014769606
0.0024149720
0.0024149720
0.0017896311
0.0021023016
0.0017896311
0.0014769606
0.0021023016
0.0021023016
0.0017896311
0.0021023016
0.0021023016
0.0021023016
0.0024149720
0.0021023016
0.0024149720
0.0017896311
0.0017896311
0.0017896311
0.0021023016
0.0014769606
0.0021023016
0.0021023016
0.0021023016
0.0021023016
0.0021023016
0.0021023016
0.0017896311
0.0021023016
0.0014769606
0.0017896311
0.0014769606
0.0021023016
0.0014769606
0.0039783244
0.0286792916
0.0665124192
0.0633857144
0.0343073601
0.0105444042
0.0021023016
0.0017896311
0.0017896311
0.0014769606
0.0011642902
0.0017896311
0.0021023016
0.0014769606
0.0014769606
0.0014769606
0.0011642902
0.0011642902
0.0014769606
0.0014769606
0.0021023016
0.0021023016
0.0021023016
0.0021023016
0.0017896311
0.0011642902
0.0014769606
0.0017896311
0.0017896311
0.0014769606
0.0017896311
0.0017896311
0.0017896311
0.0017896311
0.0017896311
0.0017896311
0.0014769606
0.0014769606
0.0017896311
0.0017896311
0.0017896311
0.0014769606
0.0017896311
0.0017896311
0.0014769606
0.0014769606
0.0017896311
0.0014769606
0.0017896311
0.0017896311
0.0017896311
0.0021023016
0.0014769606
0.0017896311
0.0014769606
0.0014769606
0.0017896311
0.0014769606
0.0017896311
0.0011642902
0.0017896311
0.0017896311
0.0021023016
0.0017896311
0.0014769606
0.0011642902
0.0017896311
0.0014769606
0.0011642902
0.0017896311
0.0014769606
0.0017896311
0.0017896311
0.0014769606
0.0017896311
0.0017896311
0.0014769606
0.0017896311
0.0021023016
0.0011642902
0.0014769606
0.0014769606
0.0014769606
0.0014769606
0.0011642902
0.0021023016
0.0017896311
0.0021023016
0.0017896311
0.0014769606
0.0014769606
0.0021023016
0.0017896311
0.0014769606
0.0017896311
0.0017896311
0.0014769606
0.0011642902
0.0021023016
0.0014769606
0.0011642902
0.0014769606
0.0017896311
0.0017896311
0.0021023016
0.0021023016
0.0017896311
0.0017896311
0.0014769606
0.0021023016
0.0014769606
0.0014769606
0.0017896311
0.0011642902
0.0017896311
0.0017896311
0.0017896311
0.0014769606
0.0021023016
0.0017896311
0.0017896311
0.0017896311
0.0014769606
0.0014769606
0.0017896311
0.0014769606
0.0014769606
0.0014769606
0.0014769606
0.0017896311
0.0017896311
0.0017896311
0.0017896311
0.0014769606
0.0021023016
0.0014769606
0.0017896311
0.0021023016
0.0017896311
0.0021023016
0.0014769606
0.0021023016
0.0017896311
0.0021023016
0.0014769606
0.0024149720
0.0017896311
0.0014769606
0.0017896311
0.0014769606
0.0021023016
0.0017896311
0.0017896311
0.0017896311
0.0014769606
0.0014769606
0.0014769606
0.0017896311
0.0017896311
0.0014769606
0.0021023016
0.0014769606
0.0017896311
0.0014769606
0.0014769606
0.0011642902
0.0014769606
0.0011642902
0.0021023016
0.0014769606
0.0014769606
0.0014769606
0.0017896311
0.0017896311
0.0014769606
0.0014769606
0.0014769606
0.0017896311
0.0014769606
0.0014769606
0.0021023016
0.0017896311
0.0014769606
0.0017896311
0.0017896311
0.0014769606
0.0017896311
0.0017896311
0.0017896311
0.0024149720
0.0021023016
0.0014769606
0.0014769606
0.0021023016
0.0021023016
0.0021023016
0.0024149720
0.0014769606
0.0017896311
0.0017896311
0.0014769606
0.0017896311
0.0014769606
0.0014769606
0.0017896311
0.0017896311
0.0021023016
0.0017896311
0.0014769606
0.0017896311
0.0017896311
0.0014769606
0.0021023016
0.0014769606
0.0014769606
0.0014769606
0.0017896311
0.0021023016
0.0014769606
0.0017896311
0.0017896311
0.0017896311
0.0017896311
0.0017896311
0.0017896311
0.0014769606
0.0017896311
0.0021023016
0.0014769606
0.0014769606
0.0014769606
0.0017896311
0.0017896311
0.0014769606
0.0017896311
0.0021023016
0.0017896311
0.0014769606
0.0014769606
0.0014769606
0.0017896311
0.0017896311
0.0014769606
0.0021023016
0.0014769606
0.0017896311
0.0014769606
0.0017896311
0.0014769606
0.0017896311
0.0017896311
0.0014769606
0.0017896311
0.0014769606
0.0014769606
0.0014769606
0.0017896311
0.0014769606
0.0017896311
0.0017896311
0.0021023016
0.0014769606
0.0017896311
0.0021023016
0.0017896311
0.0014769606
0.0014769606
0.0017896311
0.0017896311
0.0017896311
0.0017896311
0.0017896311
0.0021023016
0.0017896311
0.0017896311
0.0014769606
0.0014769606
0.0017896311
0.0017896311
0.0021023016
0.0021023016
0.0014769606
0.0021023016
0.0014769606
0.0021023016
0.0011642902
0.0021023016
0.0017896311
0.0021023016
0.0017896311
0.0014769606
0.0014769606
0.0017896311
0.0021023016
0.0014769606
0.0024149720
0.0014769606
0.0014769606
0.0011642902
0.0021023016
0.0011642902
0.0017896311
0.0017896311
0.0017896311
0.0014769606
0.0014769606
0.0014769606
0.0014769606
0.0017896311
0.0017896311
0.0017896311
0.0017896311
0.0021023016
0.0017896311
0.0017896311
0.0014769606
0.0014769606
0.0017896311
0.0014769606
0.0021023016
0.0017896311
0.0017896311
0.0021023016
0.0021023016
0.0014769606
0.0017896311
0.0017896311
0.0014769606
0.0017896311
0.0021023016
0.0014769606
0.0021023016
0.0017896311
0.0021023016
0.0017896311
0.0014769606
0.0021023016
0.0021023016
0.0017896311
0.0017896311
0.0014769606
0.0017896311
0.0017896311
0.0017896311
0.0011642902
0.0017896311
0.0017896311
0.0021023016
0.0014769606
0.0017896311
0.0017896311
0.0017896311
0.0021023016
0.0014769606
0.0017896311
0.0021023016
0.0017896311
0.0017896311
0.0017896311
0.0014769606
0.0021023016
0.0014769606
0.0017896311
0.0021023016
0.0014769606
0.0017896311
0.0017896311
0.0021023016
0.0014769606
0.0021023016
0.0021023016
0.0021023016
0.0017896311
0.0014769606
0.0021023016
0.0017896311
0.0017896311
0.0014769606
0.0021023016
0.0021023016
0.0021023016
0.0014769606
0.0017896311
0.0014769606
0.0017896311
0.0021023016
0.0021023016
0.0021023016
0.0017896311
0.0021023016
0.0014769606
0.0017896311
0.0017896311
0.0014769606
0.0014769606
0.0021023016
0.0014769606
0.0017896311
0.0011642902
0.0017896311
0.0017896311
0.0017896311
0.0017896311
0.0017896311
0.0014769606
0.0017896311
0.0021023016
0.0017896311
0.0021023016
0.0017896311
0.0021023016
0.0017896311
0.0024149720
0.0017896311
0.0014769606
0.0017896311
0.0021023016
0.0021023016
0.0017896311
0.0021023016
0.0014769606
0.0021023016
0.0017896311
0.0021023016
0.0017896311
0.0021023016
0.0017896311
0.0014769606
0.0021023016
0.0021023016
0.0017896311
0.0014769606
0.0014769606
0.0021023016
0.0021023016
0.0017896311
0.0014769606
0.0021023016
0.0021023016
0.0017896311
0.0017896311
0.0021023016
0.0021023016
0.0017896311
0.0017896311
0.0017896311
0.0017896311
0.0014769606
0.0014769606
0.0017896311
0.0014769606
0.0017896311
0.0017896311
0.0017896311
0.0017896311
0.0021023016
0.0017896311
0.0017896311
0.0017896311
0.0017896311
0.0017896311
0.0021023016
0.0021023016
0.0017896311
0.0017896311
0.0014769606
0.0014769606
0.0017896311
0.0017896311
0.0017896311
0.0021023016
0.0017896311
0.0017896311
0.0017896311
0.0021023016
0.0021023016
0.0017896311
0.0021023016
0.0017896311
0.0021023016
0.0017896311
0.0021023016
0.0021023016
0.0017896311
0.0024149720
0.0021023016
0.0017896311
0.0017896311
0.0021023016
0.0014769606
0.0021023016
0.0017896311
0.0017896311
0.0017896311
0.0021023016
0.0017896311
0.0021023016
0.0017896311
0.0014769606
0.0021023016
0.0021023016
0.0021023016
0.0021023016
0.0017896311
0.0017896311
0.0021023016
0.0014769606
0.0017896311
0.0021023016
0.0017896311
0.0017896311
0.0017896311
0.0017896311
0.0024149720
0.0014769606
0.0014769606
0.0017896311
0.0017896311
0.0021023016
0.0021023016
0.0021023016
0.0021023016
0.0014769606
0.0017896311
0.0021023016
0.0021023016
0.0017896311
0.0021023016
0.0017896311
0.0017896311
0.0017896311
0.0017896311
0.0017896311
0.0021023016
0.0014769606
0.0017896311
0.0021023016
0.0017896311
0.0017896311
0.0021023016
0.0017896311
0.0017896311
0.0021023016
0.0011642902
0.0017896311
0.0014769606
0.0017896311
0.0021023016
0.0021023016
0.0017896311
0.0021023016
0.0017896311
0.0017896311
0.0017896311
0.0021023016
0.0021023016
0.0021023016
0.0021023016
0.0014769606
0.0017896311
0.0017896311
0.0014769606
0.0021023016
0.0017896311
0.0014769606
0.0017896311
0.0014769606
0.0017896311
0.0021023016
0.0017896311
0.0014769606
0.0014769606
0.0021023016
0.0014769606
0.0014769606
0.0017896311
0.0017896311
0.0017896311
0.0017896311
0.0014769606
0.0017896311
0.0021023016
0.0014769606
0.0017896311
0.0017896311
0.0024149720
0.0017896311
0.0017896311
0.0017896311
0.0014769606
0.0021023016
0.0017896311
0.0017896311
0.0021023016
0.0024149720
0.0017896311
0.0017896311
0.0017896311
0.0017896311
0.0017896311
0.0017896311
0.0017896311
0.0017896311
0.0014769606
0.0021023016
0.0017896311
0.0021023016
0.0017896311
0.0017896311
0.0017896311
0.0017896311
0.0021023016
0.0017896311
0.0021023016
0.0017896311
0.0014769606
0.0021023016
0.0017896311
0.0017896311
0.0021023016
0.0017896311
0.0014769606
0.0021023016
0.0017896311
0.0021023016
0.0014769606
0.0017896311
0.0014769606
0.0021023016
0.0017896311
0.0017896311
0.0014769606
0.0021023016
0.0014769606
0.0021023016
0.0017896311
0.0017896311
0.0014769606
0.0021023016
0.0017896311
0.0021023016
0.0017896311
0.0021023016
0.0021023016
0.0024149720
0.0017896311
0.0017896311
0.0017896311
0.0017896311
0.0014769606
0.0021023016
0.0017896311
0.0021023016
0.0014769606
0.0017896311
0.0021023016
0.0017896311
0.0021023016
0.0017896311
0.0017896311
0.0017896311
0.0014769606
0.0017896311
0.0021023016
0.0017896311
0.0017896311
0.0017896311
0.0014769606
0.0021023016
0.0021023016
0.0017896311
0.0024149720
0.0017896311
0.0021023016
0.0017896311
0.0021023016
0.0017896311
0.0017896311
0.0017896311
0.0017896311
0.0021023016
0.0017896311
0.0017896311
0.0021023016
0.0017896311
0.0014769606
0.0017896311
0.0021023016
0.0014769606
0.0021023016
0.0014769606
0.0017896311
0.0017896311
0.0021023016
0.0017896311
0.0014769606
0.0017896311
0.0017896311
0.0021023016
0.0021023016
0.0021023016
0.0021023016
0.0021023016
0.0014769606
0.0017896311
0.0021023016
0.0017896311
0.0021023016
0.0017896311
0.0017896311
0.0017896311
0.0021023016
0.0021023016
0.0021023016
0.0021023016
0.0021023016
0.0014769606
0.0014769606
0.0021023016
0.0024149720
0.0017896311
0.0014769606
0.0017896311
0.0021023016
0.0017896311
0.0017896311
0.0021023016
0.0021023016
0.0021023016
0.0017896311
0.0017896311
0.0021023016
0.0021023016
0.0017896311
0.0021023016
0.0017896311
0.0021023016
0.0024149720
0.0021023016
0.0017896311
0.0024149720
0.0021023016
0.0017896311
0.0021023016
0.0021023016
0.0014769606
0.0017896311
0.0021023016
0.0014769606
0.0021023016
0.0021023016
0.0021023016
0.0017896311
0.0017896311
0.0021023016
0.0021023016
0.0024149720
0.0017896311
0.0021023016
0.0021023016
0.0021023016
0.0017896311
0.0021023016
0.0017896311
0.0021023016
0.0017896311
0.0017896311
0.0021023016
0.0017896311
0.0017896311
0.0017896311
0.0017896311
0.0017896311
0.0021023016
0.0021023016
0.0017896311
0.0017896311
0.0021023016
0.0014769606
0.0021023016
0.0017896311
0.0021023016
0.0017896311
0.0021023016
0.0024149720
0.0017896311
0.0017896311
0.0021023016
0.0021023016
0.0021023016
0.0021023016
0.0017896311
0.0017896311
0.0021023016
0.0021023016
0.0017896311
0.0021023016
0.0021023016
0.0017896311
0.0021023016
0.0017896311
0.0017896311
0.0024149720
0.0017896311
0.0017896311
0.0021023016
0.0017896311
0.0024149720
0.0021023016
0.0021023016
0.0021023016
0.0024149720
0.0017896311
0.0021023016
0.0017896311
0.0021023016
0.0021023016
0.0021023016
0.0021023016
0.0021023016
0.0024149720
0.0017896311
0.0021023016
0.0017896311
0.0021023016
0.0014769606
0.0014769606
0.0017896311
0.0017896311
0.0017896311
0.0021023016
0.0024149720
0.0021023016
0.0021023016
0.0021023016
0.0024149720
0.0024149720
0.0024149720
0.0017896311
0.0024149720
0.0017896311
0.0021023016
0.0021023016
0.0021023016
0.0021023016
0.0021023016
0.0017896311
0.0024149720
0.0021023016
0.0021023016
0.0017896311
0.0017896311
0.0021023016
0.0021023016
0.0017896311
0.0021023016
0.0021023016
0.0017896311
0.0024149720
0.0021023016
0.0021023016
0.0021023016
0.0021023016
0.0021023016
0.0021023016
0.0024149720
0.0017896311
0.0021023016
0.0024149720
0.0021023016
0.0021023016
0.0021023016
0.0024149720
0.0021023016
0.0024149720
0.0017896311
0.0027276425
0.0017896311
0.0017896311
0.0024149720
0.0021023016
0.0017896311
0.0024149720
0.0017896311
0.0021023016
0.0014769606
0.0021023016
0.0021023016
0.0024149720
0.0021023016
0.0021023016
0.0021023016
0.0024149720
0.0027276425
0.0024149720
0.0021023016
0.0021023016
0.0021023016
0.0021023016
0.0024149720
0.0021023016
0.0021023016
0.0017896311
0.0024149720
0.0017896311
0.0027276425
0.0021023016
0.0021023016
0.0021023016
0.0024149720
0.0021023016
0.0021023016
0.0021023016
0.0021023016
0.0024149720
0.0021023016
0.0024149720
0.0017896311
0.0021023016
0.0021023016
0.0017896311
0.0021023016
0.0017896311
0.0017896311
0.0021023016
0.0021023016
0.0027276425
0.0021023016
0.0021023016
0.0021023016
0.0021023016
0.0021023016
0.0017896311
0.0021023016
0.0021023016
0.0021023016
0.0024149720
0.0021023016
0.0017896311
0.0021023016
0.0021023016
0.0021023016
0.0017896311
0.0024149720
0.0027276425
0.0021023016
0.0021023016
0.0021023016
0.0024149720
0.0021023016
0.0021023016
0.0021023016
0.0024149720
0.0024149720
0.0021023016
0.0017896311
0.0021023016
0.0021023016
0.0021023016
0.0024149720
0.0021023016
0.0021023016
0.0021023016
0.0021023016
0.0021023016
0.0017896311
0.0027276425
0.0021023016
0.0021023016
0.0017896311
0.0021023016
0.0021023016
0.0021023016
0.0021023016
0.0021023016
0.0021023016
0.0021023016
0.0021023016
0.0021023016
0.0021023016
0.0021023016
0.0024149720
0.0021023016
0.0021023016
0.0024149720
0.0027276425
0.0024149720
0.0024149720
0.0024149720
0.0027276425
0.0021023016
0.0021023016
0.0017896311
0.0024149720
0.0021023016
0.0021023016
0.0017896311
0.0021023016
0.0017896311
0.0024149720
0.0017896311
0.0021023016
0.0021023016
0.0021023016
0.0027276425
0.0017896311
0.0021023016
0.0024149720
0.0021023016
0.0024149720
0.0027276425
0.0024149720
0.0027276425
0.0027276425
0.0030403130
0.0027276425
0.0027276425
0.0024149720
0.0027276425
0.0030403130
0.0024149720
0.0024149720
0.0021023016
0.0027276425
0.0027276425
0.0024149720
0.0024149720
0.0027276425
0.0027276425
0.0027276425
0.0024149720
0.0021023016
0.0024149720
0.0024149720
0.0021023016
0.0017896311
0.0021023016
0.0024149720
0.0024149720
0.0024149720
0.0027276425
0.0027276425
0.0021023016
0.0021023016
0.0027276425
0.0027276425
0.0024149720
0.0024149720
0.0021023016
0.0024149720
0.0021023016
0.0024149720
0.0024149720
0.0027276425
0.0027276425
0.0024149720
0.0030403130
0.0030403130
0.0027276425
0.0021023016
0.0024149720
0.0027276425
0.0021023016
0.0021023016
0.0024149720
0.0024149720
0.0021023016
0.0030403130
0.0027276425
0.0024149720
0.0021023016
0.0027276425
0.0027276425
0.0030403130
0.0033529834
0.0027276425
0.0027276425
0.0027276425
0.0021023016
0.0027276425
0.0030403130
0.0027276425
0.0024149720
0.0027276425
0.0027276425
0.0030403130
0.0030403130
0.0030403130
0.0033529834
0.0033529834
0.0033529834
0.0030403130
0.0033529834
0.0039783244
0.0030403130
0.0033529834
0.0030403130
0.0036656539
0.0030403130
0.0030403130
0.0024149720
0.0030403130
0.0024149720
0.0027276425
0.0027276425
0.0024149720
0.0021023016
0.0021023016
0.0027276425
0.0024149720
0.0021023016
0.0027276425
0.0027276425
0.0027276425
0.0030403130
0.0030403130
0.0024149720
0.0024149720
0.0024149720
0.0027276425
0.0027276425
0.0024149720
0.0027276425
0.0021023016
0.0027276425
0.0024149720
0.0024149720
0.0033529834
0.0036656539
0.0042909949
0.0042909949
0.0042909949
0.0036656539
0.0036656539
0.0027276425
0.0027276425
0.0024149720
0.0027276425
0.0027276425
0.0024149720
0.0027276425
0.0021023016
0.0024149720
0.0024149720
0.0027276425
0.0024149720
0.0027276425
0.0036656539
0.0039783244
0.0046036653
0.0046036653
0.0049163358
0.0046036653
0.0042909949
0.0039783244
0.0033529834
0.0030403130
0.0030403130
0.0030403130
0.0024149720
0.0024149720
0.0021023016
0.0024149720
0.0024149720
0.0027276425
0.0030403130
0.0033529834
0.0027276425
0.0033529834
0.0033529834
0.0027276425
0.0033529834
0.0030403130
0.0030403130
0.0030403130
0.0027276425
0.0027276425
0.0030403130
0.0027276425
0.0030403130
0.0030403130
0.0027276425
0.0027276425
0.0030403130
0.0030403130
0.0027276425
0.0033529834
0.0033529834
0.0033529834
0.0036656539
0.0036656539
0.0033529834
0.0030403130
0.0036656539
0.0036656539
0.0033529834
0.0030403130
0.0033529834
0.0036656539
0.0030403130
0.0027276425
0.0033529834
0.0033529834
0.0030403130
0.0033529834
0.0027276425
0.0027276425
0.0036656539
0.0036656539
0.0036656539
0.0030403130
0.0033529834
0.0039783244
0.0036656539
0.0036656539
0.0039783244
0.0036656539
0.0036656539
0.0030403130
0.0033529834
0.0033529834
0.0030403130
0.0036656539
0.0027276425
0.0030403130
0.0027276425
0.0033529834
0.0030403130
0.0033529834
0.0036656539
0.0039783244
0.0033529834
0.0039783244
0.0036656539
0.0046036653
0.0046036653
0.0049163358
0.0052290063
0.0049163358
0.0046036653
0.0042909949
0.0039783244
0.0042909949
0.0039783244
0.0033529834
0.0039783244
0.0039783244
0.0033529834
0.0042909949
0.0039783244
0.0042909949
0.0042909949
0.0042909949
0.0042909949
0.0042909949
0.0039783244
0.0036656539
0.0036656539
0.0036656539
0.0036656539
0.0033529834
0.0039783244
0.0036656539
0.0036656539
0.0033529834
0.0033529834
0.0027276425
0.0036656539
0.0036656539
0.0036656539
0.0036656539
0.0036656539
0.0036656539
0.0036656539
0.0039783244
0.0033529834
0.0036656539
0.0036656539
0.0036656539
0.0033529834
0.0033529834
0.0033529834
0.0027276425
0.0030403130
0.0033529834
0.0036656539
0.0036656539
0.0039783244
0.0039783244
0.0036656539
0.0042909949
0.0042909949
0.0039783244
0.0046036653
0.0046036653
0.0046036653
0.0042909949
0.0039783244
0.0046036653
0.0036656539
0.0039783244
0.0042909949
0.0042909949
0.0042909949
0.0042909949
0.0042909949
0.0042909949
0.0049163358
0.0052290063
0.0046036653
0.0049163358
0.0049163358
0.0049163358
0.0052290063
0.0046036653
0.0046036653
0.0046036653
0.0039783244
0.0049163358
0.0049163358
0.0052290063
0.0049163358
0.0049163358
0.0046036653
0.0046036653
0.0046036653
0.0046036653
0.0049163358
0.0049163358
0.0046036653
0.0042909949
0.0042909949
0.0042909949
0.0049163358
0.0046036653
0.0049163358
0.0046036653
0.0049163358
0.0046036653
0.0052290063
0.0052290063
0.0052290063
0.0055416767
0.0055416767
0.0061670177
0.0061670177
0.0058543472
0.0058543472
0.0052290063
0.0052290063
0.0046036653
0.0046036653
0.0039783244
0.0042909949
0.0039783244
0.0039783244
0.0042909949
0.0039783244
0.0042909949
0.0046036653
0.0052290063
0.0055416767
0.0058543472
0.0064796881
0.0067923586
0.0071050291
0.0074176995
0.0071050291
0.0067923586
0.0061670177
0.0052290063
0.0049163358
0.0049163358
0.0046036653
0.0042909949
0.0042909949
0.0039783244
0.0039783244
0.0039783244
0.0042909949
0.0039783244
0.0046036653
0.0049163358
0.0052290063
0.0058543472
0.0061670177
0.0058543472
0.0052290063
0.0052290063
0.0052290063
0.0042909949
0.0049163358
0.0042909949
0.0042909949
0.0046036653
0.0052290063
0.0046036653
0.0046036653
0.0049163358
0.0052290063
0.0049163358
0.0055416767
0.0052290063
0.0058543472
0.0058543472
0.0064796881
0.0061670177
0.0061670177
0.0064796881
0.0064796881
0.0064796881
0.0067923586
0.0067923586
0.0071050291
0.0067923586
0.0061670177
0.0058543472
0.0064796881
0.0064796881
0.0067923586
0.0061670177
0.0061670177
0.0052290063
0.0046036653
0.0046036653
0.0046036653
0.0042909949
0.0055416767
0.0055416767
0.0061670177
0.0064796881
0.0052290063
0.0058543472
0.0049163358
0.0049163358
0.0049163358
0.0042909949
0.0052290063
0.0049163358
0.0058543472
0.0061670177
0.0058543472
0.0064796881
0.0071050291
0.0074176995
0.0064796881
0.0067923586
0.0058543472
0.0064796881
0.0067923586
0.0074176995
0.0074176995
0.0077303700
0.0074176995
0.0071050291
0.0064796881
0.0061670177
0.0058543472
0.0058543472
0.0061670177
0.0064796881
0.0064796881
0.0067923586
0.0067923586
0.0064796881
0.0064796881
0.0058543472
0.0061670177
0.0064796881
0.0067923586
0.0064796881
0.0067923586
0.0071050291
0.0067923586
0.0067923586
0.0061670177
0.0067923586
0.0071050291
0.0074176995
0.0080430405
0.0080430405
0.0083557110
0.0086683814
0.0086683814
0.0083557110
0.0083557110
0.0080430405
0.0077303700
0.0083557110
0.0080430405
0.0083557110
0.0086683814
0.0083557110
0.0086683814
0.0086683814
0.0077303700
0.0064796881
0.0064796881
0.0061670177
0.0055416767
0.0058543472
0.0049163358
0.0055416767
0.0055416767
0.0052290063
0.0058543472
0.0064796881
0.0071050291
0.0080430405
0.0086683814
0.0096063928
0.0102317338
0.0105444042
0.0099190633
0.0092937224
0.0089810519
0.0092937224
0.0092937224
0.0089810519
0.0086683814
0.0080430405
0.0071050291
0.0067923586
0.0064796881
0.0074176995
0.0071050291
0.0080430405
0.0096063928
0.0096063928
0.0089810519
0.0083557110
0.0077303700
0.0080430405
0.0071050291
0.0077303700
0.0083557110
0.0086683814
0.0096063928
0.0096063928
0.0096063928
0.0092937224
0.0089810519
0.0089810519
0.0086683814
0.0083557110
0.0086683814
0.0086683814
0.0083557110
0.0074176995
0.0067923586
0.0058543472
0.0052290063
0.0046036653
0.0049163358
0.0046036653
0.0046036653
0.0049163358
0.0064796881
0.0077303700
0.0089810519
0.0099190633
0.0114824157
0.0127330975
0.0142964499
0.0149217908
0.0149217908
0.0139837794
0.0130457680
0.0114824157
0.0096063928
0.0074176995
0.0064796881
0.0055416767
0.0052290063
0.0055416767
0.0055416767
0.0064796881
0.0067923586
0.0064796881
0.0071050291
0.0061670177
0.0061670177
0.0058543472
0.0061670177
0.0071050291
0.0074176995
0.0083557110
0.0080430405
0.0083557110
0.0086683814
0.0092937224
0.0092937224
0.0099190633
0.0102317338
0.0099190633
0.0102317338
0.0105444042
0.0108570747
0.0102317338
0.0108570747
0.0111697452
0.0117950861
0.0121077566
0.0127330975
0.0130457680
0.0127330975
0.0121077566
0.0114824157
0.0111697452
0.0114824157
0.0108570747
0.0102317338
0.0086683814
0.0080430405
0.0077303700
0.0074176995
0.0067923586
0.0067923586
0.0074176995
0.0074176995
0.0071050291
0.0080430405
0.0083557110
0.0096063928
0.0108570747
0.0117950861
0.0117950861
0.0127330975
0.0124204271
0.0124204271
0.0124204271
0.0124204271
0.0124204271
0.0121077566
0.0130457680
0.0130457680
0.0133584385
0.0127330975
0.0111697452
0.0092937224
0.0083557110
0.0077303700
0.0074176995
0.0083557110
0.0089810519
0.0092937224
0.0096063928
0.0099190633
0.0099190633
0.0096063928
0.0105444042
0.0108570747
0.0114824157
0.0114824157
0.0117950861
0.0124204271
0.0124204271
0.0124204271
0.0121077566
0.0114824157
0.0108570747
0.0105444042
0.0099190633
0.0092937224
0.0089810519
0.0092937224
0.0096063928
0.0099190633
0.0102317338
0.0105444042
0.0108570747
0.0121077566
0.0127330975
0.0130457680
0.0136711089
0.0133584385
0.0139837794
0.0139837794
0.0139837794
0.0139837794
0.0146091204
0.0146091204
0.0149217908
0.0155471318
0.0161724727
0.0155471318
0.0149217908
0.0142964499
0.0124204271
0.0117950861
0.0108570747
0.0108570747
0.0105444042
0.0102317338
0.0099190633
0.0102317338
0.0105444042
0.0102317338
0.0105444042
0.0108570747
0.0105444042
0.0108570747
0.0111697452
0.0114824157
0.0121077566
0.0117950861
0.0127330975
0.0114824157
0.0105444042
0.0092937224
0.0080430405
0.0080430405
0.0074176995
0.0074176995
0.0083557110
0.0083557110
0.0092937224
0.0102317338
0.0117950861
0.0133584385
0.0136711089
0.0139837794
0.0139837794
0.0142964499
0.0139837794
0.0136711089
0.0133584385
0.0133584385
0.0127330975
0.0133584385
0.0127330975
0.0117950861
0.0108570747
0.0102317338
0.0102317338
0.0108570747
0.0111697452
0.0127330975
0.0139837794
0.0146091204
0.0146091204
0.0136711089
0.0133584385
0.0124204271
0.0117950861
0.0114824157
0.0111697452
0.0117950861
0.0114824157
0.0127330975
0.0127330975
0.0127330975
0.0121077566
0.0121077566
0.0127330975
0.0139837794
0.0149217908
0.0158598022
0.0164851432
0.0164851432
0.0152344613
0.0142964499
0.0130457680
0.0124204271
0.0114824157
0.0108570747
0.0111697452
0.0105444042
0.0114824157
0.0117950861
0.0114824157
0.0124204271
0.0136711089
0.0136711089
0.0149217908
0.0155471318
0.0158598022
0.0158598022
0.0161724727
0.0161724727
0.0158598022
0.0155471318
0.0152344613
0.0152344613
0.0152344613
0.0152344613
0.0149217908
0.0146091204
0.0142964499
0.0136711089
0.0136711089
0.0139837794
0.0142964499
0.0146091204
0.0158598022
0.0152344613
0.0152344613
0.0149217908
0.0149217908
0.0146091204
0.0139837794
0.0146091204
0.0152344613
0.0152344613
0.0155471318
0.0164851432
0.0167978137
0.0161724727
0.0161724727
0.0155471318
0.0142964499
0.0142964499
0.0130457680
0.0124204271
0.0121077566
0.0117950861
0.0121077566
0.0121077566
0.0124204271
0.0130457680
0.0133584385
0.0146091204
0.0161724727
0.0171104841
0.0177358251
0.0177358251
0.0183611660
0.0180484955
0.0180484955
0.0180484955
0.0177358251
0.0174231546
0.0171104841
0.0180484955
0.0174231546
0.0167978137
0.0161724727
0.0158598022
0.0149217908
0.0149217908
0.0146091204
0.0155471318
0.0158598022
0.0158598022
0.0164851432
0.0164851432
0.0167978137
0.0164851432
0.0171104841
0.0171104841
0.0177358251
0.0180484955
0.0186738365
0.0189865070
0.0196118479
0.0189865070
0.0189865070
0.0183611660
0.0177358251
0.0171104841
0.0161724727
0.0152344613
0.0149217908
0.0152344613
0.0152344613
0.0152344613
0.0149217908
0.0155471318
0.0158598022
0.0164851432
0.0171104841
0.0174231546
0.0171104841
0.0167978137
0.0164851432
0.0155471318
0.0149217908
0.0139837794
0.0139837794
0.0136711089
0.0136711089
0.0136711089
0.0139837794
0.0146091204
0.0152344613
0.0158598022
0.0161724727
0.0167978137
0.0167978137
0.0171104841
0.0177358251
0.0192991774
0.0202371888
0.0202371888
0.0199245184
0.0192991774
0.0177358251
0.0167978137
0.0164851432
0.0161724727
0.0158598022
0.0149217908
0.0146091204
0.0146091204
0.0146091204
0.0149217908
0.0158598022
0.0161724727
0.0171104841
0.0177358251
0.0183611660
0.0183611660
0.0183611660
0.0180484955
0.0177358251
0.0177358251
0.0177358251
0.0183611660
0.0189865070
0.0202371888
0.0199245184
0.0186738365
0.0183611660
0.0171104841
0.0164851432
0.0167978137
0.0174231546
0.0174231546
0.0180484955
0.0180484955
0.0177358251
0.0171104841
0.0171104841
0.0167978137
0.0171104841
0.0164851432
0.0177358251
0.0183611660
0.0196118479
0.0211752003
0.0221132117
0.0227385526
0.0230512231
0.0221132117
0.0211752003
0.0196118479
0.0189865070
0.0186738365
0.0186738365
0.0192991774
0.0196118479
0.0186738365
0.0186738365
0.0186738365
0.0180484955
0.0174231546
0.0171104841
0.0164851432
0.0164851432
0.0167978137
0.0180484955
0.0183611660
0.0192991774
0.0192991774
0.0186738365
0.0180484955
0.0174231546
0.0180484955
0.0192991774
0.0199245184
0.0211752003
0.0221132117
0.0227385526
0.0230512231
0.0233638936
0.0243019050
0.0246145754
0.0243019050
0.0239892345
0.0230512231
0.0218005412
0.0211752003
0.0205498593
0.0196118479
0.0183611660
0.0177358251
0.0177358251
0.0174231546
0.0164851432
0.0164851432
0.0164851432
0.0161724727
0.0158598022
0.0167978137
0.0174231546
0.0186738365
0.0186738365
0.0180484955
0.0174231546
0.0167978137
0.0164851432
0.0171104841
0.0177358251
0.0186738365
0.0202371888
0.0205498593
0.0208625298
0.0211752003
0.0211752003
0.0211752003
0.0211752003
0.0214878707
0.0218005412
0.0230512231
0.0239892345
0.0261779278
0.0280539506
0.0289919621
0.0296173030
0.0283666211
0.0261779278
0.0246145754
0.0224258821
0.0208625298
0.0205498593
0.0202371888
0.0192991774
0.0196118479
0.0196118479
0.0199245184
0.0199245184
0.0196118479
0.0199245184
0.0202371888
0.0208625298
0.0218005412
0.0221132117
0.0227385526
0.0224258821
0.0214878707
0.0211752003
0.0208625298
0.0205498593
0.0205498593
0.0205498593
0.0202371888
0.0196118479
0.0186738365
0.0177358251
0.0174231546
0.0171104841
0.0171104841
0.0183611660
0.0189865070
0.0196118479
0.0202371888
0.0199245184
0.0189865070
0.0186738365
0.0171104841
0.0171104841
0.0174231546
0.0186738365
0.0196118479
0.0211752003
0.0218005412
0.0221132117
0.0221132117
0.0218005412
0.0208625298
0.0211752003
0.0214878707
0.0224258821
0.0233638936
0.0239892345
0.0246145754
0.0258652573
0.0261779278
0.0255525869
0.0249272459
0.0243019050
0.0236765640
0.0230512231
0.0221132117
0.0214878707
0.0208625298
0.0205498593
0.0199245184
0.0202371888
0.0208625298
0.0221132117
0.0239892345
0.0252399164
0.0249272459
0.0230512231
0.0205498593
0.0183611660
0.0174231546
0.0174231546
0.0183611660
0.0196118479
0.0211752003
0.0218005412
0.0227385526
0.0249272459
0.0255525869
0.0243019050
0.0233638936
0.0236765640
0.0252399164
0.0255525869
0.0246145754
0.0239892345
0.0233638936
0.0221132117
0.0224258821
0.0205498593
0.0196118479
0.0196118479
0.0202371888
0.0214878707
0.0230512231
0.0252399164
0.0271159392
0.0283666211
0.0280539506
0.0274286097
0.0264905983
0.0252399164
0.0243019050
0.0243019050
0.0236765640
0.0239892345
0.0227385526
0.0221132117
0.0218005412
0.0214878707
0.0221132117
0.0227385526
0.0233638936
0.0227385526
0.0214878707
0.0208625298
0.0211752003
0.0218005412
